NA,-0.0758552500149441,-0.0485489364808727,0.318447494006641,-0.140473143855008,0.49385401906335,-0.0656104285220325,-0.0649276339862236,0.429045666188576,0.046220996325703,-0.10651229469078,0.370635239270985,0.250390868859672,0.162411610880263,-0.363870577974025,-0.002876968125992,-0.287869223539137,0.279324899641231,0.0355038719147339,0.0579968833182556,-0.174359487996838,-0.490804884824376,-0.121110917252785,0.156741837508012,0.42358661505968,0.554940214571972,-0.292746559322039,-0.286941987190097,0.214245205425057,-0.260775293960333,0.150568432746714,0.0598804875867352,0.221854316321979,-0.325721085738229,0.132612474227978,0.0519537512393724,-0.126188981664324,0.0237008211743878,-0.0262303212748812,-0.263855187574942,-0.398341271826725,-0.265382972129445,-0.248365101673071,0.678411530768028,0.0788036837760385,0.0929010761285469,0.184597334694627,-0.295715243669467,-0.458306270042549,-0.186536603121154,-0.282951292482859,-0.196053245405665,0.230146932944235,-0.311488296011933,-0.292564257498413,-0.221900790757483,0.105564261220276,-0.321172819135029,0.0757745611813859,-0.46705591397157,0.336585612242574,0.551127419515643,-0.484761215714512,-0.462525409591519,0.221927904390239,-0.128038739343961,0.0415074341135937,-0.100516078109799,-0.0599202699295197,0.264743698817316,0.0935785638524875,-0.394920547349701,0.00276161523566273,0.0644590813224126,0.379301425963393,-0.413844912476463,-0.142383475419237,-0.0283597877163885,0.0659008344304192,0.0526274391533429,-0.412101787084167,-0.839367323054857,-0.291810197529849,-0.433884004597732,0.370679073769793,0.544992857420536,-0.186527962291627,0.223415549294002,0.521762976880588,-0.0766756224141487,-0.41346459491177,0.00474510453825884,0.0979190070918518,0.627096108878303,0.921023033583839,0.203541520728353,-0.130180380764834,-0.0756823340963974,0.12918612535737,0.050924838315739,0.0301208137315261,0.00900095076278374,-0.322553961732398,-0.571260908739768,-0.547657081395466,-0.712216047778146,0.26988757945588,0.138936390628473,0.276845458644977,-0.407833130604815,-0.367012048711059,-0.412082599537875,0.25145670761196,0.65190773842075,0.164221772204142,0.72089083252782,0.37608717772084,0.134523344623307,0.493425208968223,0.25601202334684,-0.0147701245990153,0.073920295987489,0.0616169308613651,0.70378408830243,0.513302092102062,0.12376116291282,0.478041643438691,0.376873094348884,0.168194374360832,0.282501004510281,0.0857467305566426,-0.0532321073948506,0.0475260506394194,-0.0920841637546127,-0.0543252898425345,0.32502491598799,-0.0650540781973043,-0.240980225305623,0.0450811168581344,-0.165941481911778,-0.00643834797626502,0.066778186806622,0.297797135239074,0.402703140859038,0.709523471493251,0.715996357083173,0.187580018768225,0.525755421714062,0.533914257803798,0.825671102328385,0.720683998467217,0.371156818339511,-0.223595316782795,0.430364044361215,-0.404192982734875,0.473040901782171,0.253806240609007,0.00300824623139686,0.0225630424536665,-0.201378576011787,0.213485593846492,1.07277217270344,-0.0945755943207445,0.0654148775361003,0.610091149506423,-0.086260812486925,-0.378487227534645,-0.401445413416956,0.150206732907971,0.262403003868779,0.108701836079341,-0.24454337250075,0.305379949895637,0.563571326537637,-0.344888812279992,-0.0227494755306228,0.141616301312614,0.175065973064596,-0.0012232049177495,-0.211974355644464,-0.118935708620706,0.125959126725602,-0.242556243180405,0.477341271755992,-0.227915718545018,0.622638915303154,-0.395709872247971,-0.287058703850016,0.0358243393276792,0.0465996054707947,0.288206045568735,0.0661780579087184,0.321608088126068,0.320082754979651,0.267079609469749,-0.541684561828087,-0.0634311043021065,-0.349551552655199,0.0444932027578496,0.252174110932258,0.355226705304193,0.0723263480291865,-0.172493366826591,-0.223339259680242,0.240263559980914,0.184145329784617,-0.495907859733683,-0.135148289209667,0.0715303115898027,-0.237305481670144,-0.159963622625952,0.40788421578249,0.344275648052384,0.361194911099501,-0.13687268339839,0.169887012603538,-0.0343175224832861,0.23014974526993,-0.477871097911549,0.541921805368196,0.275702775088585,0.452672815327904,-0.363857549345361,0.182777341668816,0.462558196497366,0.352724226149919,0.310633318519111,-0.0301080326653915,0.190021155997544,-0.0998477097295431,0.318299027726159,0.367275683743068,0.196419905460712,-0.0597164444296428,-0.33187774077609,-0.389946570879099,0.260059802440598,-0.0196410914503514,-0.110061007163438,-0.174395280331411,0.254713723378096,0.0554163751166381,-0.162496984172585,0.288737846355607,-0.704275164220632,-0.387161698382388,-0.263986293451805,-0.355110998239261,-0.122479729803876,-0.456736077585117,-0.254450812412933,-0.132678540808027,0.157015625655365,-0.105240804698827,-0.0554704785479814,-0.0716949045311021,-0.0713019472215039,-0.0335970848322137,0.314542586638549,-0.0925907598468654,0.051015879244225,-0.562704905071556,-0.0809401559596669,0.111499719302141,-0.152532543973319,0.0652077615687721,0.13439432903928,0.0757736347369128,-0.0868283046968185,0.21765542135209,-0.613940902080558,-0.458374460559856,-0.288107520861307,-0.451730723891768,-0.568830390864096,0.837442237325076,-0.304544130841315,0.590639350169631,0.440440636312249,-0.0329972534871222,0.679114682484945,-0.442152783019395,-0.134253330878499,-0.15106514165078,-0.193822848105328,0.153517101880417,0.430833326210327,0.501705973839013,0.33480126821808,0.58491533057298,0.336428987731896,0.256102174218224,-0.103343209138791,0.335586005728909,0.260136035582868,0.110866420251539,-0.168902819944749,0.0264039768983052,-0.0639199432786385,0.0450054395128384,-0.392498327767349,0.0815711253412663,-0.158365651506412,-0.035837985983548,-0.366348052396217,-0.306015441450864,-0.16365516820441,-0.200849653202928,-0.172383507193891,-0.0410021751865895,0.496035354680819,-0.128942490154333,0.133033444952263,-0.113837211738913,0.738042770036151,0.67159320460277,0.180002474908595,-0.57609090799579,0.396185775627783,-0.188041023082257,0.624633927953946,0.857607872998597,0.861640298214213,0.453732368284515,0.717553230657197,0.197835440021673,0.010063721442379,0.0160980888034674,0.0599130905558055,-0.106493874431134,0.521809939917232,0.22861755171769,0.00795389516301944,-0.328510574660152,-0.277564685854447,-0.102155517582295,-0.124060547175546,-0.34032229561984,-0.236017472126933,-0.23678786960076,-0.271057245084246,0.173704460678217,0.420692866287652,-0.0206132608149738,-0.0932263775891883,-0.267958869841852,-0.37592514727294,-0.0278208471819617,0.230363377518461,0.4215225456698,0.293255142015778,0.595395352000871,-0.31643909993289,-0.0281132213907444,0.0963806535801461,-0.0176636463162466,-0.235255439560033,-0.240386392697597,0.0232379563251875,0.298243349255078,-0.192071034282932,-0.0951861471599346,0.249048678885281,0.351654579285451,-0.315054881748085,-0.0440188685159502,0.00951477272542204,-0.0111358162763231,-0.198016662540987,-0.164384330355568,-0.239500832167904,-0.509666377282463,-0.0383347527578613,-0.111824044802048
-0.0758552500149441,NA,0.601020935491195,-0.128924355279319,0.292468146110674,-0.185863713854008,0.00586459946896144,0.724133232108496,-0.103106231942688,0.413329665730177,-0.0586146501160135,0.0870794055076078,0.448862362766167,0.25274812981477,-0.114901198001287,0.284652845668446,0.272955145906719,0.0183151848032861,-0.253473774239738,0.445493573307509,0.783329822296962,0.576537951045179,0.138959216510619,-0.292107348355756,-0.0715327059586415,-0.190332322668912,0.193950137443355,0.0368871730237211,-0.16377812831322,0.443357716142809,0.542758430459893,0.581576580006956,0.530952937405064,0.394434414733252,0.644414991689632,1.05124329615702,0.624384811157796,0.901613082729537,0.366231696670797,0.00720636310584253,0.479623015731884,0.11309168074695,-0.104399509546581,-0.0385144914650661,0.612490825900432,0.149960976429429,0.579012890633533,0.343725510774309,0.527854560931405,1.10707134845711,-0.0501318546453268,-0.122049017588278,0.325015634377684,0.670969690211998,0.521720634320436,0.622779473227476,0.861382733610744,0.742828517551399,0.248699241254539,0.0251208365221875,0.223956443905411,-0.111729480150093,-0.135193513142409,-0.141835433339872,0.373335777303385,0.388586018639951,0.328748562544052,0.395996644412439,0.30141785450369,0.303480478715535,0.0478506831593075,-0.0432461400456682,0.0630468658070113,-0.267665558956795,-0.25898109711711,0.131741004610934,0.564460556014023,-0.130022638556701,-0.38506141858405,-0.0699911145023566,0.22426276359749,-0.030023894355392,0.00728294805342142,-0.333009355716891,-0.489996999592355,-0.443623992358255,0.621397227267642,0.240681293223905,0.223871785367489,0.921037064031539,0.200876497808587,0.118287024468878,0.471194220148785,-0.260211010813568,-0.216716946285507,-0.17706643653378,0.0544069417116015,-0.213760736619008,0.645533577831458,0.0382292056402439,0.260646816042297,0.0362695865522365,0.358135846361822,0.432213937917866,0.213336055670642,0.0454859859603084,-0.237478049412677,0.122791089328965,-0.16746835851273,0.00841774709018792,0.245060703844345,-0.00981866124661971,-0.145962026705107,0.198407000434729,-0.0508891207355179,-0.286859301052904,-0.0266931600546993,-0.297597883119751,-0.150946982285736,-0.192750288950999,-0.103276558658229,-0.147679638336487,-0.0443436606634368,-0.0488962755955407,-0.0470764094506077,0.0826711610331908,0.0336051043951434,0.154004054861194,-0.116120778221261,0.062358719076564,0.511140433976632,0.344495915508059,-0.294124181766085,0.240858699811285,-0.0167446629118325,0.348220181162165,0.559836394170356,0.165404724436929,0.232715949610181,-0.57541444159801,-0.238131752789688,-0.0705411497318386,-0.0620234422211183,0.206099727146291,0.0237938233018045,0.00748792867561456,-0.145534523425526,-0.103176190881175,0.102348065147273,-0.0533998096239661,-0.196016456730839,-0.0589522437185462,0.188765365920407,-0.0432830533694345,0.203693431996415,-0.320844091702491,-0.19721698101738,-0.155510825232697,0.0645500442387469,0.272717832918607,0.330270617289314,-0.0617194136506944,1.06325746478164,0.258294959090147,-0.14586419686668,0.615725744384983,-0.306933082600888,-0.187837112870707,0.293521956135672,-0.224738283816254,0.310851222894867,-0.131881110544777,-0.0412019040074989,0.122798051942031,0.209825796566088,0.461550846408519,0.608123351691337,0.0823612515143315,-0.198803643353894,0.60397169008148,-0.0702302687690075,-0.239199016441296,-0.301372110669009,-0.159464750916151,0.467386605553962,-0.0358131374845681,0.140108260791331,0.276199138914439,0.526729929726329,0.746185729134169,0.484339593420109,-0.0929543346588196,0.626821768675751,0.268025733445629,0.437551751071057,0.352843707911804,0.672461897760498,0.427636678997344,-0.200322398710065,-0.315548807079671,0.578580431387636,0.179677161340536,0.644552160763286,0.128147603422231,0.332211441169944,0.0747909190125262,0.153385708291226,-0.222263171903641,0.544394206115593,0.660884473590277,0.343407640112745,0.28898118623274,0.666041087093013,0.563706662584193,0.506579562259808,0.76461858897092,0.808921686946442,0.420346458960613,-0.170254218172584,-0.347998664572097,-0.188183574938416,-0.456191350050745,0.593430903189263,0.224643776713572,0.151381391578998,0.261069716813919,0.344696998204568,0.413847956442928,-0.112876316626086,0.408885364351463,-0.0371409408122057,0.372577036407688,0.438248416865552,0.296973428184946,0.139091830022822,-0.402326685185443,-0.319040066649058,0.444021004593395,0.578207628987542,-0.256304760907002,-0.394600453144339,-0.475517514651687,-0.168785076045839,0.2870590555321,0.135086783555419,0.448866745227951,-0.229106042831113,-0.0299548126625211,0.00783458734008396,-0.291521181107833,0.562601467114425,0.557214899436875,0.0270762329251106,0.385858148843608,0.798936840369281,0.63743492952754,0.0809804593638253,0.28972957957135,-0.203992295456832,-0.391980684811114,-0.280547466254363,-0.0926166331205937,-0.170625388011548,0.780621094359219,0.43161790723501,0.0664551565315648,0.263798918260302,0.211802755203405,0.317517214109981,0.55755322508468,-0.0451583186634853,0.158944190595225,-0.291944255200157,0.0965399680589565,-0.078387236827972,-0.328355105714935,-0.176016703682416,-0.0767573471611179,-0.157469032079141,-0.341427327770249,-0.191014676865413,0.0234555469346568,-0.281324063871575,-0.336169698151927,-0.0999384321141028,0.0318701729241631,-0.346283377255911,-0.0765697641459678,-0.198557099229497,0.194090228749849,0.0492365705243433,0.0269514419422681,0.267641046270637,0.15666504804483,0.0567248438767332,-0.225294616553339,0.122350915061396,0.389992988036484,0.378769685509013,0.179614006123847,-0.0353363848729455,0.136130406913774,-0.0903154071671683,-0.0429728339052273,-0.219574178556778,-0.111250625934062,0.483679867904035,0.479416527138871,0.0352137335038259,0.517493243966267,0.283159922376824,0.288472078806375,-0.131638430246763,0.113053428063299,-0.175285197042816,-0.016882146987858,0.106034962866461,0.0242241374698175,-0.24961931941322,-0.182192278770682,-0.319388048084024,-0.0838821429135562,-0.162765909629454,-0.10111326262174,-0.0642786342372561,-0.223321757990494,-0.444365300109614,-0.63323465538279,0.295035171831404,0.248421371564331,-0.0490644482401908,-0.0414068609477921,0.0871019160549606,-0.190255859194862,-0.0483612167713406,-0.464208580503698,-0.444484656458311,-0.362157763245602,-0.39607883033967,-0.3222913320417,-0.417959223776341,0.267455745944678,0.148972512578094,-0.0595737600324838,0.109901315946212,-0.278222852860466,-0.45539434754197,-0.00673251500380529,-0.186154183711123,-0.179394693312249,-0.276598200284263,-0.246569391079395,-0.053874358797096,-0.0042132193867817,0.447527439768594,0.485189526369762,0.308086878863704,0.283242808561498,-0.176107292739938,-0.287953079469171,0.533620284741803,0.121778831459976,-0.0609628877795624,-0.175389564737449,-0.167888298623643,-0.0477617511391875,-0.329157092916136,-0.183441308814866,0.511461678689034,0.442492823669202,0.148290620884017,0.320300088805022,-0.230454711981946,-0.0721108847621334
-0.0485489364808727,0.601020935491195,NA,-0.275195241129262,0.24568004520295,-0.1771176275778,0.225868068683128,0.714427301418925,0.182462689225625,0.319317357314955,0.0383155442946382,-0.0287473233976784,0.502521777253466,0.464237071549869,-0.0555432050936513,0.363770482265803,0.514812580001394,-0.000380916771361209,-0.11981474802071,0.666622347400721,0.475935893350425,0.551875621787625,0.160947965985822,-0.174649648763796,-0.154940755438334,-0.33550292530793,0.0234373214151329,-0.172525044538412,-0.411383985458352,0.311703467912212,0.457662292813973,0.298500746668395,0.287857064450973,0.474282161475338,0.350568339842293,0.42651915534049,0.312479037763022,0.576673043443644,0.208436500695139,0.0889518520181051,0.4133983329094,0.400279397042844,0.0915834648983972,-0.101778649902419,0.486859526931519,0.321914852467825,0.413322421440648,0.0920869274361532,0.753558286208646,0.541329304971999,0.0606588940100544,-0.119739905356793,0.871929136643389,0.257444970800006,0.306933769737521,0.409929213131866,0.499007648778182,0.54139636550257,0.297257884810823,0.0331932150149727,0.132399170070067,-0.103798829979495,0.0221455030650094,-0.0332456334976196,0.553750363887884,0.701839416736164,0.294192787719798,0.605262707615051,0.380288855993541,0.313650499672216,-0.00180991131804958,-0.223381280441711,0.288841500698817,-0.210260730793613,-0.204853418860461,-0.0220257339200677,0.551189710673513,0.044543308286249,-0.217700279762215,-0.315277861341476,0.215959549383983,0.140301573861839,-0.149238189371479,-0.293911683909204,-0.398341518854292,-0.185306188865825,0.317817156086448,0.210207088268696,0.106993804871373,0.623830228827093,0.229723521489544,0.108174474424918,0.313232449710172,-0.205192658685632,-0.0434390669145306,0.0287957993729368,-0.159437238327199,-0.0856584477453968,0.417931516665012,-0.118238366548973,0.688764251485671,0.293483689622562,0.427416393886193,0.475318655340334,0.32195330165551,0.275516009052093,-0.0472616712394087,0.00628020458915972,0.0384010922833083,0.160080338233113,0.398759568965512,0.0721907713742042,-0.0620129786158884,0.174504129672086,-0.350455109652459,-0.388460970936544,-0.232184305256765,-0.429800969170777,-0.0774128227543852,-0.0156214851616328,-0.131672665801813,0.0590341104698203,0.0067852886963637,-0.0821880732842694,-0.0370694528530927,-0.0946308168048914,0.0640887571340322,0.150963575111728,0.0321114307019177,-0.028888453007233,0.602880604365544,0.369492950197671,-0.0693394497445649,0.171942771221982,-0.196788977053581,0.215514389747334,0.473524076852555,0.17946133519592,0.28270438089186,-0.588629029300869,-0.069066226245033,-0.006801697843851,-0.145571014746026,0.0840838626295486,-0.0178161555074561,-0.0611166667445363,-0.145136524697371,0.0351150995171649,0.0451270885385221,-0.210725274047313,-0.125946656002636,-0.366476435789004,0.261102619966486,0.0751297915877458,0.412658651164021,-0.110919821045788,-0.0229967975687947,-0.190931929558913,-0.266316515216972,0.332949440755222,0.27752819439907,-0.0527680732130264,0.619147418611674,0.883361192092032,-0.392803859903074,0.559516857011763,-0.102139456540347,-0.11757873043904,0.115965054022538,-0.333469962192985,0.441446924544615,0.0101709206961147,-0.170144404322756,0.195298898851427,0.320752510009123,0.609851577690528,0.723372772580151,-0.0600137450713996,0.078864519165664,0.38131671027346,-0.179067450949648,-0.324590882752974,-0.380249510427475,-0.461730899285239,0.339414053044379,-0.178336411770244,0.256588113514133,0.208185624035882,0.327738109130049,0.383052521384125,0.22753822840852,-0.105541741162899,0.357074475860154,-0.0101133020527513,0.226380790777515,0.340308219686521,1.03868707059412,0.386152833498716,-0.229970848503301,-0.159463437492158,0.654345861745245,0.377547448549862,0.397745593758102,0.29437887823962,0.219135747464065,0.0576999776526246,0.266133146679298,-0.0593838613892515,0.502728691740843,0.445289498047072,0.172482820965948,0.621243746332184,0.35334289337441,0.275347474560174,0.170097113153396,0.67983998814003,0.588844498959887,0.340365509959829,-0.126155780486706,-0.292605036166398,-0.190042185516264,-0.359704030431616,0.603039643014045,-0.0196221112010667,-0.0306115491498809,0.108666216542975,0.511291120901952,0.563022607934398,0.0209618031855912,0.491916737921009,0.0568034544156585,0.165470239545345,0.379582982952283,0.0650798114945344,0.0383059167372475,-0.212157484401011,-0.298429236283312,0.438781264936303,0.582927364338999,-0.03889216794614,-0.418811734420149,-0.417293086833291,-0.353245595886501,0.431294706290083,0.14522782821224,0.5890458617742,-0.256220264375019,-0.0512990093333944,-0.256257918146669,-0.344846263534599,0.449788651688804,0.412878596586446,0.104233653647555,0.243205254048687,0.697351868559495,0.580030091615358,0.0622799380001235,0.238832820532239,-0.0647731297496962,-0.187003815486377,-0.102147006568349,0.0242312138494018,-0.256133797548847,0.557657070288238,0.219641730867438,0.0185661751120838,0.126949838784748,0.815344662934722,0.640273089442137,0.42371878767563,0.173952444170647,0.0535897924339247,-0.259372369546525,0.226787115643198,-0.0591636386830295,-0.250934356224268,-0.0359431590402214,-0.11485711701725,-0.163036791399337,-0.272264943792023,-0.133965194039743,0.185542927804058,-0.415724809289329,-0.178098798525115,-0.257297869506287,-0.0555345238284715,-0.188976850462469,-0.0574231559181225,-0.160448645846485,-0.0240565948731267,-0.0891101970494075,-0.0227535082370365,0.212178265431455,0.168103130057003,0.198251815123858,-0.126819858814625,0.322353950860354,0.47819237330111,0.405577064380581,0.358236530945999,-0.0903317894644971,0.0709342745642913,0.298499324772456,-0.00993820156941934,-0.00676948586501288,-0.0821794694177123,0.446278414003155,0.306454285238315,0.0558280144498722,0.410908469147419,0.312041941225792,0.467180146812914,-0.0265324923365241,0.359599854547269,-0.281881403479839,-0.310164531798943,-0.287625567529315,0.235784590880332,-0.153166122924883,0.0573681172074265,-0.378150341201614,-0.237067318497812,-0.120798963912446,-0.486078676070544,-0.131270272246122,-0.341177475854068,-0.218602293003971,-0.324157478057908,0.0789648404754397,0.157185272172799,-0.133778328345599,-0.215308635595604,0.0514466772980234,-0.357353144680672,-0.265387101983408,-0.427160395355442,-0.2180269691015,0.00809491787545063,-0.0569406825209,-0.217775214736922,-0.02083262291992,0.23789113501979,0.317375185997929,0.0135808562293178,0.281281819040569,-0.111403045431872,-0.318328794489925,0.106383172259235,-0.179480753261092,-0.12375310218031,-0.369433781829468,-0.29751555782557,-0.0450192781910813,-0.064154897573696,0.254764043459235,0.357136848760089,0.506280763187568,0.635101067075149,-0.219811661174421,-0.194334376707508,0.683924885275985,0.217997957075325,-0.214316877600809,-0.235369773035634,-0.113680446950554,-0.0403395121280756,-0.204187719353909,-0.246595283961193,0.200827671413048,0.45507765261499,0.302942664671579,0.4318200383587,-0.270413032481835,0.115497460294184
0.318447494006641,-0.128924355279319,-0.275195241129262,NA,-0.208092577049045,0.460617553209505,-0.0890052253210571,-0.0504667920576407,0.197304400717791,0.00720147359250325,-0.0789949240996645,0.00223504705675829,-0.018136767756302,-0.0496648604208939,-0.150814759743756,-0.0468920614318022,-0.25471331686944,-0.143873235210951,0.0499381289236489,-0.0556118412994428,-0.0712758253150385,-0.0852335590639285,0.653870638426763,0.421698642618738,0.686830328188655,0.699515850571912,0.133765681781617,0.141663340618967,0.463047356304523,-0.125072752542291,0.22713318986015,0.481140028679372,0.361793516827794,-0.0012336242667547,0.217219812788606,0.187307082987562,0.184935724190638,0.0298571809764327,0.230950252670519,0.0248217173913683,-0.02961183558442,-0.337017283665701,0.0676554554020186,0.792920029981764,0.00367234514021954,0.318183678738791,0.344875292105694,-0.178938574327248,-0.255287408807937,-0.189373238208157,-0.0738397489587788,0.0760591001745567,-0.18104369947831,-0.202710792340909,-0.393282236058356,-0.259391056275118,-0.0529930833586151,-0.371562437409202,0.125437835215488,-0.166581632392585,0.104479438322637,0.29189105143286,0.134781097352691,0.262617002158885,-0.180064162185255,-0.335343834888468,-0.0945025875093514,-0.155041756525245,0.110687142069922,-0.00333668115094443,-0.294591566624898,-0.311842925072292,-0.108958068584611,0.399213426685053,0.815025422401149,-0.348516934427657,-0.136056200577895,0.456474436473769,0.697315477759102,0.625108222760561,-0.260701473945802,-0.341256542827099,-0.148518770019596,0.0285476957038768,0.288222681774626,0.546033057207847,-0.227887676457951,0.0440002872577077,-0.132353623215294,-0.0568001273674877,-0.500348477669414,-0.376391855145113,-0.198457113111363,0.224161032619928,0.236719043575922,-0.00833350433810373,-0.138816465520365,-0.0853088932690273,0.066868893137401,0.110917630642507,-0.362616323054166,-0.207850158614644,-0.181258274284168,-0.399774862852176,-0.244015231225032,-0.186651451124446,0.626388270536091,0.705989472011991,0.418543203136682,-0.33565174695835,-0.142559890286391,0.328223509215427,0.545921232048268,0.110669747415149,0.249020016378787,0.361079113311055,0.334785251601409,0.339013607696803,0.210890948284663,0.174944099667636,0.256114434996506,0.00374118894685941,0.371479538598625,0.132650052983059,0.0980239241899694,0.589417116324368,0.128989297434858,0.30729715885911,-0.155197622461385,-0.253494118828963,-0.129763888494713,0.065826376674835,-0.0985618372068185,-0.0689114666676232,-0.361166596726526,0.159114960890445,0.0293141408863529,-0.00518602490356849,-0.189499838226347,0.00733656153037684,-0.0444819828467566,-0.148458969643802,0.0116548752521625,-0.0934017549323186,0.802169728556423,0.744512787020782,0.739830361852185,0.327530069388146,0.638890769216468,0.794419037589908,0.311625242599815,0.392860068799975,-0.227591060742145,0.19126910019509,-0.30170247084793,0.433999123122684,0.437370687498744,0.475520191919703,0.00895446663135382,0.119631723940295,0.0223942415137838,-0.146800318437045,-0.126153446653497,-0.14682438131889,0.873053296736299,-0.17207595177912,-0.096692132983167,-0.0265173539543422,0.167395028641478,0.206370532185164,-0.0958643855330183,-0.399907094734321,-0.101713647878831,-0.178890282581647,-0.11215561070843,-0.0752224995918301,0.0949596405764263,-0.0572017603075804,-0.259131389121067,-0.0497738139313023,0.350663613872604,0.534510442263819,0.00535787304046336,0.375915001995338,-0.0230122229353313,0.403943526878291,-0.043008425621272,0.194281316941176,-0.399988131631952,0.285151592621305,0.356686696049244,0.375624059145504,0.236176327429936,0.519443576486125,0.226548300183654,0.0735190244891115,-0.183116981244062,-0.159807570387174,-0.140660599561189,0.0187715303619766,0.10386253892413,0.264890102664263,-0.0342588752002635,0.0201688035141587,0.183333833836044,0.40321601671489,-0.321191090358346,-0.323738160300245,-0.042839283691577,-0.148850327073301,-0.299797022543947,-0.0359423682772293,0.199373422560917,0.413166068318863,-0.0698214321820843,0.0601171350201124,-0.0506797290210039,-0.0188955476411805,-0.175584678121087,0.122175750033146,-0.0711649662195089,0.200789107647336,-0.191299875860632,0.0171783742203705,0.295582673246544,0.148937458925651,0.106729822298304,-0.250560371695739,-0.103190251633837,0.0830274021479587,-0.0417434306949222,0.22236401482815,0.170632294051029,0.107742079391462,-0.10260434650467,-0.140225222304949,0.407953745961291,-0.0505558504894159,-0.0372398691624541,0.281029347939321,0.42706410840577,0.196671210947119,0.0160728093819893,-0.000279975035268232,-0.207436448389293,-0.175932624948912,-0.0840012260329735,0.0284969760112114,0.154281616845492,0.144266617362589,-0.140178888521104,-0.268252357069448,-0.344481400535448,-0.317250927980226,-0.0421450271979154,-0.0946548081290215,-0.62378988194235,-0.273360206692859,-0.116156119326219,-0.0512194436925065,-0.130276694556715,-0.512289169391036,-0.0826802272669269,-0.054384716535268,-0.342758561474967,-0.159357556668283,-0.241964561821682,0.00550901180766468,-0.0514032576435521,0.102369835457948,-0.134499270664605,-0.266870865963728,-0.182561024111823,0.0554381226778582,-0.0351701188685359,0.225921155965079,-0.0666823652231306,0.0191513704262027,-0.0340924792800043,0.224998158224294,0.0941246334517297,-0.166028657862156,0.16310326402175,0.413159650503108,-0.0947105244872386,-0.000702395649843391,0.0890926295192424,0.0674368576765008,0.1745940775858,0.0706025054244252,0.380830798963905,-0.0289901678082145,-0.0726532374321926,-0.392495811197397,-0.0964183245796714,-0.0539327942572227,-0.194797947339146,-0.0917627331877234,-0.197095236810245,-0.287292039798302,0.236754393831932,-0.0359703636873046,-0.209407302708469,-0.0957190358261735,-0.158285040411765,-0.306940241702448,-0.154035632511309,-0.0109562560759809,-0.158114440375689,-0.1666603206189,-0.0963091064068658,-0.372014505476076,-0.186219715276874,-0.1135495801474,0.0231915776274048,0.480329969050792,0.941669473957632,-0.34857778991052,-0.166115929397158,-0.105711043361797,0.349970256023868,0.263366815595974,0.309425590577724,0.493755509266344,0.312186294870523,0.388386616363841,-0.194548676510825,0.0578765638165419,-0.0517474078577155,0.316895244135678,0.233357406096643,0.0900520899529719,-0.179762707484753,0.183491367217673,0.355279977074652,0.511153085265208,0.160329437168938,-0.140851832778549,-0.0230679093426812,0.103435131361468,-0.0169283589389559,-0.221989877238698,-0.314908788393112,-0.164765081408533,-0.209464662100717,0.089653721175168,0.00167685404130945,-0.332304230489371,0.161555405663345,0.445584785374191,0.23599654527942,0.559610801483201,-0.249530789761795,-0.215929100772952,-0.341092388319217,-0.166626050141043,-0.320167157201278,-0.196649278779077,-0.220166918722875,0.41223114156776,-0.165290719369764,0.0982574377480231,-0.229222675937305,0.0521557442819266,-0.253166119380198,0.0447452376761772,0.0832402901648015,-0.0880132342379179,-0.253367161759981,-0.150427941019972,0.0065106380937581,-0.205543087072677,-0.189639862709595,-0.050015378374819
-0.140473143855008,0.292468146110674,0.24568004520295,-0.208092577049045,NA,-0.151440219634604,0.401161210118723,0.466566453077238,-0.0128390308440343,-0.0851260786241971,0.410172631952181,0.0351159731934313,0.476724021959517,0.348158925916359,0.4911972595516,0.143234166521888,0.537197211176074,0.164261685191163,-0.245631469487259,0.420834639456805,0.0742971116704149,0.110735242755613,0.0614683216866359,0.166179788169591,-0.0587269237065475,-0.244042371747214,-0.0189529463519134,-0.0460767160647578,0.0544902985379911,0.127477442658705,0.20372318360117,-0.0536831890091587,-0.00492830475740135,0.0580621311340083,-0.0219953034006398,0.147805728842516,-0.131578529938143,0.164716718022068,0.00521773687243125,0.397236302667932,0.0786153839154545,-0.016286642932792,0.0371416641387394,-0.175507483581311,0.35407013454786,-0.137790965599282,0.147988074041105,0.218147788896426,0.0733354420710095,0.050764765646162,0.359229515572691,0.232504938808906,-0.0241041837838254,0.204587347870213,0.280485688387028,0.439467631660334,0.0501106676043948,0.29596900606072,0.00126128208401853,-0.0644388310198658,0.108000312971598,-0.208710296137651,-0.138535580011695,-0.127263476119118,0.243499418238032,-0.0127266119372517,-0.310458753767014,-0.226636856399031,0.13457110780338,-0.0171338912182968,-0.0330488701976554,-0.0702792901238883,0.313128352564297,-0.0063932927453969,-0.0521864672950115,-0.0123452891889583,-0.0479034087775793,0.127894136207301,-0.209045627819659,0.0882990446088415,0.275065019828181,0.131075589675539,0.29097375396035,0.0714725582883512,-0.10308927489945,-0.110862327098873,0.807525022845198,0.756017489300104,0.0894045755854316,0.283153373647186,0.249110846032442,0.277644912942242,0.327914412888866,-0.266090044951779,-0.119141224852953,0.0858507893779225,0.696920063850547,0.649565160669217,0.597022639957492,0.24264262912839,0.0924551923941841,-0.163456953456543,0.0370007219884764,0.200626623957875,-0.0582131583924141,0.451190483297107,-0.0193391674435265,-0.052638139905227,0.317902533103214,0.380568118768536,-0.00307056636264993,0.0138059129587517,-0.0257677101664102,-0.0642298351316539,-0.0848882429343756,-0.122265843517543,-0.126363329079135,0.0371323388373248,0.207280287555682,0.167539710269875,0.136502349008771,0.284049077639675,0.0284980783511332,-0.306566657769667,0.183532543298632,-0.152710858331612,-0.242772900602376,-0.165315548731113,-0.0895778119035216,0.0716274306316905,0.317019870042374,0.512558587795556,-0.214540327528238,0.0411620425732035,0.0938526320639989,0.195410282408957,0.863437007457596,0.4438257689033,0.5680042997896,0.0239920206573854,0.433975126926333,-0.123249414465943,0.131052917085714,0.229710569709987,-0.239316855914642,-0.238308428014466,0.00953007227941874,-0.320675303629551,-0.171590125042578,-0.161683661573597,-0.193141884022695,0.080443116773876,0.212746596549601,-0.0288627522342312,0.323203213645712,-0.0955432703034514,0.0617326705383859,0.00875687044337472,0.28391583261751,-0.0205051628914208,0.159974688719783,-0.130915465850154,0.36396506614536,-0.101559025993452,-0.340202134867958,1.12897046233199,0.0308033289594154,0.0317019453634463,0.0747492242763581,-0.20977468889181,-0.113128588014524,-0.175670991641886,-0.0410258820807076,0.281503305258691,0.498993638331501,0.426371862056877,0.281316864133603,0.168533555178647,0.204921128201223,-0.0838688285005765,0.0213302686696005,0.189993921457722,0.180822008486563,-0.0536083256399697,0.0309026820150269,-0.159744919197674,0.104876264179413,-0.103110835030261,0.00317028779108388,0.0826366053870853,-0.0324369927370963,-0.0372213103455606,-0.0804861678624899,0.181369100191164,0.0245254611202457,-0.0288134487918324,0.334797559312981,0.746994032500003,-0.0505532488424185,0.0826990302210284,0.260801537974014,-0.221745682094549,0.337387439222291,0.325618905594147,0.00465501053614099,-0.0781305820125591,0.0944635858089222,0.093368172505383,0.20407616603132,0.296750513369704,0.403429230632991,-0.094637847079389,0.0547007086253651,0.0579982986399893,0.206113378834331,0.328106141583452,0.179453328614264,0.112989152282945,-0.0456866229407406,-0.16160789416277,-0.230724322651285,-0.176865375107243,-0.066916708026407,0.138369296736483,-0.121448509237892,0.114428958376254,-0.0155237520829519,0.381865012935964,-0.183729170730305,0.0463839830802527,-0.218531046087834,0.0206794505442517,-0.146249546807717,-0.0987067853231099,0.0247374247948715,0.107849665348411,-0.0115466343877313,0.0201279182695054,0.0452568826928461,-0.02054225790425,-0.0996881782482229,-0.0150395365454794,-0.0154796774737857,-0.338025426608339,-0.0128761602872783,0.13845380232481,0.174779418569485,-0.151376319887419,-0.101559698948619,-0.0736545893825804,0.534871630725334,0.636007330670043,0.456471209796843,0.449110231193206,0.130780454866145,0.993065428518548,0.173839595476333,0.449207258274287,-0.0023736426449142,-0.0611423455941468,0.0423846799847634,0.191449903329593,0.52493544257543,0.458028738415114,0.70580166365542,-0.204158525954124,0.107122695741486,-0.0603201763159113,-0.0139096847592532,0.0851658272420662,0.343788875597607,0.0823015684753779,0.29513268720206,-0.147889910073376,0.0368063283980669,-0.210215897320556,-0.0421703828769349,-0.2712615731761,0.0679765298696319,0.128437082228121,0.0638928561288621,0.109485941730626,-0.0217068032691332,-0.000730704794791861,-0.179978167278769,-0.126511387566468,0.0376132895771995,0.132425681210098,-0.184721999712544,-0.115010655662501,-0.327816443405413,-0.206586064299947,0.234929049483491,0.158496001095167,-0.209845012961017,0.209760399774812,-0.0117729444699575,0.554791638378679,0.421392666292248,-0.193842985531783,-0.0884151156221695,-0.314634627449991,0.0259327873286191,0.0607764822029331,-0.314923768713938,-0.0457203072085633,1.00019616745921,0.531093659510463,0.414176208898448,0.405814510138006,0.136192994509539,-0.0332860824308372,0.417084847863389,0.118338440842254,-0.168788386947664,-0.356587839915022,-0.349956859081781,0.313764413424131,-0.0249111741588441,-0.0845087731707689,-0.373875413775584,-0.13636721970499,-0.0153446551956631,-0.439730272324871,-0.227439938850817,-0.221017841565552,0.095188518126532,-0.0468711921404794,0.092526508139901,0.00490310371368941,-0.085929451140758,0.195588100377004,-0.0607800913676188,-0.0750021698459446,-0.190345742975256,-0.101713386759377,-0.110157001603429,0.0370316100600002,-0.0699351965023624,-0.167046407615395,-0.304289396844373,0.128433118390518,0.129475223793288,-0.177532491385999,-0.0659969044678882,0.198849811188723,0.039342608771515,-0.00534361335173573,-0.0802973666814067,-0.279755402099543,-0.438993830260531,-0.316869887534479,0.138661106516155,0.0946947649694444,0.521346210663393,0.440955558596696,0.548515706853214,0.373394752731642,-0.109543968404126,-0.139145348535299,0.147805720036579,-0.0410300579605789,-0.0199815676531431,-0.0843323418459501,0.0805710073313042,0.15931356234992,0.0745742528595141,0.0696534545650348,0.210616369884831,-0.0093207957556579,0.165664478523294,0.186232182273002,-0.214668817264202,0.0997168972407602
0.49385401906335,-0.185863713854008,-0.1771176275778,0.460617553209505,-0.151440219634604,NA,-0.135598250923577,0.0650438471565156,0.579367250796989,-0.0396952212532104,-0.044360579017738,-0.0394426008394222,-0.115709386606199,-0.175956786536524,-0.143128376276216,-0.0618756699706829,-0.161880005313144,-0.0285437698970832,-0.0103414288337965,-0.155619029211934,-0.10766494380795,-0.177995432923278,0.176890280341326,0.466415009213528,0.81105470147546,0.376021059417588,-0.0723670401431049,-0.154758797227897,0.0612952294602408,0.140572658871124,0.00949452224662005,0.0187347418338689,0.26089973246566,-0.233589462405998,0.210914761103963,0.129022731989923,-0.0534404919083014,0.0278956652460942,-0.00301394118874535,-0.341817032002538,-0.309323843866184,-0.0768959605508548,0.421510982896594,0.825443917412064,0.0460002798131037,0.0694003603674069,0.158933502496587,-0.335940311494705,-0.142718394748192,-0.248751836819278,0.236781476734584,0.518130605323625,0.148325220303004,-0.171800662934252,0.0853666539136711,-0.220076883392542,0.0425997850596376,-0.151770594039096,-0.0210761489080995,0.0949993819616343,0.30718195487704,0.826173227380675,0.145713924916715,-0.00128603652978534,0.0155421146972064,-0.0528980636595513,0.0485582959941228,-0.00374727084503092,0.0295271310552317,0.162998765241686,0.0871367951429936,-0.0416660266554224,0.0439381939583151,0.137877536753875,0.61220179618235,-0.143606539442658,0.0197998646402509,0.439161813814516,0.109405692992845,0.314677649819888,-0.0659260236101294,-0.255550539219082,-0.136207640591453,-0.0766862874583412,0.300985703163476,0.51544300910962,-0.0667283805828409,0.197442738103985,-0.0582206687814194,-0.00635032507881866,-0.0799076759992109,0.204904115509809,0.0103675791543531,0.951276783585173,0.708101966685111,0.671110488416479,-0.106672240840813,-0.0645938129075881,0.144294703403208,0.393877486785265,0.0347845589709501,0.0701031252459869,-0.0741943812627023,-0.24052950199371,-0.0919518209008247,-0.104678495013484,0.55121991035002,0.546952470321022,0.317001471935112,-0.149481983568201,-0.168301085756109,0.108914117764034,0.739206105745306,0.576497216030384,0.284835092579493,0.184933072798083,0.0819341631731288,0.220123720515182,0.297490411737614,-0.119988583952677,0.290151744535481,0.406887841475345,0.350107880849798,0.44923527597191,0.0108105734463731,0.353762508100688,0.365204374694575,0.476455143311059,0.136605551888296,-0.210281897133926,-0.00631715123279362,0.0791326607009922,0.0328140874327845,0.107519664525042,0.138666032534375,0.17002378159573,0.116189907180291,-0.00964948609892947,-0.0301317988075538,-0.0803993238959416,0.152341650911244,-0.093670106408571,0.0101138640509457,-0.161551407815972,0.639403158495806,0.723861537252695,0.636851764969163,0.679546615389771,0.744971170165232,0.528079380606713,0.565622708691199,0.0530046990317555,0.0107543115299938,-0.104277325091065,-0.181697176264706,0.502992326192542,0.857376039408193,0.0754009079982426,0.295101425719028,0.265644355904895,0.151032236614639,0.286415014675503,-0.183964445154986,0.186866279145426,0.618876955895332,-0.108072360700842,0.0705185269914535,-0.252714764822008,0.2000777898054,0.62814163690559,-0.177763514493182,-0.221518425418386,-0.0202946861525827,-0.0998778734009037,-0.160087038828788,-0.0972349698670645,0.15956723089165,-0.205749056840604,-0.0134728022884355,-0.133733396287295,0.0158116913195183,0.319164073451638,-0.103413203852682,0.173907336237838,-0.321152457694157,0.138440730721567,-0.157042896992257,-0.0448464914787828,0.129372098752524,0.0511777999448615,0.154341507914068,0.244238782629882,0.16505783800817,0.288909277916702,0.115140911173748,-0.286542713007877,0.0076440410160315,-0.323344583358954,0.0177924670427804,0.46866156220478,0.063663479963291,0.00508115694904612,-0.445773006351443,-0.0850484503655026,-0.0790125833384709,0.0121536009993378,-0.220772726271931,0.117537917036042,0.078639614362404,-0.185084187793829,-0.171049955578871,0.221172289854964,0.189364952605473,0.216364572802485,-0.116169418145601,0.0728928730317978,-0.0560180654150919,-0.135851835615602,-0.00487447211892547,0.892303797146296,0.271365314653493,0.761766570830801,-0.126389355901689,-0.0487364829594136,0.955185254609989,0.0552156433546443,0.234955927825625,0.125338039738397,0.176435108320264,0.340605874482088,0.609260186502816,0.192277743553017,0.404838465608885,0.0417596232143605,-0.0490336165160164,-0.0987734178526524,0.470879273257163,-0.144218204398761,-0.147095138988969,0.187459990284157,0.396221554055318,0.293344774343203,-0.0824511634541379,0.306373866597415,-0.388370732497854,-0.350116316161358,0.0233020543999557,-0.125716264490951,0.10657827511729,0.0534055751991949,-0.159876580356391,0.00229600317855017,0.195901300597213,-0.0199636683462321,-0.0538556033057413,-0.00907274126877206,0.0614581213146694,0.118997688207383,0.271019907214063,0.286788120675218,0.458286013410515,-0.0435886469086683,-0.178608573478015,0.0348376322047493,-0.291603443884053,0.428965042982757,0.0755848474252619,0.236097300191746,0.120673766184115,0.0667574442423695,-0.106203086526617,-0.111180803377493,0.00646780812937128,-0.12633511151703,-0.118879085504368,0.551018304927801,0.177100978453003,0.431531454201913,-0.23798593942309,0.234857196620736,0.0508219349049354,-0.238902028785079,-0.0843762480183407,0.266739823635177,-0.083411531583239,0.167831985626704,0.0512178088034057,-0.0639622554370562,0.547946530740105,0.199686691532105,0.775348837827351,0.243321890102013,0.0634384173364921,-0.14973799243333,-0.140260492847058,0.056976657371429,0.115205237388977,0.0786261411336698,-0.082524584824898,-0.0435831855149351,-0.0333297259099858,-0.157765507712427,-0.0632774401421821,0.292571165058309,-0.138362920520759,-0.284505280134707,0.0243077628050701,0.0729036844015413,-0.1112620076629,-0.0497518920297889,0.0431327495027559,-0.318540737542406,-0.211032994563711,-0.205023958852959,0.30709798214859,0.597076825594527,0.538665028005613,-0.211124070319893,0.350846539781821,0.176892428993878,0.762196579852288,0.288432875294969,0.546753404419756,0.5792912241281,0.377646763063245,0.624211718708171,0.403200583707153,0.273586579930445,0.0881605728377471,0.279188202162804,0.130854451054526,0.219342463675154,-0.18679196492741,-0.242594202490017,-0.120627434537231,0.166721886666487,0.0338120147475164,-0.268558321604837,-0.121267075290335,-0.0848175978871044,0.0827928435734838,-0.186280278199997,-0.0880910512468275,-0.222532385027335,-0.0928920879368486,0.079204149270574,0.00822574280306739,-0.151938879734978,0.58387400234888,0.729260043674456,0.535298765140976,0.768669827849789,-0.268128949002519,-0.0176114084735871,-0.136630924490275,-0.00230349631208395,-0.00489366982229199,0.140853658907935,0.106685267858071,0.599327860507727,-0.0965250450858317,0.128603373502836,-0.0723910108578594,0.0396025850744293,-0.410651157813611,-0.198663656824254,-0.0427439214351697,-0.0994186972337395,-0.14609041762541,-0.0326043067099693,-0.0381022140618625,-0.29655731048573,-0.190977868123914,-0.265470200498619
-0.0656104285220325,0.00586459946896144,0.225868068683127,-0.089005225321057,0.401161210118723,-0.135598250923577,NA,0.250087879717558,-0.0803503248147176,0.114847985825594,-0.00528874235406392,0.518537034748618,0.1355042842892,0.130507269532066,0.148615025067322,-0.00364481254453261,0.163794091400901,0.191668183711109,0.311768794249031,0.134519382994306,0.225250394544323,0.185166793210419,0.200511069352898,0.128474825295283,-0.0741536403212228,0.149611851846048,0.211378796437533,0.351649925971615,0.299629411670315,0.01336015543933,-0.111500283564016,-0.177235076456951,-0.230204748914672,0.2023418738623,-0.321808678151071,-0.135873556319603,0.000711196806630789,-0.0622022055036115,-0.0149238142421775,0.373397134831131,0.19559583242477,0.259773833737002,0.22746607556761,-0.270139560009846,0.0977690367270592,0.0895394823994047,0.204051612944813,0.244058833710946,0.214369767073549,-0.026921019637804,0.199452920714951,0.164597128103837,-0.114128997563937,-0.133299099070774,0.0189549196262885,0.101041355149237,-0.0571039615246627,-0.0354916191082952,0.153408288964919,-0.116134671376169,0.242679936223233,-0.167890776230558,0.332612146644303,0.0150548960858663,0.254054578061929,0.166779144856627,-0.00567276837390306,-0.0761833115809582,-0.0916593818186292,0.0789358497261773,0.156329491379883,-0.0525019102375484,0.324492941583874,0.0931251688908931,-0.145262234089112,0.0622400730817224,-0.0218643455061185,0.174642385412635,-0.0349465476453338,0.0174754264729545,0.0747228726959984,0.271840728223886,0.383750685871375,0.0201093054844673,-0.118990304236902,-0.13265193637479,0.0828004905030833,0.194149436256082,0.273151532416542,0.0168887818054748,0.205935264834878,0.182926493413714,0.391665446160857,-0.248407624555333,-0.0820310523934492,0.0354462292965417,0.057747641656736,0.201442253218724,0.0272284035974024,-0.175683248640887,0.126181967281205,-0.10725907198747,0.11743035208301,0.0258348248249542,0.00280722291485528,0.417458511745242,-0.0654794399294491,0.115629403228421,0.230590924076569,0.516038510261342,0.167731552881892,-0.0382865741926622,-0.0881388304071839,-0.187698296328603,-0.285715325140191,-0.0935747566109756,0.0959618449711097,-0.0353330440626613,0.250478439265907,0.308309764544915,-0.016167238238876,0.146915862301204,-0.135622820998855,-0.227190719837657,0.142950984037595,-0.0826517921118099,-0.222937196269808,-0.175051775905359,-0.101129023559995,0.0783032903160251,0.301911458512613,0.110956352880766,0.0653938687044829,-0.259630066275866,0.0163173184984637,0.142285729411252,0.367159538396956,0.020084925950616,0.237479642518006,0.0330677625888998,0.24940077920188,0.0163695163455006,-0.0744106267374868,0.121850995137663,-0.347600593223764,-0.408874430033417,0.0640083656772485,-0.486325120215569,-0.139919092847302,-0.234543884939148,-0.404006392787571,0.245436996917721,0.590961146147081,0.172047779613982,0.656043415478525,-0.0382315916656665,0.0173669251467599,0.193099405173684,0.0270500003730223,0.0370018334408675,0.120190789542736,-0.0636622470718762,-0.0693237135326622,0.116353047561638,-0.157065473360218,0.380266971923634,0.153430592508534,0.0735052368266669,-0.332884274098763,-0.408711354727297,0.0197949277344637,0.00198800359139692,0.450518579805266,0.0784144934687636,0.120811951851696,0.109796837538063,0.0389556793928818,0.0278371052496551,0.211995540817648,0.0850011109711963,0.00490328286710036,0.145336063108626,0.382860148845021,0.138264546280311,0.103437207443775,0.229348917111434,0.457184322621909,0.0198411659724815,-0.145770008638657,-0.161059890527902,-0.267832222045917,0.161556349779018,-0.45041718303712,-0.0434547021699683,-0.207027575184098,-0.060121261588578,0.122890503981974,0.093551383346139,-0.00226973000498046,0.0924018565547438,0.0718796231246973,0.0330786748604817,0.187752928194341,0.224839946746226,0.0202364920443937,0.0154002209337443,0.365197977671788,0.17817567416249,-0.111892348642279,0.00716790643618476,-0.137457087651633,-0.199631582481923,-0.00592137745465463,-0.112494522565141,0.0378656917192985,-0.0677837360946196,-0.209009534319699,-0.0629488828116682,0.0779397985691704,-0.136902055927917,-0.110558656182868,-0.00857733639883273,-0.268274682219279,0.104029135761214,-0.0124956645882481,0.139025490373288,0.141363652512813,0.0183858638086078,-0.172871711836736,-0.148429696276179,-0.0527140776109274,0.0661700652163821,-0.0433187895001039,-0.104983338380378,0.0481739412195426,0.0912298137544469,-0.145826723333695,-0.00646487990224189,-0.120370455746261,0.00067802783548716,-0.264910144535424,-0.020057241863445,-0.0286885163560184,-0.20194508073377,-0.0911132271400852,0.184454352264889,0.209595486562224,0.110755460674932,-0.141809905832258,0.145640646827414,-0.0303505884950555,-0.0420534008141406,-0.0512768606233331,0.134305347199063,0.0264172949912294,0.399576787547294,-0.125393760232307,-0.0557797029906341,-0.0813891860615745,0.177300636378546,0.102606280576197,-0.135672986077889,0.188202261506503,0.0141949317262411,-0.21491741839674,-0.433234769031583,-0.175175790410196,0.0101715788388678,0.00437091475031076,-0.212197154318322,0.228716382861374,0.139948873741013,-0.00895002498869171,-0.0663912045395166,-0.0423572716021178,-0.209616453395719,0.135809643850559,-0.279170828957995,0.0713813984166547,0.0419768412816724,0.0437481514322063,-0.0466974900196448,0.0301700289246654,0.0697722378328876,-0.18898135248533,-0.223753482928275,0.0732858839015646,-0.0266702440776983,-0.140961521957509,-0.199781076737468,-0.269989850157094,-0.233697122891077,0.0998493983498044,0.185101475127582,-0.278346534545383,0.133390604180669,0.0463184779022124,0.270728956981806,0.0708275734668165,-0.064230351742348,0.345352605669018,-0.536013023961842,0.0245135726355815,-0.199213537749276,-0.0698208929018738,0.037239434633265,0.370773952166917,0.193043009798737,0.162347230541993,0.435559527420934,0.158341376837561,0.0340799849898411,0.173405822362853,0.221720007900627,-0.0824519766375585,-0.17517179602596,-0.0925233634748518,0.654570569255951,-0.128972093747844,0.0948366106806506,-0.224748049912454,-0.238564223565941,-0.0887094813486788,-0.177014963507496,-0.123528250332034,0.0150305779924763,0.0559117518889698,0.0453779759460126,-0.273935928076247,-0.00939669751554056,-0.00679993539876839,0.167199738817577,-0.0285251425944356,0.163212405117442,0.186309674420009,0.0739630985279254,0.00226396763088221,0.363089111572897,0.324347978836223,-0.154481929229065,-0.0134308649349694,-0.0194201184595368,0.114691123815575,-0.134725559951914,0.235333803305685,0.205104044295801,0.0398850637537003,0.372776620811801,-0.398121277870406,-0.414797688974235,-0.547869502643587,-0.36946945198548,0.492442791055346,0.358803164845019,0.255105024510894,0.0534653658575734,0.164036363094932,0.159824879742425,-0.287407938130621,-0.083685018424532,-0.0193697096119721,-0.0618351489442676,-0.125945476455133,-0.0778938123941181,0.199929293109243,0.102979385964927,0.186745859994062,0.300670926205775,0.0176793277766061,0.000549114496728958,-0.154943979715059,0.022277986511414,0.120222841963212,0.234533784574467
-0.0649276339862236,0.724133232108496,0.714427301418925,-0.0504667920576407,0.466566453077238,0.0650438471565155,0.250087879717558,NA,-0.0755554574309492,0.417833229230973,0.184200624806178,-0.00516858493589173,0.749596704077367,0.477372491034062,0.023452841284547,0.283243306042218,0.644956800448258,0.203454169467468,0.0306936714265822,0.923104792875535,0.576909746239303,0.527350226015265,0.153583082535307,-0.178904802943792,0.0149208255286763,-0.237510844426053,0.340241213298867,0.0270390602850327,-0.0803539341051849,0.343486579597542,0.447922508577226,0.330140115692281,0.249197499249262,0.453084931125326,0.505767059432301,0.518153753092026,0.372325677947226,0.698509483930998,0.252548226263714,0.21371826689844,0.315987521588063,0.221860887659676,0.0680979514716007,-0.099302775196013,0.566787052126793,0.179778215634515,0.587106849043915,0.244404241668022,0.600933651576432,0.476113578155472,0.0128459078271436,-0.0302444627895558,0.431788790940539,0.334782804563061,0.379128953253275,0.509422516909791,0.766939633175784,0.543909864005488,0.229350751983978,-0.00300115041908993,0.294952326374907,0.146260770042727,0.160398880363478,0.0376438370843648,0.510548549525756,0.40296842037369,0.277316218525561,0.444804055075736,0.507590676390051,0.416915541974061,0.161385392151613,0.101683101730857,0.421361944848656,-0.338053832858353,-0.17418921298431,0.29903277150585,0.593153232206019,0.0358966530537522,-0.233437319418959,0.0111971479251002,0.443059142768597,0.199119448402778,0.149954380792088,-0.170304084000689,-0.385768752344827,-0.320232168577833,0.579440903483596,0.365748280284364,0.16303201493473,0.91650119175401,0.263263887251181,0.120864125552649,0.481527307728196,-0.288708134878317,-0.121570700097666,-0.0752859678315312,-0.164324628401923,-0.110625662693221,0.722460812998285,-0.0765477818132203,0.446156106633274,0.196027755745483,0.529668781389464,0.511959013238567,0.148329508326128,0.200451916652023,-0.145494618311818,0.110168479725137,0.0519961511964059,0.0479834708664298,0.492298793744975,0.0414057174870669,-0.0389352403992576,0.06163361795099,-0.229297185311963,-0.348445128986533,-0.124249161803031,-0.219828719954958,-0.161454762873672,-0.241231700623838,-0.107542545904271,0.022613346688719,0.0339114270156851,-0.263386595663541,-0.163333938540176,0.184269310910307,0.137231920120962,0.250901576946142,-0.00552301191724855,0.111309272718639,0.815791888173791,0.698118658314457,-0.199179128990007,0.324368553419047,-0.0958468061637187,0.458075619601458,1.26594896459618,0.493873590137555,0.396121044528251,-0.838743552238597,-0.170479297042994,0.0585184455247829,0.134197855346345,0.179590066950361,-0.0198367528706697,-0.0445749224443886,0.0602556197811577,-0.145738102128978,0.0489677875371487,-0.166101472554508,-0.347401511637813,-0.132511737877058,0.395220424925888,-0.223032556156401,0.393727677536058,-0.317546933087655,-0.018657278014123,-0.206310434230667,0.185905997476281,0.418721321456037,0.400778621787115,-0.106675323188321,0.760657510873471,0.496635633316409,-0.228190192054821,0.866443580888569,-0.0589188260983576,-0.26575285772128,0.444038624590851,-0.247690326799403,0.334288704707871,-0.0657851314481562,-0.0737283366170233,0.218606666472409,0.442131142023078,0.864642175931806,1.0868304153717,0.159307309908586,-0.117545237856765,0.387167965246397,-0.0687080152896567,-0.220922266716461,-0.146584591754893,-0.203628945573379,0.316501791939494,-0.153357269630082,0.407431403835962,0.223863968022264,0.423178885025139,0.538889397971996,0.216288038029132,0.0617624441941133,0.339074602967371,0.180379207196577,0.0880187514137895,0.311562105691813,0.677635493845898,0.452354315109263,-0.283759522826518,-0.178291324825339,0.422059026751839,0.163248187461396,0.345633804746475,0.343843104195398,0.188115175090966,0.0638789903003483,0.329611119933667,-0.0398388369650305,0.523078280102908,0.451275593271259,0.155712867412435,0.298622796898104,0.396147119656616,0.347848374935698,0.445924318073485,0.602939038803867,0.456063736633107,0.0894932337562754,0.0357563902090374,-0.14227234946678,0.105682689344679,-0.149864410932934,0.526478464721938,-0.0647046257005859,0.195411046344256,0.0968833106211925,0.512358057187116,0.649331110598892,0.0822398153340097,0.69016259900112,0.199755920807946,0.269634689495162,0.393428510626487,0.158527855704241,0.213999036781016,-0.423748013121041,-0.156985649823351,0.497579976579977,0.559776197029028,0.035557312510188,-0.283884146508925,-0.364731253125986,-0.249867258438207,0.36979544285525,0.221434845898933,0.629021108871897,-0.0627817635692317,0.11118241674618,0.0285314367624955,0.0643352740137164,0.616052736038969,0.552337883575281,0.175963242853828,0.450339675792614,0.686970594502148,0.909039247933416,0.270745730663396,0.405004676272994,-0.13585273049608,-0.217446369435101,-0.0712088506667837,0.0849312503245153,-0.324852454687305,0.813762597831465,0.230766592936491,0.107838076613863,0.480288170917211,0.448358639095262,0.612309614604724,0.368684669169464,0.249590747816505,0.163979416890982,-0.293862934795659,0.266103582751368,0.185169597470575,-0.125966527319156,-0.121620807732037,-0.190889460069561,-0.262074896987039,-0.199274584439554,-0.201071422709368,0.11088311172772,-0.310893639814292,-0.148476659572465,-0.272442431594704,-0.0272998473903477,-0.257348663737629,-0.196559491795259,-0.161638716639219,0.143314529249981,0.141609131228677,0.11230784618657,0.653915049157732,0.243700098672302,0.0765566123977194,0.00408438084499331,0.524613174215846,0.881526415727268,0.532164225019275,0.181733473759663,0.0719913069231981,0.0106113933682904,0.166056337763541,0.164073470115657,-0.354870015506806,0.0722469063486178,0.80034407408682,0.891352542485381,0.133745862614502,0.604322803026583,0.315431344875488,0.254345267222034,0.0538769044922314,0.30615745134662,-0.269316271655821,-0.0434313220147902,0.0722149314687935,0.315783827828419,-0.264079386229045,-0.119317452911592,-0.222963256518503,-0.224152043992469,-0.135248532071778,-0.115272740559935,-0.226005789810777,-0.181580067659193,-0.188679677788447,-0.326786141584397,0.19315141961859,0.368713678862313,-0.0446523745346735,0.0569360655708854,0.165159200975566,-0.15178868710411,-0.0934968519252452,-0.261363100617527,-0.239921451283709,-0.257721726525827,-0.249922550441253,-0.363885099134758,-0.307350702400674,0.302896674170931,0.352118009442297,-0.248875713829997,0.420512621537574,-0.00857207104355641,-0.40947256346398,0.075557281732086,-0.223638528684392,-0.21206808030661,-0.501545602051915,-0.321884693363826,-0.130664459121986,-0.0945823739533639,0.420251648018699,0.546794751492021,0.682005757896408,0.643499604067355,-0.38712304388146,-0.256693422643455,0.573663897722606,0.153274716442881,-0.152212321030279,-0.307149408214403,-0.214687812380758,-0.112509205705618,-0.19683018979062,-0.208097577140725,0.352729531198928,0.512390621671727,0.306442229663479,0.166854328081738,-0.449287174832884,-0.0044864770408275
0.429045666188576,-0.103106231942688,0.182462689225625,0.197304400717791,-0.0128390308440343,0.579367250796989,-0.0803503248147176,-0.0755554574309492,NA,-0.0849304116881782,0.114369734036953,0.0689081678284054,0.056620956300986,0.120956264359798,0.0630633391740795,0.288426105867562,0.0464372242464057,-0.0159715017157679,-0.136656840019314,-0.0135358386132631,-0.237103349806721,-0.184434930769807,0.218085975929525,0.556211586455057,0.532564483335807,0.27881475572493,-0.219260272249698,-0.305220351243067,-0.217615467052438,-0.0433290932589193,0.099846171122633,-0.0924554909778669,0.279373131504003,-0.194878686439852,0.0720764800329197,0.115739033621555,-0.0791052494990105,-0.136645448896625,-0.0790613839871143,-0.255997753625339,-0.202742394216544,-0.0440109241898801,0.415011151867843,0.765705844237625,0.0115393203679946,0.230645558630283,0.130278661987102,-0.476690530790943,-0.0736563592760278,-0.21344456796897,0.417319430935121,0.287690211977835,0.388692331068271,-0.20414899876833,0.074610499962679,-0.229024286947772,0.0168934682900077,-0.195706455107458,0.021495422848833,-0.070396010873096,-0.00825484655062979,0.280003446133947,-0.147897171793669,0.00509267280380301,0.0897869070910182,0.0997840491690581,-0.135405120217761,0.00100507829624996,-0.00382667166254392,0.304996085575101,0.00969435449559201,-0.33523965315873,0.160912328926926,0.328214969292472,0.616626877800845,-0.411779342115184,-0.0144935996462582,0.653302087852352,0.237409201285854,0.245461879465901,-0.0806209348991356,-0.217580339645057,-0.130760368489361,-0.00587425759151483,0.345347353975965,0.711605752551209,-0.0247791307493494,0.448143701222582,-0.0243648596335032,-0.0878075854423358,-0.153268391604768,0.180713008060794,-0.0297075571527614,0.753815840342364,0.558772707317072,0.615987445994166,0.00468600731688835,0.0915469146011492,0.193588732602204,0.549506572091115,0.288268170731281,0.146016560003052,-0.0214789800730281,-0.141599297239751,-0.0423858795020113,0.0661810617834152,0.584227460978287,0.247848750356402,0.545810582845403,-0.0286827155607774,-0.136620311425195,0.205531816256518,0.704125430045737,0.487542847648108,0.0843125844466841,0.168378654070183,-0.0567665140984635,0.0692037191783348,0.619926354822875,0.297405688467724,0.378914829873689,0.558621813434184,0.363450636257736,0.406911759284058,0.207835159192206,-0.0852858129067654,0.157683744377434,0.138295585379794,-0.0197873716225937,-0.340985692493394,-0.123830149891,0.0551022753110237,-0.0445015904936285,-0.0611110853752089,0.0531517419768235,-0.00157655287358956,-0.00603256793503132,-0.101723069410963,-0.157262289653521,0.0477731278497345,0.165736656871139,-0.253421082947656,-0.307563117096696,-0.0489787247575719,0.58816923204002,0.749055009306257,0.260193379587675,0.710856920473827,0.392314058021866,0.594366830330751,0.956730420553048,0.0246096210226553,-0.281245754531509,0.301128242104506,-0.204483816949093,0.886210074258768,0.730298500001388,0.0258648334574781,-0.0179204584201497,0.127545090441063,-0.0595569512831332,0.123730586276577,-0.140292691261807,0.385131032581842,0.197280416010344,0.00848091814562801,-0.23557984929352,-0.156737986197835,-0.0169815001139683,0.384265207395997,0.148699774022145,-0.102664489983266,-0.269900101767664,-0.0502414174354006,0.0876930026822401,0.128936812008201,0.248258977051407,-0.133944655229666,0.214967779552589,-0.13824360932363,-0.0332947048172574,0.239248465559114,-0.153215281412473,-0.10837963259828,-0.0397977036814529,0.114057780090382,-0.145643868796503,-0.0302364771826006,-0.0916966336128327,0.0402785639224426,0.24297798178952,0.0821077130429173,0.275619390370163,0.293728359221436,0.195487428637897,-0.0980937758983771,0.196396986449675,-0.206489777762937,-0.0337403070002514,0.267763455507039,0.26359669780722,0.208605860217853,-0.181951653667999,-0.239001811821665,0.0667679055642315,0.146295120623397,-0.407309682860365,-0.220135884734786,0.108910564180145,0.0316329370243769,0.125074918775953,0.446508975373973,0.164642191945191,0.195669322567095,-0.197481072980985,0.165287254665209,0.202119505109832,0.100506870381395,-0.290790556350866,0.20879903085017,-0.153638285443557,0.225406930703282,-0.0275189428382405,0.254178438156737,0.283650728755501,0.070563008666153,0.281709301796218,0.0659362421017004,0.0130546854140284,0.123980707240064,0.151924982215196,-0.0103814497808149,0.227245624610882,0.148841860488184,0.0354523029555677,-0.00382410414360558,0.182482076375422,0.00399410222809632,-0.167889092737465,-0.0698731181692312,0.259737383207857,0.172769819244078,-0.214916960850064,0.292592525321964,-0.277661883421506,-0.156339155350161,-0.132231586730402,-0.178172305641823,-0.09770662530238,-0.421223257132578,-0.0316009044020754,0.123715352745047,0.132145584126642,-0.188817674196138,-0.0352276477967789,0.0144846283683097,-0.123939430461862,0.0344708588586783,0.112591697514517,0.132312497561601,0.204819136164937,-0.146537195671176,0.0960006251250658,0.0950075658561932,-0.0925783641203461,0.0320337926617066,-0.145285655594865,0.575095589967725,0.105707130005902,0.250226539790507,0.0396474988151814,-0.455202246236405,-0.034333316732678,-0.0110218145223188,-0.246236154111893,0.361642497351738,-0.0159977042291375,0.324493544078867,-0.0159029619000892,0.0184400297361961,0.12836964721414,-0.0647233151917864,-0.227858408472898,-0.0449694190869846,0.0251214033624338,0.0840272652031279,0.0598444106437917,0.0359671264829084,0.376274878879478,0.0836390753257777,0.202458148360825,-0.00890686261501528,-0.247364203862718,-0.155719506248394,-0.0608017352051097,0.0144871503731716,-0.0291903618609207,-0.101495669404628,-0.196361528381896,0.202614959376165,-0.18729254795468,-0.128168751391346,0.122168081898035,0.0325346220868065,-0.0518973380055511,-0.561058005155003,0.0705560129586564,-0.0515473349472487,-0.159037427882115,-0.210965940170986,0.0503585448638829,-0.112836034990219,-0.268288526626189,-0.139802336378916,0.0364653696676456,0.0327811088370064,-0.0362572248439839,-0.442489581851386,0.149176508215068,0.0188313944238937,0.0921635964000601,0.206653468592745,0.397687374014115,-0.0770577653929713,0.297077342773722,0.0609623681382523,0.103140029877737,0.0235158315926021,0.0308809985194942,0.0413707964893217,-0.00247773937458204,-0.0348426809819335,-0.303370634148719,-0.232796118461847,-0.097912843262418,0.113335115572395,0.0600819486944607,-0.177677253705672,-0.153327421621757,-0.108104336140766,0.047376496657389,0.0202690430857588,0.0703893114604688,0.00917993562128787,-0.126561474840178,-0.0487994306411604,0.153592751413213,-0.0370927883970762,0.404602974607621,0.683308874708634,0.293530590345339,0.747911215101112,-0.16980712239322,-0.0764484290546926,-0.11616732202627,-0.0217062117932943,-0.000262501513214649,0.206596630708913,0.0271288735910531,0.817335211036129,-0.0691387868903078,0.0610302460566595,-0.185817391902976,0.138255575279992,-0.366272164550822,-0.0113483618165302,-0.121707572687541,-0.169159401065436,-0.189138639864047,0.0067162510962004,0.187474757418646,-0.0915954126789174,-0.0458177137934815,0.0286688682799246
0.046220996325703,0.413329665730177,0.319317357314955,0.00720147359250325,-0.0851260786241971,-0.0396952212532105,0.114847985825594,0.417833229230974,-0.0849304116881782,NA,-0.0346498482298057,0.101745797915839,0.474818929931081,0.294011430960451,-0.0173542597510692,0.18375052718202,0.344727877456766,0.0770512041874308,0.348879014867309,0.254147713188829,0.455457580776968,0.525961821519114,0.171150621134191,-0.178833643899684,0.0569032499742348,0.0565996170839889,0.531242199974964,0.374288449728327,0.0407322220886587,0.0197754273318794,0.425642462559044,0.29460369202028,0.326520237769538,0.376858979070572,0.394548699072659,0.498450134734764,0.444223030727046,0.448113952824845,0.21242999509593,0.134010230032061,0.123373312907746,0.0858000425432603,0.0208930186063723,0.0573589889172315,0.514454457670149,0.174296968457816,0.555320304702644,0.161932190385476,0.32932781771342,0.312039084743003,-0.26712675853321,-0.251690638749981,0.250442446976171,0.366808851723262,0.131759080911534,0.168821708181806,0.463251528614834,0.322192355782193,0.322649858896214,0.344040032630609,0.327808252417697,0.0842218880920245,0.0814831270285906,0.285673801592955,0.533449990309616,0.479691173503969,0.492993598837938,0.417515162961147,0.515499927182487,0.46200074039167,0.342782938241926,0.201837189282368,0.270258718236529,-0.0541468175677763,-0.0656025206671474,0.131217581571746,0.419839522508545,-0.051213726591519,-0.0794483900558409,0.102762690408959,0.348712835799177,0.193197733110294,0.0915718150056725,0.000337353571058846,-0.00822958105212664,-0.124410846207052,0.00707886131664113,-0.0481999314852236,0.206628155978538,0.352443905439916,-0.111018792302968,-0.170726515281826,0.291103896287368,-0.263782015468619,-0.11229301708206,-0.348899337111945,-0.183568560793328,-0.263839420471167,0.166603826192264,-0.227142120082966,0.438199839120865,0.356787147676292,0.531539149447981,0.379806964573971,0.191679669377836,0.00856678644564192,-0.098589117765857,0.0965526176021266,-0.118602464311052,-0.0805886102934799,0.47990321279217,0.199229612501922,-0.12615352049967,-0.00494985018583132,-0.0773795043617786,-0.0955028955026632,0.167273913256591,-0.0647990165336953,0.0740723974609987,-0.0460190586275771,-0.143165493049828,-0.232014422264843,0.112788505275709,-0.0274396792846746,-0.162065461459437,0.0851096732940325,0.148419329816638,-0.0458080438299062,0.136702845270268,0.00367442783045006,0.241866109926067,-0.0110681160574026,-0.151677668473653,0.0688525482479812,0.062216751986997,0.230458407680257,0.251420167694552,0.151328431400207,0.00618408058867943,-0.344735329084248,-0.314769967841425,-0.0166815987952282,0.0312397946575802,-0.020571972564064,0.170787541982412,0.116384218581282,-0.16401863300174,-0.0327453171155812,0.203257465968118,0.0996398076103104,-0.0628820972284753,-0.0251104039661574,0.282693230295673,-0.00251182415639022,0.0283251391287347,-0.124849042716172,-0.232769928351985,-0.204298920049469,-0.073733372791221,0.32125545423607,0.562295799096964,-0.0507845464041049,0.274456251381898,0.234988662259638,-0.056125604408752,0.148219729659288,-0.150309299978325,0.085038998773685,0.28230918866341,-0.380917854654278,0.663811987716198,0.00919875774543438,-0.0472492097653512,0.138010302101941,0.26908625914991,0.486193734049504,0.372839306092542,0.117639281431722,-0.0750325909162141,0.313805117116081,0.00916373851871479,-0.159091823675041,-0.137222667725688,-0.0323502041980719,0.413955584595219,0.0890343781510638,0.275180985042628,0.185359963874964,0.167545751948552,0.427573956696794,0.324242607724883,0.113466923883112,0.417962202973581,0.289730499960663,0.240818781460378,0.185197683684843,0.393986447823197,-0.0212685449726918,-0.277380208324375,-0.391888461142077,0.42923677741629,0.42391189226952,0.132544293228482,0.115434016853299,0.426315695517161,0.248335076135005,0.226141852859383,-0.219393803496511,0.270886529120041,0.338948039066208,0.0438214886867866,0.136150346661998,0.407873699286647,0.329852222335329,0.541108003092389,0.407114386776569,0.269712640979955,0.0502025998068725,0.061449300632655,-0.209147584001405,0.017184723506365,-0.17240545560477,0.47228331909717,0.236038720362044,0.116465065654211,0.261221077091762,0.546917550452106,0.197433979822355,0.168834816074322,0.37342132387942,0.193300100532317,0.345111198782732,0.402401255627342,0.301616730242898,0.293521682787223,-0.32526686287428,0.000721533192234132,0.479720822002544,0.387661637582262,-0.167196279700048,-0.150322599267842,-0.171742928455696,-0.242989744584978,0.404846493224859,0.254845394656914,0.370351800121617,-0.317584942241213,0.275857696188951,0.163949648840952,0.160251923137266,0.170798452187717,0.00762892341166595,-0.0935875782224563,0.20121294226769,0.505101824354731,0.272638454823487,-0.00540612222451127,0.0716021893954932,-0.249997838543772,-0.332555281538486,-0.23026987992711,-0.0416386638174852,-0.357914026496143,0.199625618284498,-0.0882811425526379,-0.0187579610045742,0.281082445884961,0.411774984728036,0.480715663975283,0.349782242062568,0.221281526521837,0.113959450486172,-0.205852420427575,0.279734620789147,0.27063037527442,0.003971253386481,-0.151276826921203,-0.0562262860843091,0.0159415486459528,-0.493501245067909,0.0828678982169178,0.141942913831096,-0.211542560929507,-0.120656251239454,-0.367122052998219,0.135666783380887,-0.179440200726883,-0.20443014435373,-0.260551600664954,0.20154855433947,0.0770320243114432,0.166640371907191,0.234446843482795,0.187569595319488,-0.0728535587579855,-0.416343070131429,0.252339710410354,0.0783985764358614,0.096522491513278,0.310227782541223,0.190263524193491,0.235571483486844,0.177284176659925,-0.00591672543469111,0.0515161738747977,0.0907086781355589,0.10753467527907,0.209304305437607,-0.318281032778605,0.331007622950345,0.23341884258814,0.232848151128141,-0.177105606745741,0.213227678020159,-0.106701720525021,0.0146336828994705,0.157643353707832,0.034815886462109,-0.335646605728131,-0.0838785243255539,-0.0106932014695683,0.00273670790856587,-0.0872845148011223,0.0617773412906088,-0.0698522715602177,-0.145171423275266,-0.338255416904965,-0.297720983472198,-0.042831704426732,0.431755514253732,0.186149416556533,0.154624833524266,0.119260327965797,-0.134335949213329,-0.0235256930068648,-0.256791426203695,-0.259732741198685,-0.161020132531918,-0.150805321515842,-0.348584353581421,-0.0342078996110031,0.0625779969600928,0.117021011320438,-0.196771775136715,0.370867755642014,0.0623021692945684,-0.201441845289143,-0.00337750495984035,-0.407786413235769,-0.228869926287583,-0.307361962969665,-0.145770752849881,-0.257560828951505,-0.226681574531653,0.0801121436659559,-0.0417631970179352,-0.104062054834686,-0.0655031446450781,-0.468156500542446,-0.403347889838517,0.0978608265345688,-0.0707801543005413,-0.0113465089627084,-0.210468276425045,-0.156874555163406,-0.167263560301093,-0.31405285937285,-0.255522465009178,-0.0991570142066664,0.150617834191865,-0.0378014058397582,0.193229949802057,-0.00217972782744949,0.0497818517308793
-0.10651229469078,-0.0586146501160135,0.0383155442946382,-0.0789949240996645,0.410172631952181,-0.044360579017738,-0.00528874235406392,0.184200624806178,0.114369734036953,-0.0346498482298057,NA,-0.171270724088988,0.307980264142346,0.433798331006646,0.488086897905259,0.301181566492856,0.435599961026653,-0.0440677632665358,-0.0762264600995062,0.231887405861132,-0.127574260034311,-0.0754759253462595,-0.101139856719546,0.132216582802995,-0.09052063438859,-0.0311245242740836,-0.0490372277039808,-0.0571782825169836,-0.146833987475089,0.100284759057141,0.101717848645409,-0.053084799160066,-0.170757098009341,-0.0270217549299158,-0.115649169007999,-0.0252322604598565,-0.0903971681004935,-0.0732737345537816,-0.144636003755509,0.346352341420245,-0.202014154990037,-0.0715076445047574,0.0989571909799958,0.0508942267742006,-0.0611416830501392,0.0110461889805102,0.0372018696873081,0.107172016061281,0.0294563367741816,-0.115788220130933,0.0783480497910968,0.00434085685279496,0.0380927397074299,-0.0391817526803201,0.0894401224897775,-0.0873213379238248,0.0497302371715616,0.0878887215178626,0.0301326770448436,-0.118330458514298,-0.466835025920748,-0.138819432794024,-0.0206432679166036,0.114585138151104,-0.276136386630519,0.0840329005434062,-0.42796334186808,-0.113300532924958,-0.171076585015757,-0.0792293305283841,0.151765482003652,0.083633522708013,0.381620433514819,0.0843253856845365,0.0936735913223351,0.0114256294900091,0.0106115076300835,0.140003983748628,0.14392070423997,0.0791215770395954,0.216303920826258,0.158903062911194,0.188168701006559,0.187438616469822,0.14839229737519,0.0971735327695643,0.0578142065473865,0.157287482333091,-0.232829232823503,-0.0172876047306777,0.216618523514867,0.0991835365487475,-0.0637830703216458,0.0233879162611364,-0.00922923879028753,0.0161509878664725,0.158612788325134,0.373921792937507,0.166735497783029,0.159367961342366,-0.0249547735764323,0.217757501008146,0.109792952103082,0.126227638127576,-0.0732071852981039,0.12066378426173,-0.0248572967783223,-0.144513714019332,0.221435010433769,0.137627870382918,-0.0767426349472571,0.0849604821463132,-0.0875262057592247,0.0306477793725613,-0.0866976656728729,0.0107047053729787,-0.0468012872598188,0.37136273427777,0.186321247245601,0.231818142942718,0.084188961040243,0.298356618610534,-0.0268605104673979,-0.117649571770613,0.183923965413263,-0.058986446448074,-0.0196456655765397,-0.0428687232592826,0.025043121789726,0.0814694249615495,-0.101938818035426,0.248583076872973,0.0375806320437295,0.267102983571669,0.172507345726118,0.0254802489204698,0.311024859542334,0.26128635762042,0.0506696159129703,0.057649226485712,0.159329989283213,0.110616838629522,0.171390073569134,0.277859323388825,0.0697699848608947,0.0129352618459839,0.0656894125165014,-0.13846722972211,-0.260972627294528,0.0902947208106097,0.0980327318038439,0.0741570034649222,-0.0985865152583705,0.0137939334212527,0.0702683147011037,0.092511657814054,0.117276838387471,0.0236842312783495,0.154185550992324,0.172818194867433,0.0392729291348128,-0.106128207160322,-0.0183676872135866,-0.0185782136672744,-0.301747575928255,0.231746793117138,-0.00995268692858707,0.146911652202085,0.114623653756899,0.0126500585144341,0.00357936668773064,0.0214420352476844,-0.185515415419954,0.233985042272736,0.49715915317371,0.487335099500495,0.116570334643805,0.082147415738161,0.0965378987206553,-0.0750440436522232,0.109987097427215,0.158695446925117,0.286585925742043,-0.204610443105793,0.0239596073182542,0.0178944175186337,-0.0310337262961264,-0.13531451805144,-0.0878271671020115,0.136376468362931,-0.0226825094966535,-0.0524079342860174,-0.130497454229911,0.23527625368993,0.0537187703954854,0.0988765879431616,0.182988249845311,0.197478611333183,0.140632743354652,0.103860771516274,0.186589318504257,0.00294969855902943,-0.0107089962448478,0.0760389826473914,0.270907157590654,0.0811773257392719,0.00615788677294106,-0.0627175936295459,-0.0122646718428455,-0.117655613341021,0.0249529434305941,-0.0375048348204501,-0.207000497598231,0.0278629449111163,-0.0666351112871499,0.195979056449935,0.0719337719059884,0.144827116071379,-0.0343164613104962,-0.061095574528192,-0.196995435527125,-0.2037620850415,0.0769065370123902,0.0102235442526033,-0.131526459951211,-0.00350396958219086,-0.040425043006718,0.192441972330571,-0.277331061731613,0.0775170903063062,-0.141461182216474,-0.0453138607304101,-0.311640615862097,0.117590711251751,0.0763740982529756,0.0674000250986332,-0.0306164968360888,0.262176150763434,-0.130529840629211,0.177595932079695,0.0724467541462527,0.11036361175474,-0.217552656854004,-0.181047262504951,0.239747842894777,0.125682614662792,0.221204976821719,-0.0753128764698334,-0.100753446202267,-0.0438398345484783,0.0803644793660992,0.140043605604969,0.110484432437651,-0.013918757611213,-0.143511410487289,0.258080742462015,0.0774284253781379,0.0564102801442446,0.21076033591061,-0.016488991761758,0.0221453288425568,0.262962081889565,0.274327924965547,0.137973983349737,0.248250116515964,-0.00831262146784193,0.151327548075572,0.142572959618611,0.067363669466432,0.0418394337166792,0.213728350484012,0.0817226004923903,0.0616666706148696,0.230809150986628,0.0379748388311197,-0.141637521836942,-0.0447165734091687,0.0448686811083377,0.245801474696346,0.194634492434211,0.120607858412792,0.523726562809651,-0.0664461711673165,-0.0152102824637517,-0.0341837934988067,-0.0539954272979836,0.236386405180014,0.211184354300747,0.0269620943374789,0.0963334099018304,-0.101664090286739,0.101448880565096,0.0712170273603988,0.0636123556945513,-0.148411412039697,0.0890113453166267,0.0203382165150213,0.101469578992643,0.229994114016876,-0.0735134739493248,-0.00281128087980174,0.0898328311702785,0.179526781730227,0.0401850187393953,-0.219246291908669,0.0459723129359451,0.330995572775843,0.116026589275786,0.12609696520741,0.0150759281436357,-0.0708582822511645,-0.131622337374091,0.105597390517221,-0.117707790711153,-0.0926746198947649,-0.26799673065471,-0.394044333455028,0.0512499332194718,0.0211998025524737,-0.130406185452764,-0.241665634790766,0.0443060016689798,0.092481975816779,-0.323621240029877,-0.022132044495432,-0.315583186084133,0.112896509008532,0.0466016551026181,0.0914989393262747,-0.0142437321882251,0.00454579968897696,-0.0201236975188705,-0.0497011272506624,0.0720913332160041,-0.0814823640901008,0.0685596088013138,0.0705101086275288,-0.0891072846453696,-0.231078221005918,-0.144542505295781,-0.0848552358189376,0.189523512135485,0.218149469747124,-0.154277907750954,0.0463159288712047,-0.012898947360954,0.0682489722322393,0.073430684735293,0.104829437834397,0.0154259979662643,-0.0922441916633808,0.0442102565652688,0.0444706321314519,0.0257691953594978,0.319655003583935,0.299371638753373,0.354636869263475,0.256985805139577,-0.00028053718003962,0.127495459702676,0.0381883441755597,-0.073687603264029,0.211768884517113,0.208231460545905,0.122162903635372,0.18841355666205,0.0869182491861099,0.122858929239014,0.0086828699666638,0.125465727621593,0.242700288921779,0.0215406468831802,-0.269666132186451,0.0982828294320025
0.370635239270985,0.0870794055076079,-0.0287473233976784,0.00223504705675829,0.0351159731934313,-0.0394426008394222,0.518537034748618,-0.00516858493589173,0.0689081678284054,0.101745797915839,-0.171270724088988,NA,0.0197070296376733,-0.17238214468761,-0.216254682806462,-0.0699178559624256,-0.0368498732877203,0.225927581381173,0.446670668046704,-0.0712478283838199,0.389434175812859,-0.170794246394054,-0.0617578901325788,-0.100907253511548,0.0712299948116294,0.462661017189555,0.242521034817261,0.283655489817158,0.140114838473965,-0.0542961576383246,-0.0779055424263598,-0.188156105424224,-0.225201426234176,0.0301242168974689,-0.210287775640253,-0.108476478893295,0.138154719934389,-0.0622163467746405,-0.142733016698917,0.0336945960968822,0.0255796838949029,0.0483355978281084,-0.23083609704566,-0.0806855885882686,-0.0457851153274336,0.0212680141172368,0.147721773981899,0.208010057137174,0.0257248408474203,0.0486800354354219,-0.215073245236255,-0.0894713979180899,-0.0540826909878624,-0.13958107627219,-0.094969629415377,-0.0560059172554017,0.194782355575878,-0.232618639883008,0.0858566500765189,-0.297014877701248,0.144410695383455,0.0214904282150819,0.0584224842106176,-0.259798599078828,0.284650202290541,0.0142567627594061,0.157335298890236,-0.0408370383346344,-0.133883777724178,0.221764790266993,0.0973748579519038,-0.18231464334425,0.0662977477133615,0.0952751322269299,-0.215351224086471,0.0825187328086773,-0.0633908909069421,-0.149869274238302,-0.124002223177829,0.0692377123018584,-0.114930852457698,-0.0735072393129733,0.182592349442236,-0.0463092947348814,-0.0826968884432142,-0.155972087017041,0.021500889827632,0.157635080906831,0.779996178111279,-0.0662623796186132,-0.0735195291589923,0.148797394453664,0.673316428938201,-0.0247437827896748,-0.0537946903782213,-0.120780712533348,-0.135993962358681,-0.0300826450995242,-0.0549866043052214,-0.16230374696491,0.101012260305496,-0.250586169766538,0.0716041326835003,-0.333868892405576,0.0368820711659263,-0.205102853100096,-0.183577465656068,-0.0296374486990563,0.0854597936367305,-0.0464046301100978,-0.0171136550541299,-0.209619078005204,0.0144723556505367,0.170831243831103,0.0780821210619391,0.157102705639953,-0.00979454527656858,-0.0646281607061558,0.15084789194696,0.216543378020865,-0.0963460685278046,-0.109057813551018,-0.191758203312412,0.261729177810976,0.136601372547321,-0.18364080440772,-0.0347234536105774,0.0111138740460083,-0.00911735874145568,0.124059908473633,0.189229113895338,-0.022857515558133,0.0302775514194682,-0.166629383028529,0.217122341819723,0.263158210734598,-0.000277978393722202,-0.280030033141557,0.0370042702162881,-0.0288996299309498,0.0353980239413276,-0.100283607861075,-0.142487000245528,0.112559952698135,-0.0477258809110831,-0.10383326255117,-0.214060483978076,-0.132215417932587,0.00359608847291346,0.0717901376028472,-0.0521947954040632,0.324619995237527,0.255039069379823,0.0958128136521567,0.0189499104749345,-0.00498799346298447,-0.208324449685083,-0.115900622465021,0.00899774379832803,-0.176716687993627,0.079652160329068,0.33862223347313,0.0514078873949249,-0.078483284999548,0.0863239142476413,0.124064132429015,-0.170834577841438,-0.114513556065833,0.0291068881307272,-0.185534590000733,0.142676682763201,-0.0924264545508209,0.843488519542986,0.0598616447097397,-0.200093801919014,-0.0367948168247793,0.0330318369445099,0.399422959691189,0.170463597641017,0.309844369530504,-0.0313284556032878,0.0307209640162374,0.0719772669777944,0.327318904298557,0.295530571703533,0.660245732469208,0.253336697901444,0.125753901568971,0.0783131219721191,-0.121370519664393,-0.164180597165608,-0.0873434177500242,-0.124163096520858,0.165419763540276,0.0392024370396008,-0.141792765466762,-0.0788983097205798,-0.162362229566012,-0.133692602915395,-0.222561702098536,0.0019435588058994,0.103703591581723,0.189780255446014,-0.245432362462526,0.139156994616774,0.154270460496147,0.076416269069686,-0.241832792780506,-0.0270581849588015,-0.0144015207953058,-0.0644945810549431,-0.0283107646309557,0.183867099635809,0.222412795456513,-0.159804142462391,-0.134915348879262,-0.130388040736954,0.111711928830522,0.014899844646237,-0.0855108191436323,0.0505041802751479,0.0360795638666522,-0.214699422801948,0.182237949301675,0.0282033653401131,0.112815338335044,0.238557342096295,-0.224857189665738,-0.0811722969465774,-0.377350454845819,-0.105423557593943,0.128627567510869,0.0946468274301388,-0.0846244825210145,-0.0744929563584509,-0.197095437271747,-0.157548508801367,0.115772843678559,-0.0757008703540311,-0.257530789755231,-0.193427833560917,-0.194282758234992,-0.0304794966207633,-0.0130631148924955,-0.190765841322962,0.0161370429832927,-0.0200182939489011,0.152168974295051,0.0897663734331743,-0.108612827849828,-0.115337087882385,-0.0612695840940812,-0.0209873083547415,0.285380427773359,0.070738978275224,0.0846405081723821,-0.010608914588128,-0.164710285328087,-0.235289171440396,-0.181332963922462,-0.223234409579059,-0.387342443852602,0.13505735931537,0.0137664109863001,-0.278726364947666,-0.191799823371018,-0.0996781444339329,-0.184021244781777,-0.234878748241839,-0.0876815334833685,-0.201217182928846,0.0110272320057101,-0.323072975574184,-0.282398975246009,-0.260163948592709,0.125235083129073,-0.246336844617084,-0.0484490337052654,0.0593763403948699,-0.16163028208087,0.0342080005314627,-0.168462194789721,-0.113091463046117,-0.124196489594587,0.0930920231683583,-0.125447187906439,0.0634269419618425,0.0832952574187697,-0.0565514620438006,-0.0158866343580979,-0.00427148839093322,-0.141234048179458,0.0052843265884784,0.196974505074231,-0.112552883959458,-0.20278085127908,-0.134642106982201,0.0940543706003213,0.00386639096138298,0.0132178953319859,0.0568982434867616,-0.184274308024567,-0.124049247594819,-0.296603019735913,-0.0533923815255091,-0.165087887814739,-0.0766793315430412,0.0186655210456836,0.120669710685881,0.375074775181156,0.299978046255822,-0.119102853792823,0.0383273367476508,-0.0599755367547827,0.0826609982790642,0.256862361309019,0.160887555021973,0.0443025793999112,-0.166465050242104,-0.261756596923157,0.0352769406426384,-0.0907592212474452,-0.0186460417048095,0.107793702925191,0.0470864231240321,-0.0206945061527008,-0.238602818005596,-0.305854277904306,-0.0766503728903015,-0.086654078582686,0.132712900636843,0.199587970439836,-0.225703630070768,0.271311266389548,0.300180751289613,-0.021563190722448,-0.148161549408165,-0.0773762126949697,0.00726631796426606,-0.386586160330517,-0.226845509173034,-0.0382821437206734,0.0594124990635942,-0.181450403571386,0.176086576205579,-0.0720981019890124,-0.0590252549118363,0.380061580182633,-0.293971522330362,-0.226713655545117,-0.256981455801751,-0.0717279907964926,0.145808644923079,0.21156516143773,0.194589443718031,0.0124200043000046,-0.140419152175691,-0.107944117159918,-0.213938253929925,-0.100099755960577,-0.0255303016537674,-0.142054201113607,0.0109110823619322,0.19592210964691,-0.0233369093311993,-0.125887553669509,0.0328210381006763,0.164925627384385,0.0587580188151777,0.0126060818960031,-0.0811126933484544,-0.216718320835679,0.393903337140456,0.244502488892097
0.250390868859672,0.448862362766167,0.502521777253466,-0.018136767756302,0.476724021959517,-0.115709386606199,0.1355042842892,0.749596704077367,0.056620956300986,0.474818929931081,0.307980264142346,0.0197070296376733,NA,1.18051000680662,0.223738987062776,0.463535246868441,0.667853725854962,0.334728259765357,-0.0546899181915932,0.976608625802279,0.176525560780956,0.309936454299942,0.150668595843899,0.0247002927629276,-0.0062510017510488,-0.039960702637652,0.260992949917297,-0.0519310443461143,-0.00257906389711385,-0.07757089216799,0.410352711894834,0.298304933529229,0.33930006088654,0.161017074823471,0.380884995707004,0.370943293629541,0.229530230976527,0.457800847692961,0.166140944897608,0.219966240364166,0.0479581510022518,-0.113923636326552,-0.0576801326303113,0.0401355091698362,0.447106937108285,0.110438301244534,0.507488290031088,-0.045869875899898,0.172089951377689,0.173725412970492,-0.0925133566422223,-0.188803971884966,0.356016804331371,0.142622870347778,0.153896336165101,0.224247663156946,0.417571819295294,0.359795434708306,0.223198596566422,-0.184713808248329,0.240597747362862,0.0509902419561096,-0.234432096807322,-0.1065433990423,0.506401701259277,0.232859029362569,0.15969855872841,0.126713096109377,0.391490177542214,0.370502605883146,0.216796345662261,-0.0684286202032708,0.275874170462581,-0.0861962156456799,0.112979386142692,-0.0361381952239497,0.317369574481406,0.00205802270823303,-0.0269191276629998,0.107903927880536,0.203395886576586,-0.076093792527572,0.0908841877717995,-0.158136500175656,0.0472310067529456,0.0821623723472327,0.253334868537533,0.367887337474581,0.297199366099417,0.536927060511506,0.0125945313464281,0.0091839890816326,0.300258487366133,-0.216985402967175,0.0938066498881104,-0.142121123505786,-0.0788911333783824,-0.0510173678699279,0.416450945423771,-0.111884746079707,0.266883574258522,0.119181522196951,0.172612543927023,0.138150107354018,-0.189222616893414,-0.0192139416793979,0.0681845448732892,-0.0439292601351174,0.259710233559576,-0.0846412805118434,0.232142334300796,0.0286634305377355,-0.11917288333544,0.131794179611581,-0.109985390505009,0.0350437158050626,0.0986450051922891,-0.0699303643807176,0.200225966086142,0.138315146564709,-0.0161711215736583,0.0130625090454897,0.0147941066243344,-0.116018398869015,0.251036669925357,0.0242271589352451,0.219128676458496,0.0736764386201408,-0.0296872379224508,0.155093887870152,0.372475682577474,0.223520085817072,-0.16143415795519,0.117656552560335,-0.165657459361166,0.234208686061622,0.759876402531332,0.417043099090464,0.125796106455867,-0.473426549665988,-0.224914460177362,0.0588989146699617,0.277575130722723,0.46192976721801,0.138777575288435,0.132444338235221,0.025160447505636,-0.058879799670468,0.0396360658326346,0.080698780063304,-0.0106982923713264,0.0372908200548386,0.0756238059397442,0.117607046749004,0.0959469110519117,-0.0120315220461746,-0.0132245289462087,-0.0697741927766705,-0.0152779533250284,0.12400757871995,0.346314929363563,0.0976230131785563,0.44326091450503,0.149693263504511,-0.131486536895752,0.586988903377615,-0.328917036655521,-0.194376316180854,0.397185780582048,-0.195920710956094,0.402431243433669,-0.153302059915592,-0.0577859219238396,0.713850981974633,0.6105481046523,1.08868365300049,0.843360764666322,0.189273129156625,0.0635855863676159,0.0580163297846559,0.0360790408043147,-0.0461484334340896,-0.100578293590666,-0.0948780091120951,0.260266358358944,0.0168236804616204,0.101662470371649,0.0293256391541077,0.140054598706981,0.35740401633965,0.471788977851805,0.185959552015148,0.427781877770486,0.288133455042372,0.178406461008845,0.0799318056764714,0.387400418216296,0.229785849354739,-0.179894855529171,-0.161779390672054,0.603340990945961,0.198449913128448,0.255265259196271,0.229594507687556,0.347980558068964,0.200312761868075,-0.0183563195579891,-0.199031501648844,0.342649951151187,0.293955924773953,0.269650321688214,0.259007320472596,0.353413959350079,0.385557648185193,0.454427212206185,0.654992371168905,0.42507422248128,0.249572502744365,-0.234970980545531,-0.153118542445422,0.0241200238588186,-0.123244564100944,0.16015339407501,0.1450944240346,0.00277025389523125,0.150579573946537,0.412810970598173,0.398803302885027,0.111515989549587,0.285672591643876,-0.0393127457183018,0.184257740531562,0.13586615503491,0.134465245093153,-0.0023328351129953,-0.327804120527278,0.0285166792714045,0.409587838649501,0.325297750865254,-0.142171726908292,-0.0569370688091327,-0.198609939416669,-0.244362601498145,0.169493301682915,0.029344681411108,0.296698185861845,-0.211974330172481,-0.129992728052825,-0.100406037348914,-0.159415197990177,0.350637973519934,0.296622074576365,0.193367026505172,0.240863462999685,0.536207913093301,0.694023557789185,0.140963958428704,0.258725655606199,0.063806222289443,-0.326803543641104,-0.106856042781245,-0.0491074337974697,-0.18641353809833,0.43430566496728,0.309030039430231,-0.00011586132060791,0.413516102815371,0.315462271724188,0.342566088943947,0.419712262507361,0.151308057062656,-0.0200388268276738,-0.235298806263551,0.0636611709451444,0.00551924484559539,0.11710722402525,-0.379298540161084,-0.164868813699951,0.199358627810186,-0.255946449807809,0.220698403365905,-0.0186521709389141,-0.368564451946976,-0.150697240384459,-0.354454890647774,-0.0657520073124334,0.0344233904159794,0.10526581468787,-0.107262151200462,0.402359144676806,-0.0280817567438944,0.0366803990689092,0.28834477252887,0.331745075696803,0.111880274148344,-0.0662974291339523,0.205834425545764,0.364858416024939,0.293211348217061,0.140425559327174,-0.252524622309589,0.0724825960489655,0.118858389146213,0.0271561264490691,-0.533242835180847,-0.0587138094304616,0.512951232881257,0.476258493001132,-0.107619970312439,0.47621047444107,0.614703680695222,0.306730620614761,0.374877446481408,0.24544377021041,-0.0551786577973083,-0.122970682596233,-0.168384726294703,-0.0611220429172908,-0.191697010101654,-0.281479482777895,-0.22822930777621,0.0926135793063138,0.0493076273891696,-0.18115222074951,-0.142584419703634,-0.315001761342822,-0.237355280271452,-0.203206475381979,0.266597983314686,0.19837035159329,0.175067153178881,0.0465628406841635,0.251482194428657,-0.249551592816407,-0.227502243759092,-0.295652906453897,-0.274387134882808,-0.271622518352291,-0.348829116650706,-0.387779939978837,-0.552794751772767,0.304945422558348,0.444450499101601,-0.107870233924691,0.202539602825724,-0.0512907160402293,-0.347414890288,0.0227447859835777,-0.216129904811067,-0.142810347956442,-0.492828208177206,-0.160481009415326,-0.254825615069596,-0.179386876276101,0.341651152974977,0.249884187247662,0.228786197440459,0.187677432750579,-0.336942729803257,-0.236597943490769,0.181234747139807,-0.0333933101963666,-0.0635248113969612,-0.234254050952799,-0.104430066599104,0.107427370591087,-0.121655042195467,-0.25731443753644,0.0333903064348236,0.106784528422805,0.0882392810961026,0.00598277577708278,-0.328463446370235,-0.00829187756513141
0.162411610880263,0.25274812981477,0.464237071549869,-0.0496648604208939,0.348158925916359,-0.175956786536524,0.130507269532066,0.477372491034062,0.120956264359798,0.294011430960451,0.433798331006646,-0.17238214468761,1.18051000680663,NA,0.283830399972549,0.682257432708724,0.594493480557396,0.158860794283864,-0.0405526923168397,0.95640175473793,-0.0712559141183923,0.213806422925976,0.205873702335419,0.186729538472811,-0.0231589517373666,-0.0745166334787461,0.155026074100021,-0.0758628172149835,0.0277424634181554,-0.127432071748116,0.444193197405974,0.282073817736027,0.282424064450766,0.164779920662312,0.311333495019685,0.33085581016046,0.170985174967625,0.300508825282274,0.224020177699281,0.169424158926603,-0.0468988439100948,-0.112245491211567,0.096076486636024,0.113047019105047,0.293919948696253,0.225209545804942,0.370072860525398,-0.117750344224263,0.0655360023372189,0.0275644023301335,0.0495020160002701,-0.133771989710554,0.331304024580755,-0.00462207925699849,0.0743955267249205,0.0361802299746428,0.212773841753583,0.223856646601907,0.284676395600586,-0.237565788645118,0.0178969026585481,-0.167761722964875,-0.271151360361366,-0.108497951256909,0.279064701533374,0.230169107013908,0.0723779023370587,0.134706715432078,0.216853266974465,0.284033341884577,0.20435575982856,-0.0312777691956171,0.198731495707521,-0.0104173422530658,0.14951159165106,-0.205982892996304,0.240969411101142,0.101076620480616,0.0478227237951806,0.00997842965148789,0.137924620233146,-0.101866615292673,0.0793589681624522,-0.218107405299965,0.131576035870447,0.232008252534322,0.0595783462273894,0.229791841621461,0.047963413703171,0.432046402297268,0.0287453418101171,-0.0179268519490174,-0.0114719391056936,-0.0649848488911148,0.228137987567264,-0.00345937597666512,-0.146189260723166,-0.07993692391614,0.210529301856791,-0.128974547881975,0.149256489155475,0.144858408864887,0.0742944663668569,0.122243320417416,-0.16299781857669,0.0275617475002518,0.175686078774007,0.0297878232025557,0.333630767709463,0.0841364397676687,0.135845142759674,0.0290296763073631,-0.118145760165037,0.0664943645786943,-0.253594974530813,0.122176492573202,0.303297777100454,0.0832536161973151,0.347838077204597,0.269996992417578,-0.0654879122053583,0.163659043330598,0.0344521227243226,-0.164638805625353,0.397160114740486,-0.0456177192895601,0.117002872504596,0.102268615726201,-0.19844084819767,0.239166256864915,0.15793056463826,0.111988026937311,-0.0653562394631516,-0.00421168730430436,-0.326817131003536,0.0637206249291101,0.457251920871309,0.302743020366912,-0.0224401116648705,-0.311681246402916,-0.248826943483615,0.242785852520452,0.193321807820102,0.46943553977607,0.152128751831706,0.122150663659538,0.0353132575737824,-0.0840467221611947,-0.106070845292521,0.119813165339624,0.0865172078623212,0.0817328404298093,-0.0485875501285776,0.322864642707972,0.152255296941939,0.0995777879564961,0.122259450158818,0.0477352268429187,-0.160980940122457,0.116258614504446,0.194126746618237,0.0207609313850901,0.256821600624781,0.20246338112161,-0.147720225412223,0.389674195465512,-0.346555233204725,-0.0714571372324754,0.172889500342099,-0.106890279208429,0.337994657389192,-0.107287374712433,-0.239031403418043,0.684583878642277,0.647508059399343,1.06992324478681,0.618536846525999,-0.00257388755354208,0.106194690227217,-0.123789013772369,0.0174156738670687,-0.0315581157914503,-0.0108475294462604,-0.134055734397582,0.209060457895277,-0.0670189926606533,-0.0508824135933265,-0.122277455078238,-0.0950493826343196,0.366885903432324,0.484081863898205,0.252996818665952,0.349171207507105,0.186924293779951,0.145401272818259,-0.00561628861608721,0.378029127489851,0.0908340989436846,-0.0569146019229419,0.0416831489314387,0.598719103907742,0.27038004521401,0.0810031380462597,0.240539715827769,0.456053513836035,0.162860909835477,-0.0917022931395175,-0.0712935367752664,0.0769881201795068,0.207868879431594,0.122560090182343,0.219317712506584,0.142072780172746,0.223177732916483,0.222923958351487,0.527612049721521,0.300529230374351,0.171746056863772,-0.435235391552408,-0.143077032906349,-0.208124395137628,-0.184313530968772,0.0849263987597378,0.223111339650308,-0.0390991303966812,0.185995554728615,0.249349523080888,0.154808690565639,-0.0742947391257451,0.213558036527445,-0.0985111956975065,0.165725436428363,-0.0135213870692605,0.105058560536631,0.0162138092480064,-0.215871977355045,-0.0471661737677363,0.233700020169613,0.0668488364769491,-0.052470041336789,0.0433392451781064,-0.0581202112015538,-0.238510911844724,0.119697352798025,-0.00806424856133967,0.157486945378768,-0.142647708023251,-0.331673149775323,-0.399163699062905,-0.2945506383978,0.110491700144702,0.146726005473653,0.0563749254647377,-0.0567388953941517,0.371392422032192,0.463022705769887,0.00223757914004915,0.0762022299688229,0.221280225729976,-0.12883153831418,0.0526857000222791,-0.154698418515628,-0.146052981802636,0.219517044573636,0.240954485754067,-0.13216825435127,0.0918624500867838,0.416371809395941,0.298683137402121,0.259883128539616,0.0661019348625974,-0.190660319936118,-0.22854283805657,0.0703531169275748,-0.141266471507557,-0.0597720078421959,-0.239223242911264,-0.0439306289017118,0.385133770348117,-0.150035060451386,0.342864423801261,0.0913485875028003,-0.207504621482966,-0.135542914323481,-0.351267527898784,-0.0733184856061731,0.171576626896615,0.221919963509335,-0.0549597672004471,0.305532508250998,-0.100069581016093,-0.0336418554745806,0.0969498178329258,0.305054679696752,0.165877202988108,0.00598997900613432,0.0533092928232464,0.141260061655447,0.10480152761512,0.135043351098329,-0.23954230697959,0.139267349075544,0.124619964425802,0.00148669829159985,-0.439530352410967,-0.101917569332722,0.383481710994079,0.294564602351248,-0.192143942525637,0.200434039276038,0.3937315009828,0.295276043966344,0.239537507790661,0.154580878789318,0.070536181420631,-0.213190933705862,-0.390847005817153,-0.11745418310461,-0.0618251275942708,-0.170947228856816,-0.285030119904465,0.20362851410126,0.161274028635538,-0.24546305207451,0.0367804709048588,-0.477664429996296,-0.137273747752289,-0.108909764095795,0.307636274987626,0.0986087366721928,0.0970938024717071,-0.123873191326784,0.222951955955161,-0.227532550803702,-0.137313873943711,-0.240886211132848,-0.129306344422017,-0.0665102272292837,-0.224286433544651,-0.298012721672623,-0.293141514436808,0.240232503208024,0.422586749373016,0.0793882803016958,0.0714214119102388,-0.0865915668267886,-0.219211208705305,0.0450703580367033,-0.106707378865394,0.00840567056939848,-0.312313178886346,-0.0168211145869787,-0.179842448175785,-0.216918201432456,0.225547301121056,0.164948310586428,0.161942552150811,0.171891968727768,-0.171930074856214,-0.0176772474042407,0.134591984366204,0.0047450230064401,-0.0538640348782598,-0.0506766960718722,-0.000865932926109357,0.375980886160639,-0.105324124652682,-0.2205794023032,-0.044675963236507,0.112834132394836,0.127102802041662,0.139247841007574,-0.321224567642701,0.0391509681546286
-0.363870577974025,-0.114901198001287,-0.0555432050936513,-0.150814759743756,0.4911972595516,-0.143128376276216,0.148615025067322,0.023452841284547,0.0630633391740795,-0.0173542597510692,0.488086897905259,-0.216254682806462,0.223738987062776,0.283830399972549,NA,0.260932845813934,0.483994864702428,0.146211469639694,-0.0702361560568106,0.150249321056126,-0.339744012755857,0.112808995828075,0.125658429889374,0.378078824554666,-0.00670257791645226,-0.0805445006432039,0.0710545619447736,0.140162686743902,0.0204175187764134,-0.0538724084081151,-0.248246635273064,-0.233393714342646,0.0171719191179796,-0.151985198211509,-0.152117095163597,-0.101509669954777,-0.34148848944438,-0.200260965161942,-0.261384557779255,0.247455499454026,-0.267760520521199,-0.118799823553435,0.402276097822603,-0.0537086309858297,0.0760818126822406,-0.449833634831459,-0.186753896439455,-0.193266745419225,-0.00794052721395401,-0.37317864851906,0.302543183946569,0.31511416843412,-0.223397352956182,0.17994766223319,0.0866495561954981,-0.0918393547606515,-0.407408995295421,0.0443712175300266,0.0590989291589902,0.175570269310859,-0.152853147972517,-0.380571298045661,0.014109718157033,0.134594243317675,-0.1194032266525,-0.0111614971641829,-0.418758886867646,-0.225817128599871,-0.00893171604525213,-0.204661752848669,0.133389932109047,0.385188092254639,0.308174129850749,0.230302138623838,0.0764526812153842,-0.0361626665839362,-0.173720551076938,0.364487241802757,0.199028181991895,0.407403223232629,0.327191644075627,0.39118294679895,0.581521805953847,0.437859279895764,0.294424411479301,0.0879696065571283,0.0496450330235763,0.148029158759523,-0.393529277328157,-0.0535613642565267,0.148401094834929,0.0522207286107747,-0.171286274592911,-0.118431550901576,-0.161502689293186,0.131518358141494,0.424177122586226,0.48864086280737,-0.127551833639289,0.232394687780334,-0.0250222711354582,0.136234675312548,-0.19215367868721,0.169362881270121,-0.0873869696716024,0.497495281402098,0.0604750217676684,-0.134468489590747,0.210762559393497,0.359042459906872,0.0168573664279458,0.322362525140595,0.0355406058387754,-0.288694682507044,0.168923175508243,-0.0642335821731017,-0.0909086169870179,0.196539211944159,0.187583587716093,0.190874366738177,0.468803281946884,0.415398819640683,0.159115296745742,-0.287101652578776,-0.0472441616674077,-0.0228725637909113,-0.387241687242063,-0.390641511606638,-0.0346230559638072,-0.256486825444404,-0.223304929659266,-0.00432714302495781,-0.104879246147237,0.0525456067449725,0.149607757706518,-0.301300973152127,0.292469732980611,0.735570127631141,-0.00434522716952848,0.558481424137176,0.432403169037763,-0.244279808487163,-0.133101110132228,0.0618544280420638,-0.160954177138561,-0.160595702216934,0.212545870030679,-0.219197430265876,-0.358623370241502,-0.119859718478715,0.00513696706015748,0.0463634665297457,0.0124016869904293,0.0826817543677258,0.219348815667246,0.159099898217587,0.18920079438453,0.0998477672114755,0.166166464924157,0.0312284120954773,-0.0135374825203377,-0.350202418882853,-0.302329354507667,-0.224643799016363,-0.173475163422733,0.161586528284551,0.346553130554958,0.438357735437351,-0.107400273335528,0.129702876681978,-0.14017640967087,-0.0258605078190834,-0.260298238706798,0.0183504049015228,1.02575100134935,0.319684888484897,-0.109758190997822,-0.0408793751535389,0.266993677972796,-0.430060056027948,-0.056582655922007,0.346008858322893,0.646292366505176,-0.0837443865068565,-0.104831837848075,-0.188396287012352,0.191848625506713,-0.0676129364902723,-0.295417626050015,-0.190491416060056,-0.0469791444138572,0.0254233744670246,-0.217628119614265,-0.0390074706353481,-0.194715170229102,-0.02124242561803,-0.0965845463510117,0.242480401802479,0.176635409568105,0.218004259026402,-0.0510174421807681,-0.324431443877589,-0.115938382899489,0.0718832935279904,-0.147294316102265,-0.356592420430903,0.115407058242673,0.189643956189451,-0.263318678506983,-0.0622962709610837,0.198609203870352,-0.33778647662727,-0.506290974087177,-0.347198175715355,0.0694680644013385,-0.0668513229515287,-0.151430875319853,-0.152547538316116,0.170820224504573,-0.0102864751189598,-0.335231920720994,0.0263176039951764,-0.215185972756823,-0.107918390857061,-0.164368740274541,-0.0830435588544663,-0.185370392965984,0.0404710696935062,-0.101854133500855,-0.0376456001475384,-0.310989665422945,-0.275871454026797,-0.434557782245006,0.0276088608498652,0.297133815938795,0.52772930754678,0.370762425941385,-0.0836808423136311,-0.162619831213992,0.436684122618828,0.344474164455109,0.528829603917722,0.281412783900954,-0.38609149904658,0.259000411824265,0.106801281320998,0.488487654062924,0.126810963060079,0.194285030754018,0.243139806573424,-0.0227395300424889,0.019666966107774,0.129860284611332,-0.0370639240985925,-0.204654720834159,0.285028323106109,0.0114987792406092,0.0619350506583335,0.127217692662547,0.342496876443896,0.2425418220332,0.338502623089837,0.428924886009478,-0.197330397104569,0.218198297300931,-0.109075390691,-0.168180691692304,-0.0279491700504977,-0.0512146015762758,-0.207839205672548,0.570862246027368,0.202599689708535,0.56047339342848,0.163528399592034,0.416017849372886,-0.067964610452552,0.393880294279439,-0.0919935276995138,0.161879317864807,0.222876972507458,0.0787905383081123,0.391348254362263,0.255958398063577,0.247059058817987,0.0425966524488052,-0.0809556596302435,0.0551818070501016,-0.0849150467394701,0.111784902203062,-0.180566550415998,-0.29297816443685,-0.284711434189234,-0.149418332127847,-0.113974787044702,-0.359005600139072,0.0360153721008161,-0.011721731175699,-0.0627434287986127,-0.0387237815443411,0.0313207256065122,0.0620463751480974,-0.340212002530119,0.0825222937267251,0.220464051958322,-0.1499279355489,0.0285064911689528,0.437424204772363,0.377948509262409,-0.00415934949816323,0.0532638565439016,-0.131388609408368,0.053088858024979,0.145850038096068,0.00334309776848993,-0.0834167087530564,-0.467867135423437,-0.349609062982624,0.322460667850423,0.0663187210992211,0.105926301077464,-0.128954731154598,-0.0935634540124444,-0.0839455062359424,-0.382108727471183,-0.133585078765851,-0.0484198607389723,0.374222675129525,0.469200130849293,-0.0495871620656743,0.147500301772266,-0.161317364962807,0.0790680656874963,0.0940355563717717,0.0202691339356732,-0.0340397497284497,0.221007862602343,0.0444403799538414,0.144266552394203,-0.0283475618808444,0.0787822279185991,0.0190202013113781,-0.144606106213151,-0.0922540412007924,-0.220282690354926,0.0631888194018985,0.257467453029571,0.362437400570809,0.0265915432002656,0.140134186516243,0.00428862968712041,-0.0541546711341958,-0.0989850228662122,0.207164346905336,0.103303750656724,0.0506166495027303,-0.0643993169327,0.319243638050251,0.111312188236835,0.136799889963406,0.106321592784123,-0.235854841615465,-0.259131577469944,-0.0738499566055642,-0.0410728048159123,0.312119589694558,0.2387974791828,0.0726341099669628,-0.00346194336518887,-0.134034116208042,-0.116493984976599,0.227739429955901,0.191342400858154,0.00157057216118659,-0.0230812047634171
-0.002876968125992,0.284652845668446,0.363770482265803,-0.0468920614318022,0.143234166521888,-0.0618756699706829,-0.00364481254453261,0.283243306042218,0.288426105867562,0.18375052718202,0.301181566492856,-0.0699178559624256,0.463535246868441,0.682257432708724,0.260932845813934,NA,0.513187142170846,-0.013071109825817,-0.108168492805724,0.564556156013922,-0.0239962140860459,0.0214124772923455,0.179574559666254,0.255470188281454,0.20438224923606,-0.119305893861199,0.13218234238183,-0.13359770359613,-0.262046097817173,0.140179761974007,0.313301556597944,0.171480876786316,0.25360348800616,0.129248253549006,0.231605498915769,0.325216855766086,0.198549002734556,0.150964752245107,-0.0112866410779592,0.000157159907453678,-0.154071809353488,-0.0304766519552579,0.151377778654691,0.206421349013882,0.0553897667483636,0.287111246113533,0.355365124520902,-0.167883029073723,0.0963703047912084,0.0461669166600769,0.149369694132861,-0.000793601255843688,0.360107163600474,-0.0217707005198417,0.140798434428829,-0.128771859568145,0.327809449871018,0.0434819424498588,0.0164786067169452,-0.0894671185715101,-0.00249729380364046,-0.257956673433201,-0.17439737411117,-0.0412261116446819,0.0802127796285559,0.198309119357887,0.0258879489947095,0.245033252474533,0.276005401852939,0.412117742089092,0.148039161158459,0.0551084813910312,0.33193600152387,0.163707406174225,0.151529707918966,-0.0995589243106769,0.256300996319567,0.181829834616132,-0.0949783753284843,0.0106702693286516,0.151631315608557,-0.00969917095191568,0.0314412703008632,-0.0950384657714367,-0.00833533158045419,0.129224420287755,0.0533985214725306,0.168052729089846,-0.0874405663776704,0.541922316422297,0.047460915091801,0.0519792545638459,0.0169683418009082,0.114585295322076,0.0875559991060633,0.126814509245645,-0.228594161879931,-0.172942183933888,0.0686594802708811,-0.0323611433586146,0.0861247222453286,0.219433576072083,0.10633724308165,0.125968159676616,0.0877144869371506,0.0264811180067477,0.137585921618755,0.0981046705687456,0.243667137466029,0.00363821326467462,0.101708323512546,0.1810108641046,0.0738015038807985,0.128183826513358,-0.052795143605591,-0.148196387176466,-0.0723280716631715,-0.0353701819283542,0.150325109486861,0.0419915984621402,-0.00479718996389431,0.252222501098171,-0.094758861475663,0.0717302003532774,0.0756692678512285,-0.120705049998932,-0.124567601874424,0.262933816329089,-0.359309682916982,-0.0808163871029754,-0.0462249068346301,0.00591165290292578,-0.0419021587694212,0.00100803808926793,-0.262786138287214,-0.0456472210227556,0.243367812644224,0.169808501751181,-0.266887849546009,-0.204713244055311,-0.224514394909618,-0.0506260687499844,-0.28090865689627,0.0940137174876006,0.214906273787785,0.129413707669069,-0.0224841371916662,0.0994756569326977,-0.0255399047778863,0.0600259902857392,0.0854275766047489,-0.131694201247474,-0.220094098033563,0.0972257119469107,0.0544369379438158,0.215956602885936,0.244451879812643,-0.127642735242748,-0.287701189044626,0.103582042116596,0.184099940002029,-0.146240457697218,0.260390590847321,0.295232701333315,-0.0407381011676977,0.253150812263086,-0.355863029998596,-0.0326046192466292,0.0182257289555082,0.0951053899608144,0.395240354001957,-0.126433400613637,-0.422260489123118,0.0838351512700329,0.505205580063625,0.77066963874818,0.421058185311495,-0.13374566560912,-0.0173387983116721,0.0165810150031569,0.0461259390323623,0.0774552819616471,-0.0553787736002311,-0.32619277271226,0.270949537539287,-0.0715830775162603,-0.183560384180237,-0.0961395578969977,-0.0558674432432561,0.408564158496955,0.403813988119391,0.0923024092583808,0.358944900395898,0.198288346157717,0.093258998576514,0.0792557549196545,0.311240279646983,0.0343793458399102,-0.0288105537257155,-0.0232108079197097,0.462470278731615,0.231713957446706,0.1214609051792,-0.0893474660498003,0.322790094695033,0.164517079769496,-0.146906829722313,-0.218430835770397,-0.03832347887584,0.129876083968431,0.133014293125614,0.280184864352331,0.0370528467640039,0.310719434565444,0.0142838402274079,0.26716907144945,0.229009001291991,0.299629381073577,-0.284894048109303,-0.140127415064463,-0.476227245800149,-0.173236913333246,0.107099855145243,0.30864217602597,0.0977519449504014,0.188985921363533,0.290189844101059,-0.108484464118224,-0.269823127170532,0.185145005574537,-0.259678838676404,0.0402103601756061,0.17879314479794,0.0142586800949696,0.125405466567358,-0.141822620128722,0.0375840688893161,0.223403924979435,-0.033008470462709,-0.165650022515003,0.0118018326106505,0.0481706412003399,-0.346180260699595,0.149062772533369,0.061492523719965,0.203767925971771,-0.252004767148082,-0.2704779921562,-0.183153562763224,-0.340601682435441,0.0485983824306404,0.227185644031865,-0.0177747935916612,-0.109070609628155,0.431634538011487,0.381302480224962,-0.0302398515792766,-0.0882503243207469,0.0605955539475346,0.00769873454537534,0.12740032982337,-0.140979190463192,-0.144285558613393,0.115033769054744,0.154555855207923,-0.00450418398889299,-0.124903716491438,0.517065097142082,0.327020096163311,0.112748371477791,0.113545908900503,-0.0667883569727118,-0.323324719032213,0.0555040389254276,-0.0548430585709142,-0.199793696508845,-0.0348929067214398,0.0768989829338981,-0.0197805396857571,-0.0975036293884083,0.0153602061793195,0.179576215655207,-0.421124100108235,-0.0143281783742008,-0.104005718584183,-0.249520218663601,0.0404660542972964,-0.0065307628690516,0.0848971105783164,-0.0649142601817863,-0.00174950036214755,-0.364189422859972,-0.130281626290353,0.0279927515548753,-0.0322081354242621,-0.309869005662081,0.0786545720488589,-0.0810774040017938,-0.187110403339898,0.101520198930898,-0.264141074719227,-0.0988560236374177,0.0730368308307427,0.0638714259332312,-0.33862411178363,-0.3232325542384,0.260374827774069,0.195212094787224,-0.224278422183974,0.124668088805301,0.141202741665284,0.110509055921843,-0.187340161370083,0.0276981238660673,-0.0540569833094937,-0.1763332281733,-0.237668198990538,-0.25262545713571,-0.131910494194073,0.0738849243373143,-0.270457323255243,-0.0382427311572733,0.0672620542097352,-0.260507042244033,0.0653824408641519,-0.481151362977898,-0.204046583195945,-0.205608618676159,0.294157600014364,0.123274685091218,-0.334696565665297,-0.25737641161212,0.0676627944890609,-0.13558921938015,-0.00313817766111392,-0.123052317383101,-0.02926782785293,-0.186614419941517,-0.329055576678266,-0.187523592197126,-0.250402674559596,-0.0815758539677405,0.103036910948392,0.0976139096333141,0.0102653706533024,-0.227471110365071,-0.158169781885007,0.0780191689306215,-0.0680764282981093,0.0983640744126936,-0.0717846286750344,0.151967565777298,-0.204257955691529,-0.165553803028154,0.00429673276724448,0.0373604426491123,-0.0265799012834384,0.0964408912226176,-0.107073780141689,0.101915798209904,-0.0154328974594364,-0.27871465500405,-0.358342863633553,-0.0672015283548047,0.0071842163800244,0.21018921816822,-0.0747906221805303,-0.287363591720747,-0.0528423646398249,-0.0100101484960453,0.142627105138917,0.0556906530116973,-0.235035302745102,0.0883777608761113
-0.287869223539137,0.272955145906719,0.514812580001394,-0.25471331686944,0.537197211176074,-0.161880005313144,0.163794091400901,0.644956800448258,0.0464372242464057,0.344727877456766,0.435599961026653,-0.0368498732877203,0.667853725854962,0.594493480557396,0.483994864702428,0.513187142170846,NA,0.0739062499740278,0.100814845470878,0.785035740052021,0.296735140967256,0.366818762902391,0.0815891505887359,0.0397411854185217,-0.0141122591508278,-0.312665309850314,0.459782589301958,0.109076839490999,-0.197064762901992,0.139506668619618,0.227163614381938,0.0646715666299298,0.0165810270647067,0.287715344208093,0.113057899416731,0.133341010561031,0.204415747884952,0.223896799850698,-0.124427981819678,0.148938619177421,0.0400670953640554,0.10940012004541,0.156657765965349,-0.188748299495342,0.263658558178162,-0.00981598265669676,0.203760360256673,0.0829683219511786,0.430389176380179,0.105735404584009,0.157140203300581,0.00294469361656574,0.314170891554185,0.225023391423833,0.364052715303696,0.210277451183143,0.284307205726098,0.359073000797247,-0.00489112207188447,0.021218626612952,-0.0735014756888719,-0.249543511960615,0.0684337270196419,0.0301861622288904,0.198376191360347,0.367280622439907,0.0277979927059672,0.33060723212722,0.457185891920855,0.19587321396683,0.0847517153603185,0.156146439581418,0.284701921792045,-0.0642600022614162,-0.141872554951474,0.163025799176536,0.312798999014118,0.112044466227738,-0.0632171944247889,0.122929080608449,0.43694760576678,0.411334555341332,0.23003153142451,0.217322116576248,-0.0255265828232586,-0.12073912185548,0.394756117359546,0.332695658728431,0.0464532671468569,0.466811119041217,0.275918570728472,0.112741509644875,0.358902555343871,-0.31620802398432,-0.260810793469785,-0.0802256388866566,0.0372145186004245,0.195145199550654,0.277789436676176,-0.073770820392354,0.417325124386528,0.19702618899462,0.428209050300298,0.489018143413046,0.261423805800474,0.36799599389359,-0.00718412722993628,-0.155098996023703,0.18272194764294,0.113841861940799,0.332859159368725,0.199185233606938,-0.0143687945737454,-0.0690904302760429,-0.222365482346308,-0.47930322391534,-0.356329503799599,-0.0654483921815894,-0.0558164965875614,-0.0492470700011887,-0.0634981438342427,0.0974343254552866,0.0607747368225969,-0.432322655863023,-0.203463359032638,-0.0762976113188851,-0.177299323415644,-0.12549492658403,-0.0490270516235373,-0.101268618723067,0.23625819100956,0.312334125133401,-0.177904612857121,0.236134692086664,0.0417152740768195,-0.0371837348040659,0.614989315975582,0.529809222687497,0.161104631973094,-0.218762041701848,-0.0513759284251444,-0.0815691545050477,-0.0295596163055651,0.0106784547204493,-0.174753774130596,-0.182151540122667,-0.156881648409931,-0.127381884035679,-0.212529986203121,-0.246541752793833,-0.222059123797738,-0.247452307158853,0.220402556581487,-0.140646244656337,0.243692056012382,-0.116570830694368,-0.0292449582528843,-0.13057569136022,-0.0193988724472901,0.273338446017767,0.204955883942472,-0.300869793608737,0.404324151061632,0.274449082823834,-0.45790729740245,0.671047459189819,0.0183260533812049,0.109866993958332,0.299642957598994,-0.215764345551619,0.29386049849105,-0.0913214095407652,-0.249795768327277,0.0794339932248715,1.04945402440614,1.08406024175526,0.610034961715942,0.0579982460583391,0.269604326139222,0.140295339446188,0.0323386650645098,-0.0557981769803817,0.0753129710042921,-0.424989494939708,0.467926473807536,-0.233167041865758,0.304540437416541,0.209770600573543,0.124963462079057,0.233025611948993,0.0317252592603784,0.0268142129174011,0.0840605862987373,0.0665758974581756,-0.0852772360024519,0.323349267740961,0.477808503294118,0.460863570699464,-0.326634429772638,-0.229502367657235,0.252196960940375,0.100149166274937,0.264401735541822,0.304804081521254,0.0952055256458736,-0.0517723120688759,0.192448486026994,-0.0827235199457063,0.258994525236107,0.481139450667684,0.364488249590783,0.153307190269057,-0.0509422936099849,0.0397428670987314,0.167112420416275,0.293603928161919,0.28688010399766,-0.0314856220831463,0.0732449306110496,-0.265691274409387,-0.214050617406218,-0.294827269976038,0.392616977231135,-0.071118082530029,-0.134798887392647,-0.157621788874622,0.228500591497252,0.239799871665941,-0.0992495237921157,0.307192333580633,-0.223677327420603,-0.194875733307371,-0.0213175618453963,0.106215065307011,0.199779471674735,-0.0961387690101253,-0.01066314496114,0.28888764816312,0.287426469403058,0.0760507808668099,-0.069546114912436,-0.0719252635656082,-0.156170949250588,0.098064125213659,0.313202263104438,0.525667641497527,-0.0385011485954927,0.118553009605835,-0.0228189151631951,0.0547952104898094,0.482310722127384,0.514685454544709,0.310490128976451,0.501888758884773,0.470705823559069,0.767504795662562,0.184735277740129,0.365327078885719,-0.119035054383821,-0.167860084654755,-0.0416712755452743,0.348146340391175,0.0994014891789331,0.3479130156755,0.265834405812424,-0.0571053283528917,0.150901162115276,0.407369575102217,0.420485009834246,0.0717921121867918,0.509629226439315,0.209726646731952,0.0326704848860228,0.2068160768998,0.294600687059392,-0.167842687864267,-0.0292984908972209,-0.294855847089194,-0.212174262806944,-0.1703750437049,-0.245374455218553,0.400557288789013,-0.321418643239561,0.080721004834132,-0.124366524911479,-0.0394923982549734,-0.255301791551609,-0.331206857025525,-0.149047431157543,-0.201138993354363,-0.102324251610442,-0.118938180733745,0.292112352056618,0.257379473492858,-0.122740347987285,-0.216336246569765,0.358761805654254,0.463923324681223,0.240050476654953,0.318706834804004,-0.0195052161008191,-0.0395277837463294,0.369580737616731,0.234486274046603,-0.183128651585013,-0.0861783309193867,0.584029314256692,0.636218405497694,0.245734656221683,0.48120732911457,0.102774932262067,0.269761079402242,0.0599149850105741,0.199339953448486,-0.387302406237536,-0.384048620879185,-0.261378691858415,0.28937162499704,-0.353472161618659,-0.0513449886218474,-0.397913543889057,-0.425755892904745,-0.241241142817948,-0.453423784579444,-0.402780313510846,-0.401078400510703,-0.105206312073165,-0.157217861434096,0.211567677201534,0.340478289211323,-0.371157322080093,-0.171158444808244,-0.0678613297699527,-0.0777199411841287,-0.126704555489779,-0.165188184036917,-0.0693121440381367,0.0449198860423249,-0.0584186807492842,-0.199133073173916,-0.0641765888939559,0.115335825926264,0.0663743946637798,-0.0890685182256653,0.256777126652351,0.201601384725719,0.0783335287368664,0.0205111470594227,-0.202494756560315,-0.27713119583239,-0.481036743601427,-0.399365248662533,-0.0588771435800292,-0.128350877533629,0.226791369123412,0.183187213509946,0.326258928218701,0.422532234343957,-0.332448608242142,-0.340271351446228,0.227951940275236,-0.124119103283736,-0.226112375258132,-0.286841066557533,-0.0804427755326498,-0.0801410556123241,-0.106912906745507,-0.177354659663238,-0.0105847827384346,0.137697857029722,0.423436753713188,0.26767546249209,-0.0978034897495987,0.150783806251956
0.279324899641231,0.0183151848032861,-0.000380916771361209,-0.143873235210951,0.164261685191163,-0.0285437698970832,0.191668183711109,0.203454169467468,-0.0159715017157679,0.0770512041874308,-0.0440677632665358,0.225927581381173,0.334728259765357,0.158860794283864,0.146211469639694,-0.013071109825817,0.0739062499740278,NA,0.224662227861737,0.227621954172989,-0.202600573728633,-0.0930323759004422,-0.179636646618506,-0.00816657190293379,-0.111296396107352,0.0212218622921448,-0.0100804182390619,-0.0653916567192598,0.216296477849198,-0.307386791841773,-0.223537016252267,-0.249281178958622,-0.0519196799491222,-0.31276946508282,-0.0460053446290692,-0.178201023953038,-0.351385159708487,-0.0044726636425283,-0.260085336754168,-0.103919153624344,-0.244583177873301,-0.197985886709399,-0.301408687733148,-0.0505426647716497,0.284542596483762,-0.42681724806759,-0.0767465341179311,-0.165857567061164,-0.148093941991979,-0.0763733252588619,-0.144743997215613,-0.167941243380876,0.0102793520064916,-0.0704810043589956,-0.0805257244159153,0.0189062966923868,-0.0289377359305252,0.0356790381301059,0.0501092148211267,-0.178992062737133,0.276144084061276,0.144943848462092,-0.191481496928136,-0.328882855894282,0.259941817406448,0.0751243125323249,0.234727386159167,-0.0587674819701917,0.18911620417468,0.305682469711877,0.197913162313463,-0.0371286121873708,0.159626972269047,-0.24092632794013,-0.0881837355002285,-0.072276611968108,-0.137074212008772,0.0154463750342589,-0.0494158482229986,0.275158530047956,0.0864570914458607,-0.165164975054827,0.194514887795342,-0.0693616297965051,0.0915304145094517,-0.0108900084019287,0.0151048606763702,0.145213868392533,0.175460899037652,0.0206138329662808,-0.165887720592544,0.0240852567478704,0.131847688530022,0.00568096294987862,0.147000592815435,-0.00671094310697737,0.00307118699417588,0.0877066089904597,0.0296719320828212,-0.137484059339715,0.0915069500419445,-0.0352097239956037,-0.18209039306028,-0.14543016955457,-0.426383470998886,-0.226770057096093,-0.121439813316037,-0.232852327114933,-0.114486562853363,-0.154236787076243,-0.00680244592451753,-0.398321557028487,-0.120003944934606,0.0951022348365295,0.151656676733118,0.17367929020222,-0.011766985598116,0.159500332793244,0.139213901717438,0.0662390482180604,0.0509386187076522,0.144437460880726,-0.0773205989165252,0.0300426928246002,0.0989669897575267,-0.071913184291965,0.116447931449738,-0.149015933044268,0.222174065331139,0.342252441655293,0.244646499583707,0.0886701562569166,-0.231933747990214,0.118712109471092,0.110559501428747,0.3316589023008,0.203438613250629,0.199001703641732,0.143299848833966,-0.105772796098429,0.0969637041262108,0.264676133041735,0.288656035953024,0.548730350459251,-0.0616244905352939,0.0161954670035465,-0.0741881957503841,0.0232881359222987,-0.0645549539309493,-0.0161294110224841,0.0222557262091402,0.141136562924101,-0.100348613880151,-0.0113326451826029,-0.119146194897865,0.0354670575924371,-0.0998259462064654,-0.141674364636448,0.101209343061933,-0.268324941635965,0.113832713582475,0.330623405257171,-0.0890244414753487,-0.158402501589663,0.128842115436894,0.0871371037629348,-0.0232289236019537,-0.292283488953245,0.229958160175956,0.126549316939106,0.121864794865371,0.226094299141977,0.277496433987321,0.444530636236345,0.143948767209329,0.189028816188451,0.133095827155564,0.581657367865253,0.327688715948524,-0.208323533972167,-0.060235322723748,0.0343015829759481,0.154834979239037,0.271415487003009,-0.0533464637650825,0.0655095456095669,0.161496073597541,-0.116929115259144,-0.0489303008067939,-0.118758306950903,0.0382821514016181,0.0061142367920409,0.0432609132471831,-0.0692993706971469,-0.14889393284263,-0.330653687781231,-0.219727188310414,0.0866934463696429,-0.133209358525733,0.0956213817696386,-0.00622131592228593,-0.321545078140193,-0.0189078050657381,-0.0849100804765843,-0.150341948882066,-0.264119607796108,-0.0781330912853302,0.0410589956974758,0.00176225102002139,-0.170693864346779,0.139256943514718,0.00399506859227464,0.0142060168166529,0.0688049162683137,0.0582513175513008,0.0227024866295462,-0.0814765344730145,-0.072154743806578,-0.0668484434342551,0.188753731628537,0.274534105168111,0.289694788204633,-0.257687550901102,0.0639226729157387,-0.052235080025109,-0.0460478650011444,0.17946260239871,0.0574404953301355,0.317836396354038,-0.2346206770406,0.0224782368319533,0.0359380283634714,-0.125390178811152,-0.0761451922519714,0.040414264015242,-0.148082394293527,0.177924584087743,-0.069384943641579,0.0165946663390826,-0.017824556577315,0.0265065257106634,0.0604102757125115,0.185490083446543,0.0820593004098371,-0.205626478171112,0.0975854593060972,0.266417510261588,0.0241684180967329,0.205724095661032,-0.0237440852962583,-0.029178943693027,-0.0902678426751121,0.10254206303284,0.0624538035436706,-0.0525324495210161,0.131664854745786,0.156818118198607,0.11284291705064,0.149332002667942,0.0847607706171642,0.0901876884368489,-0.0956437755664152,-0.0434761880365623,0.0295023188770172,0.0988964686047118,-0.01257362011416,0.22414760528159,-0.100571963276072,-0.193805829454607,-0.0118804184411388,-0.0703493391159954,-0.15874445247813,0.0167110608069106,-0.130904834653191,0.0142492374614513,0.326064725506205,-0.0454177450380138,0.125765114588058,0.339624468809177,-0.137696245657415,0.370764564683222,-0.243255848335793,0.0661454709920139,-0.107882254799294,-0.152852470886436,0.135320842455065,0.193602928831973,0.119954923494957,-0.0215109130677968,0.297283538313902,-0.0987803097231968,0.0645135092164737,0.0349506629960527,0.468079462799397,0.224060895548541,0.229063215788239,0.23318274083409,0.22440061333647,0.10723401935186,0.0915822053227135,-0.0922599858484061,-0.0975416004566303,0.0904803214262551,0.0545327049400235,-0.384744601120802,0.185899330569524,0.142699278924368,0.23650177347662,-0.0606527372175992,0.101981809500732,0.338496306416141,0.235980354871218,0.425133167526491,0.205632942216702,0.238309073640836,0.165257955619542,-0.0801076250428417,0.0135135485991936,0.211959573487111,-0.098633734013134,0.115395316037006,0.207679027885494,0.176357367485645,0.0693467213004949,0.201166664361068,0.215671652262384,0.11856989794489,0.160956241221132,0.0645750673291022,-0.0713567801132675,0.226992158684603,0.355410341377314,0.0559883161695766,-0.163689771382142,-0.267798362944388,-0.128546521909922,-0.283451290053058,-0.127069243361683,-0.113377479153748,-0.0381929469576802,-0.360907522954578,0.398101814699012,0.68792821253871,-0.0880142914765526,0.099698832903284,-0.115616224661878,-0.230656091336482,0.160947070871993,-0.101901793695375,-0.163378564364305,-0.149790627369166,-0.122541057375247,0.0438089932818224,0.0960415820473365,0.146126880270415,-0.12231702371201,0.139776049383752,-0.195493166090536,-0.0595732905456126,-0.155393453486114,-0.130691701640996,-0.339843762954124,0.144456505249916,-0.0387973056994777,0.0268301331550662,-0.153070434940758,-0.0762643308071436,0.110964181336355,0.124105254504026,0.0050480320906148,-0.0519469357276949,-0.17533776932466,0.109947454092606,-0.19208280212166
0.0355038719147339,-0.253473774239738,-0.11981474802071,0.0499381289236489,-0.245631469487259,-0.0103414288337965,0.311768794249031,0.0306936714265822,-0.136656840019314,0.348879014867309,-0.0762264600995062,0.446670668046704,-0.0546899181915932,-0.0405526923168397,-0.0702361560568106,-0.108168492805724,0.100814845470878,0.224662227861737,NA,0.042960141237175,0.17009036409573,0.023533064836882,-0.0617418252085078,0.0178301289880962,0.0766100814966971,0.243802248726232,0.505745782067582,0.614058396884285,0.389097819573619,-0.119409670847356,-0.0275126452684753,-0.214851603382463,-0.227361000237348,0.163253347781618,-0.204905171824446,-0.252059125742519,0.173840938874402,-0.141722477857981,-0.0189750805121327,0.216381876394591,-0.0844178153852463,0.0558271807564888,0.0233195157739757,-0.0956407250944028,-0.0223242924752934,0.0771181665294011,0.117951159278986,0.19753103038786,0.0755703247956239,-0.117142307327356,-0.22784135109655,-0.0949225917109677,-0.0339087235784841,-0.101691975235969,-0.289836951005909,-0.18949589673467,-0.019453511353246,-0.275647848048052,0.189934382700379,0.0220990292940434,0.256663994830227,0.0323260654571708,0.291409089896851,0.155643535946642,0.245910825051203,0.244586991266535,0.333633298449182,0.0786222471682075,0.098339389504424,0.14313261758044,0.28251021912537,0.204764153793171,0.0111534332339496,0.109940144713741,-0.129984800445065,0.269335960704083,-0.0695187194364861,0.0441629176773914,0.0958314996326151,0.225738200985344,0.154194919746433,0.189678635369882,0.240804729343148,0.17413098491231,0.152141739532713,-0.0113435774639822,-0.3251261481726,-0.132382995347668,0.227232768049915,-0.148530274292803,-0.148125218311752,-0.109168100736066,0.207474006681154,-0.0608764684545208,-0.0346132080641526,-0.177562465639895,-0.426486162270509,-0.140122453195776,-0.243040072426484,-0.295086418541172,0.16612279154097,-0.0672079952707551,0.25246105372304,-0.0438566914203253,0.164331980982524,-0.0280672699891812,-0.0545416358857959,0.000671470106809105,0.0258112240859654,0.00532062090226985,0.369436878189766,-0.00209186264912595,0.0668391995409684,-0.168442031362848,-0.0032582117426886,0.165359147510504,0.104361646667365,0.152780554054622,0.0976023449544562,0.155037617305559,-0.0557804831825981,-0.173464569820902,-0.0829325611278918,0.0744115713333106,-0.0104552552484259,0.0136731033336062,-0.0471291893251813,-0.156776419050644,-0.112182107121712,0.0695897784603827,0.0761335745902154,-0.122508804052692,-0.0837534931061614,-0.149678760440709,0.0288863543483438,0.123896977468349,-0.077243173772298,-0.133826993805434,-0.137903707609155,-0.0207834607316036,-0.0881421085086611,0.0974251282543019,0.0408112060092707,-0.0449836377996262,-0.0897323527442792,-0.123859391785481,-0.157665160751974,-0.273888276080737,-0.0486995332844488,-0.0381671343229968,-0.187792554118546,0.331354069613133,0.160445528820892,0.0217213078415163,0.0799838821369151,0.0229583061619293,-0.173925780314483,-0.0795341367161972,-0.119246255119817,0.0311803809125923,0.276086035203418,0.00587983831128295,-0.251705901284902,-0.00671074300328873,0.0109529668159906,-0.115525993487156,0.015351210454595,0.101905333954468,0.124507953907329,-0.120962446772091,0.118682509919647,0.210431621335378,0.37388301332669,0.000718333588589789,0.0265032968312019,0.0425619587027638,-0.049103763016557,0.20585205135775,0.25042738720778,0.119807912154601,0.0141370401415854,-0.0292353798146382,0.299956187603301,0.294026712481031,0.39899520322819,0.165401617093194,0.41698838495822,0.149162496493188,-0.0688403960355602,-0.167453276242763,-0.22475160031408,0.112807377032451,-0.214813577098301,0.0658628795144915,-0.100997740394783,-0.0664552425376745,-0.134556546319019,-0.254075859479101,-0.077456604802258,-0.163254371259674,-0.127988996629338,0.248517004133384,-0.0859068770466162,-0.0872391217979399,0.200803819000144,0.0649984338082158,0.232846394458039,-0.168225286869745,-0.271770744320086,-0.0962143782032889,-0.161827144889876,-0.136065983312074,-0.0507853030571397,-0.145829480027428,-0.0358504123599443,-0.332648918338354,-0.356445624442407,-0.376372122671683,0.208914512094033,-0.0754750868225725,0.178804312567659,0.102956982713142,0.0191184571785956,0.0204760639829299,-0.115433559819978,0.0676025663708312,0.32819988690896,-0.149944326535742,0.0366560861522591,-0.13226561161917,0.15342980201661,0.0297040261945183,0.030386646755545,0.0698649289388722,0.233127466803586,-0.188884484827004,-0.00468602390480722,0.0442554602857398,-0.131680477077214,0.0693412325922955,0.060540530297161,-0.0125814285992429,-0.0577113370636347,0.263203387477093,0.191597839746617,0.15365623634393,0.0317294022415485,0.393006383845752,0.0888391680262463,0.382317846526804,-0.193530518790665,-0.374452880846911,-0.123405991694604,0.0663463269608002,0.0265762864265111,-0.121642944347122,0.0892348937620235,-0.230739865316067,-0.129555153741295,-0.0847251600469948,-0.095109351983885,-0.161829403744519,-0.157174828387778,-0.195367951643944,-0.430494656060726,-0.0880708798170773,-0.0204358627827677,-0.0291298240138396,-0.128284545534535,-0.296503479568659,0.0850549659219182,-0.00993887169839985,-0.140026104535784,0.200304138232811,0.144653292954816,0.12439586265215,-0.131314790728466,-0.107495705977078,0.0945604671090936,-0.0202866911606909,0.069126528245952,0.161275652070253,0.0967242929537614,0.125183555989103,-0.0925848489024687,0.107558889055878,0.0809129717274808,-0.0558477806925867,-0.174147497254568,-0.0879530979613606,-0.091629568267363,-0.176562616842372,0.126487566382832,0.0997363479146895,-0.119071079766401,-0.197999926175649,0.179864705266142,0.00519335335865713,-0.149398349553982,0.0451089801278749,0.257779235841294,0.0735880163014433,0.0634570979253872,0.0786206318038049,0.0733315772145224,0.339852126146253,-0.138142877166986,0.0154037953714433,-0.00040532632952119,0.0584047881338644,-0.0226105313590445,0.0560248490596829,-0.187835613424019,0.195646791224738,0.0274670351728832,0.195504760494741,0.181739759431772,0.125539601450102,-0.280407974878892,-0.0500854951839165,0.0593639419632392,-0.131720218694212,-0.178682524014217,0.162736766767269,0.0215673747267218,0.087866321349191,-0.0424177668084082,-0.00111112609062269,-0.0120694952774014,0.0460390196701077,0.0358715950166918,0.0749104713871575,-0.130929694038693,0.366203525673812,0.414483691217521,0.172838154068583,0.0621736229638584,0.103165708027371,0.148566720412471,-0.322161497006381,0.0928470898396525,-0.1283411493099,0.076980210469082,-0.00971865542495768,0.350232368935555,0.287118380384955,0.0486510801615398,0.200555512022998,-0.421255317832326,-0.235878114845942,-0.192634326804478,-0.0848286401332073,-0.128364448153815,-0.221998429176613,-0.144229670143471,-0.290637223326648,-0.162161800320821,-0.155828033417887,-0.20398904393515,-0.111334090491389,0.0136837783696878,-0.125316151855612,0.000696483149698739,0.062289497504885,0.0831471511046145,0.0120957072168184,-0.127551039987329,0.0374992047246218,-0.0670708637614698,0.118641282061149,0.170314249193833,-0.0348183148189047,0.369971218784478,0.237825907927611
0.0579968833182556,0.445493573307509,0.666622347400721,-0.0556118412994428,0.420834639456805,-0.155619029211934,0.134519382994306,0.923104792875535,-0.0135358386132631,0.254147713188828,0.231887405861132,-0.0712478283838199,0.976608625802279,0.95640175473793,0.150249321056126,0.564556156013922,0.785035740052021,0.227621954172989,0.042960141237175,NA,0.218787594345201,0.291439565212071,0.128183207589019,-0.00492173277186775,-0.0142235204182817,-0.143932245954938,0.220717421444964,-0.029273443638554,0.0383063446947702,0.0244120554330436,0.455079754899006,0.342183435035511,0.283453077017777,0.275888546572218,0.374782516625943,0.349269011950773,0.319567660421883,0.562670303819501,0.1473634763254,0.106510536050454,0.0924581255471874,-0.0854439312006459,-0.0558855561698332,-0.0404698864781442,0.40399985532913,0.161832940221806,0.473532105123484,-0.051751289705928,0.258958324354334,0.210068182619444,-0.0222184555495808,-0.184385194742864,0.482848457085992,0.172513956769417,0.214939488879636,0.269155754140247,0.42643209099613,0.326718071751549,0.260218914884253,-0.187846866251898,0.19614290804194,-0.114679792138882,-0.14553960512549,-0.185858112875086,0.406862629306224,0.360916918021015,0.19352111882799,0.410842972308248,0.555355571004177,0.485274490112297,0.0962946433087625,0.00350637171989504,0.241035706933074,-0.224888688237147,-0.0724742249875815,0.0348842493503214,0.4001280201937,0.035680741909101,-0.139130260040775,0.074304593227489,0.264497180587222,-0.00451956230494283,0.104994110814409,-0.186931022653877,-0.152284657463548,-0.0556776770160688,0.362596312060802,0.292368396191339,0.121907331775265,0.82052171146974,0.0704048916458552,-0.0146114639832206,0.2716942831605,-0.213303508755358,0.000991846949753159,-0.00823005720588382,-0.169319677632411,-0.104691428974703,0.458066888538755,-0.158644745396605,0.359299062643258,0.0141740798407087,0.222016237656947,0.27717980341354,-0.0347559374488737,0.0291516841631846,0.023671973311394,-0.0408451186675167,0.150070946853999,0.00206937307696719,0.274004046480274,-0.0488356614888822,0.0210948767691342,0.10879211757587,-0.186549702779485,-0.247787095052946,-0.0250871684749089,-0.176966572651013,-0.0510821194387108,-0.0626648852960139,-0.0961618347359083,0.0642862421633438,-0.0679081627654682,-0.271250295710814,0.0418707720564925,0.0835525993622033,-0.01040071379729,0.212567452339239,-0.239917360515805,0.155462109305537,0.510632660451029,0.453348580585006,-0.11653580776202,0.0838447855388895,-0.340847829372955,0.268470671197182,0.722405433499433,0.350446490737972,0.228349602632403,-0.595072125672862,-0.220733147638196,0.150976971570011,0.200791891099588,0.3289914121164,0.0102185593977923,-0.0320311153989459,-0.0013117066869941,-0.0468608278643964,-0.0643585713677052,-0.105104523038004,-0.168287279243268,-0.062636786712869,0.0601566331481125,0.135304918286384,0.222326629459694,-0.160077263298303,0.0410170886819734,-0.068939077917813,-0.1359338736517,0.181730987122484,0.265716549975691,-0.0104775141341858,0.538472620866522,0.390159542931246,-0.138286899829946,0.695607598628438,-0.162962561534042,-0.161946148027195,0.286348700638774,-0.0871758494649227,0.305834314559833,-0.169067381364753,-0.133462698996021,0.474162439877173,0.61066175279756,1.12378082480238,0.894530262169371,0.0906887341980236,0.0433733385660487,0.0908539186750275,-0.0571399868968827,-0.0712492916093955,-0.0396883726211608,-0.146766332349171,0.295044258925595,-0.0619051285277734,0.0861414918251481,0.003265860706711,0.129392722954844,0.408566519579652,0.290690119539759,0.00771679947300181,0.360036367335537,0.147153333718987,0.127445865953991,0.124572897504492,0.518458983331535,0.415678853675434,-0.155437400143031,-0.0279719255839227,0.593808608092926,0.138144689581526,0.315161760284502,0.392788226367917,0.274152969707702,-0.0271383769693179,0.0140731877752608,-0.0372939471634845,0.282518665110877,0.370138998916812,0.252614729094006,0.358293806971057,0.22571144571127,0.285818808524577,0.205038618343287,0.543792233030076,0.371838731418689,0.266684365656228,-0.25411006241704,-0.12560020106849,-0.133127697745408,-0.166554647631754,0.266446492459224,-0.0336073380515928,0.0199497607763446,0.0710798077274602,0.411674838988382,0.321092129361793,-0.0330901894667242,0.313759979120597,-0.0856172669466395,0.113151349821456,0.13965076116357,0.124526497574838,0.102141999144479,-0.297569950645321,0.00750190263096012,0.306358011682255,0.3662709413315,0.0233304972544307,-0.0800592949109879,-0.166836968610382,-0.164801224400342,0.322085275246993,0.0549646198382776,0.425871000338738,-0.18074141518169,-0.198221284851383,-0.230297693248451,-0.237129101607513,0.404213228917398,0.450888537046877,0.217458621022913,0.256905591132822,0.702699121489594,0.748876004891283,0.17546793833934,0.255729319874893,0.104837427722475,-0.135517864558131,0.0280020603218914,-0.0355031018518864,-0.210101371594076,0.559321798960692,0.309172181935505,-0.0361362344006,0.212346977390651,0.441373235921651,0.375162724756017,0.299146412097943,-0.00944461363931448,-0.106934494858661,-0.267552669334957,0.0698933336211853,-0.0216635264575354,-0.0737764196695941,-0.128544863899866,-0.0998040787247458,0.0125095309423413,-0.226165214217859,-0.051905389070604,0.144907144046355,-0.343397730640102,-0.0260977043557619,-0.246819004664006,-0.103123197264789,-0.119460760124919,-0.0242190184567116,-0.0654385304562812,0.083054575916665,0.0211990461070841,-0.0724883409706711,0.297620347546908,0.350650586139063,0.197041622979121,-0.0586550941134147,0.392267387780058,0.596612354912494,0.237324333284664,0.197476890548651,-0.255995803848207,0.0804929755186923,0.160318911974509,0.225849106389959,-0.550405797187444,-0.112050953087686,0.56145772999444,0.634023569130923,0.0762600654844669,0.485442493904071,0.443756174980382,0.368804884491179,0.134541057031937,0.340567010359214,-0.0308603243594306,-0.0806508954123011,-0.184987487366841,0.0693995193195568,-0.128279218253241,-0.0844688333670072,-0.277221130262502,-0.0995953653947912,-0.0121306527770093,-0.239568769317422,-0.0698839383045315,-0.401286950739312,-0.124878039613193,-0.150849568043432,0.42590607497848,0.188835141118176,-0.137767583612986,-0.0815492718031519,0.0820145114314845,-0.19181184333589,-0.141617439993589,-0.223268790178776,-0.133808421590384,-0.177911656357879,-0.233444823743473,-0.325880270984916,-0.417275900637117,0.281357726827051,0.351183642798355,0.0299549799308975,0.232039646500209,-0.0123871051868694,-0.30935201119714,0.122754200732046,-0.163768565153518,-0.0645384666185964,-0.389877282373963,-0.216126912698345,-0.124832112513502,-0.133657759081374,0.310352302245867,0.291590894691425,0.377934904606246,0.394504097536918,-0.159517349157081,-0.171049395103138,0.414671907929134,-0.0440840893359825,-0.1953452378357,-0.204898428969342,-0.124600077909511,0.106306241270471,-0.0196803621116023,-0.145108872199367,0.187355667545511,0.239129543956281,0.317336967292971,0.143137252792359,-0.331109602632722,-0.0222568641000674
-0.174359487996838,0.783329822296963,0.475935893350425,-0.0712758253150385,0.0742971116704149,-0.10766494380795,0.225250394544323,0.576909746239304,-0.237103349806721,0.455457580776968,-0.127574260034311,0.389434175812859,0.176525560780956,-0.0712559141183923,-0.339744012755857,-0.0239962140860459,0.296735140967256,-0.202600573728634,0.17009036409573,0.218787594345201,NA,0.577477814529276,0.0951454521024206,-0.36666028920374,-0.0761893076694132,-0.0613236060193652,0.54417640215103,0.35341552840191,-0.130686624134981,0.654413464725258,0.368545013509128,0.421519214810103,0.0700506858472567,0.657160686825059,0.308314508151382,0.481606580596676,0.867490228977417,0.574511204481795,0.276186829291429,0.134150188098582,0.614085740220501,0.454411483561375,-0.0208080959173218,-0.291476622406223,0.204614122716139,0.354927360091866,0.50873279456873,0.585155830034087,0.846980932882624,0.865807402482209,-0.0951498540111182,-0.0422143651058875,0.255771904850834,0.398639110192786,0.451036442166002,0.481077228952959,0.863061349454717,0.451624034164517,0.124617845012546,0.0185808282375511,0.214963342834857,-0.00114109256662154,0.381526728177674,0.092902587735933,0.316185554897426,0.383806077304505,0.442031086428042,0.454647941296575,0.187759507390368,0.203909349643416,0.063092375110774,-0.0994539643504488,-0.0136575787942886,-0.0997561210468421,-0.365657151815479,0.471089414253065,0.504013349884589,-0.15546529547958,-0.243990274485604,-0.0764094632463242,0.308859939323366,0.267936975388389,0.0745416313483818,-0.052616993897355,-0.504331467826016,-0.547528004331302,0.400574974531548,0.0935904654952675,0.402513289882629,0.563423367483605,0.396688374013673,0.255741099216942,0.895589518790344,-0.332665801851907,-0.392190871795285,-0.308210535479885,-0.174512005049202,-0.249931277464751,0.304324463954547,-0.0745511685780666,0.362107503054104,-0.0652636329999996,0.763836157998148,0.346352450439413,0.633153774105722,0.155520995591989,-0.293666274039669,0.133891271598823,-0.0782483446310463,0.036781902462039,0.471119873641606,0.177995887006901,-0.048913250086157,0.0550246545062241,-0.192322989788368,-0.457108207559771,-0.194562844535011,-0.437328498406205,-0.333182942209162,-0.148910221964176,-0.219326733146109,-0.378398199047186,-0.070523651985984,-0.0593433750352402,-0.236460126768504,0.0549105962453246,-0.00101510454111378,0.0698664316520989,-0.0371723724637917,-0.0412940504899349,0.580099557862563,0.279119041509109,-0.0975938715350533,0.27164443254249,0.0845276688364104,0.310657171153807,0.369112914370168,0.0388690797379283,0.196021473410125,-0.549298902378758,-0.208352397039153,-0.224543045479501,-0.0329796328034671,-0.108969779250862,-0.212736101257482,-0.272459246275466,-0.218148614974337,-0.256841210375666,0.0577415929525233,-0.262458346102832,-0.494724084805426,-0.106933308943827,0.554753236386659,-0.281136776100049,0.419944924335392,-0.41337621650267,-0.371233924307622,-0.0836597052656505,0.0468866919451907,0.400130256701139,0.290178779161842,-0.137042289306994,0.814788592074227,0.303161164881287,-0.270941904823154,0.45205247899369,-0.073863668247494,-0.0429697703123708,0.26962493145247,-0.42393454078037,0.175534796060271,-0.120224077673377,0.268064186274279,-0.111705852578056,0.0441838022776799,0.216999654961043,0.416210390042814,0.0755920559169031,-0.0828108836567924,1.31185097098049,0.120980350115074,-0.322016370705499,-0.186606040834309,-0.214631650982449,0.633449822880349,0.0655301235162267,0.483905490983946,0.591929460739376,0.757440708804313,0.40041154730228,0.0181085940733275,-0.0567846028710373,0.194949988669813,0.181173963408248,0.19179065631858,0.530727449160948,0.600315916120074,0.235821527814273,-0.221661176289322,-0.578283477426906,0.258894401812422,0.420456881716241,0.501458376550463,0.165671332097676,0.199091691775755,0.223817357623582,0.435224756553973,-0.254732661165178,0.475707735001803,0.595443181309909,0.168808927780016,0.152504481909424,0.523339250493536,0.376729834989396,0.271298054031899,0.344151437403664,0.399969052153791,0.13475849292423,0.288293889918882,-0.387459328289428,0.071534971049458,-0.312154269962935,0.729102406943046,-0.0486558871671474,0.088796043955386,-0.0175735615150988,0.345769652680167,0.268016696358435,-0.0384925376895374,0.376931204100576,0.0307193348415481,0.103447837099037,0.417763632135712,0.314676096583266,0.0822558362920036,-0.332863670552139,-0.407336475343947,0.431202470025596,0.586755502567758,-0.13518986449781,-0.437038062894926,-0.613127582152612,-0.164760106620961,0.3476976956596,0.30044978420322,0.532552912773009,-0.273024489608246,0.310620134060832,0.123751338881184,0.121553639441072,0.503157751325374,0.387873333146331,0.10267171483219,0.713085820048978,0.674402673920811,0.464180031640691,0.206284950515404,0.279011263993096,-0.387954880637879,-0.420833846361915,-0.360957185562036,0.0897230792963507,-0.179142471098885,0.515569786572186,0.00272048500662298,0.200861432585618,0.305205091313123,0.183685275436219,0.351284768196081,0.269915707665602,0.140216284066089,0.481343273979532,-0.251954549002416,0.235812668313538,0.136692956073947,-0.260656417660586,-0.266106091386765,-0.453155540140817,-0.498918549911664,-0.321860962195313,-0.46713986606536,0.202239452362467,-0.24165486752416,-0.130962479728419,-0.0804221368305317,-0.0395724186530861,-0.474229804803338,-0.31398774413226,-0.3445638823584,-0.0863625503528491,0.0807942702264294,0.0290699589503541,0.414971305977901,0.0745603464039349,-0.106549985109388,-0.42242136739606,0.217597688099364,0.425006555314207,0.385350999404786,0.188314105165714,0.206480556736013,0.0677100093119552,0.120711469515626,0.0258044431031178,0.0756853061653473,0.0639392497219206,0.268616830099689,0.338951944953734,0.295513592390225,0.676762509498995,0.189852676146242,0.150228372012778,-0.266340187249895,0.183875559191535,-0.455133699270074,-0.0256378599701,0.304430401101368,0.224780479070338,-0.635162118673898,-0.234238374218242,-0.30559475790315,-0.533162655864522,-0.478761643938468,-0.0682426175147551,-0.385121500306718,-0.168537744963271,-0.487197102972846,-0.644619452351564,0.170190546781693,0.29343081455312,-0.103716947113784,-0.0872532556967736,-0.0987902366478406,0.105045679289357,0.204515410120487,-0.302585889095572,-0.282177891330513,-0.211208796516377,-0.122321812710642,-0.396126031573473,-0.137213917583459,0.0646836392690424,-0.10543565387844,-0.074421252116283,0.293801963509324,-0.0704029294539817,-0.227140147025988,0.0717021798730801,-0.381151581491937,-0.378210814577431,-0.448330346954979,-0.452146264041432,-0.0214967220253291,0.0233377839801768,0.286673199080728,0.343121777340202,0.182950007366827,0.362799867714026,-0.372383272795186,-0.50784491092469,0.492943783876096,0.221824493463098,-0.119631604996575,-0.264967886676498,-0.0932041919379306,-0.331065003915087,-0.24463227789186,-0.132203347270818,0.341894741257682,0.366871025703154,0.204048083068993,0.200850811633537,-0.0173585266503104,0.192957203209524
-0.490804884824376,0.576537951045179,0.551875621787625,-0.0852335590639285,0.110735242755613,-0.177995432923278,0.185166793210419,0.527350226015265,-0.184434930769807,0.525961821519114,-0.0754759253462595,-0.170794246394054,0.309936454299942,0.213806422925976,0.112808995828075,0.0214124772923456,0.366818762902391,-0.0930323759004422,0.023533064836882,0.291439565212071,0.577477814529276,NA,0.515529753106923,-0.191525702492376,-0.133712202327759,-0.262097980034163,0.519671441677563,0.362631435451663,-0.123694227214185,0.35004766554651,0.194572060145247,0.346043175634133,0.304453898962499,0.641979332073698,0.383343146698958,0.451061371123426,0.560549661503985,0.615152568192921,0.461279714612081,0.176916331307898,0.721842152563903,0.244794887829232,0.268601113340283,-0.229779437820923,0.512138920533165,0.0774523003737517,0.376025234496396,0.268666107704825,0.854124697150873,0.562376676736152,0.00024892617897439,0.0181981771160576,0.182576836713292,0.434808546285778,0.488515833039906,0.418571137799054,0.278862353097641,0.662904245069985,0.405731758422056,0.525132584154223,0.184593541779316,-0.0315669102058277,0.310822066459958,0.410328246466766,0.23002716092285,0.619031092475754,0.513242190504454,0.538249525016919,0.385765668207368,0.0278133278858436,0.0222145868159738,0.216481965833999,-0.031200589108634,-0.160908012298544,-0.191490974949551,0.228024641182347,0.54300739618635,0.02321786598008,-0.0826167023730491,0.0192751215851677,0.320290601061396,0.428453220121529,0.172386641055596,0.0670181432706506,-0.368172805207512,-0.368917283218802,0.19885925049398,-0.0633278735160679,-0.213528476025495,0.480582066618853,0.175752013188576,-0.147944445906681,0.151574295018096,-0.513521511953487,-0.460092944788539,-0.225715574961497,-0.0807128732926931,-0.209567101320846,0.244893098499109,-0.145650213368224,0.359861725012792,0.098356732669243,0.524658170299196,0.609891518419902,0.355884342076468,0.447319660669161,-0.0682269145599793,0.0415254915920311,-0.263074146166835,0.18296631825686,0.530526753905134,0.374461627538636,-0.114038462261007,-0.161248226220535,-0.195214495996969,-0.454621218932617,-0.0713563964987898,-0.140900581026102,-0.250030844772526,-0.188408257139636,-0.0449846414958328,-0.103337228309077,0.0286547460859858,-0.297825893174524,-0.211090046011472,0.291294246898473,0.113296788696914,-0.0932503468745022,0.0641099432607919,-0.123699523173201,0.353426499385848,0.124084708282221,-0.294987013929442,0.141615281821341,-0.113209631177393,0.117194187934075,0.367644727829039,0.25920667609443,0.126379083019054,-0.244601123807582,-0.164614625334526,-0.0428278959948754,-0.121819108007958,-0.16749923227081,-0.158015190488418,-0.186147604950066,0.062198483958627,-0.225942222007501,-0.0614818541907927,-0.336776527407435,-0.455585540005304,-0.221175356135116,0.415710959195255,-0.13760429825092,0.354449724275382,-0.383865885388453,-0.112620038180079,0.023145543950362,0.0269361699242723,0.540359974544581,0.244938806288634,-0.424481857497084,0.394738075669847,0.271005536921016,-0.207767792067969,0.330107867689082,0.209622809321339,0.121926071126905,0.153573705664365,-0.332811535455006,0.221393330931997,0.130441659338196,-0.159101426125384,-0.109494721658131,0.333025465452484,0.346472085603258,0.352568926741456,-0.173926211111626,0.00698282072257007,0.423661620926948,0.00469454642927642,-0.206524601389403,-0.0559175664937786,-0.233362248385795,0.415748344262188,-0.341014429690251,0.5706004087663,0.458675252441635,0.22331997292681,0.25754244017513,0.186817353639057,0.109542453114435,0.241545346566711,0.0492122466808321,0.167888856595692,0.55872824330501,0.499914794625102,0.342336316685984,-0.26995818477536,-0.266813090134019,0.208758778061273,0.215533893238714,0.428156610764721,0.290233250810832,0.144891338432113,0.034193830476672,0.646168197303051,0.0647834257729128,0.402975403730949,0.616060067311816,0.224576618142905,-0.0021480752889663,0.31618365693704,0.0668775336837495,0.591310031154107,0.357325742965956,0.419598183463528,-0.0813249184295751,0.260622239391481,-0.292672039734617,-0.135681631643431,-0.310153996072532,0.626598795124549,-0.0553279574146444,0.0216510050416967,-0.00915600391529846,0.248475573288274,0.433229795567548,0.181988359821817,0.452025446295841,0.0793369688531681,0.198331558512641,0.30790036465649,0.26989077760993,0.298666005667057,0.0360883098037609,-0.124181561815436,0.289918442354621,0.515417257842898,0.190505948472763,-0.249240894610515,-0.275283897872858,-0.0580946317978838,0.197849896475119,0.492327697079669,0.594343654654324,-0.0410795123164239,0.309266651717756,0.0807594916075345,0.18528971612476,0.358163232742318,0.205078973526227,-0.0991318833941165,0.211773299526678,0.613548042155528,0.351965658856895,0.0013239430460309,0.136293954014723,-0.255805726209122,-0.134374706208519,-0.100277294787351,0.23996141600148,-0.25352989837425,0.288069708192022,0.112508528099504,0.029140310772753,0.156807818124769,0.329360248732407,0.403707468357975,0.325788534962103,0.381399009712197,0.312070334763118,-0.0441297693242445,0.42949383835444,0.330918278302838,-0.303649676799944,0.0853891366036056,-0.330734889139204,-0.316102646745236,-0.090150367969518,-0.322031056852702,0.231434382277752,-0.129111121139265,0.135130292289548,-0.129105465676725,-0.0274457172555724,-0.352104449661325,-0.327934661649425,-0.167848322126537,0.0260325531205702,0.0683688918278742,0.0856255836434195,0.244657928648768,-0.0482088169413531,-0.107441812807211,-0.319288626136044,0.20203427152713,0.270319366015638,0.404275463989255,0.189400912193821,0.389985494025175,0.16627467958516,0.0899182722672815,0.165685555013284,0.155957424449261,0.200979852058721,0.316762917213089,0.418461344199159,-0.110497127400422,0.310674350759169,-0.0496334628932941,0.403020426783096,-0.113521975678842,0.361563642641674,-0.369939581112616,-0.225364712037247,0.055129996673556,0.468274195501139,-0.348051545013483,-0.0222043346523136,-0.314459757531288,-0.378278937757961,-0.345694562749103,-0.10777239125479,-0.338669832458146,-0.0603200199978135,-0.109079197401754,-0.105544566991338,-0.0112153579495891,0.415161062887461,-0.0249817160169371,-0.0724418979881443,0.0887995280550249,-0.0410926262025545,0.0430818480367688,-0.118132414198842,-0.143050988711069,0.120553713257259,0.0852074800813662,-0.141801000841768,0.142388695274704,0.0394502485650482,-0.111298429792488,-0.143711022835231,0.348244901604683,0.253645857142478,-0.00626211193092593,0.0454557898347774,-0.175370582230761,-0.204458521317913,-0.323975319058752,-0.46510954583953,0.0433583044136466,-0.136269529344881,0.0560299090789768,0.128861671991501,0.304377426127868,0.370902545982025,-0.269402485376358,-0.335752518957003,0.462341633173439,0.24769451982741,-0.185404489583591,-0.389121810388349,-0.0663968501544778,-0.0509167283886971,-0.27051791182285,-0.0927181600263968,0.184690077813849,0.423764996392301,0.205697507129967,0.560128274231704,-0.032053017189767,-0.0305215301896294
-0.121110917252785,0.138959216510619,0.160947965985822,0.653870638426763,0.0614683216866359,0.176890280341326,0.200511069352898,0.153583082535307,0.218085975929525,0.171150621134191,-0.101139856719546,-0.0617578901325788,0.150668595843899,0.205873702335419,0.125658429889374,0.179574559666255,0.0815891505887359,-0.179636646618506,-0.0617418252085078,0.128183207589019,0.0951454521024206,0.515529753106923,NA,0.430265702131999,0.408327141856936,0.203836348261943,0.35353993698607,0.302635727678716,0.16444042270748,0.0800220796012056,0.20383289890167,0.550572368166137,0.500769030965561,0.296727448210734,0.339890975373652,0.340544112946038,0.316091997966836,0.226010102608279,0.36288026606606,0.122381277421357,0.445429429853278,-0.0778514369887885,0.42268338102998,0.37915676386082,0.28157160569766,0.297653937026513,0.374991017723437,-0.0680427074905353,0.196164275683208,0.0518940475749801,0.278791256467219,0.298965497872363,-0.0304078519965066,-0.0514603440638668,0.08333280308998,0.0993435716042632,0.0228717660497299,0.165349477613738,0.355229631343685,0.181441036409055,0.199744651210888,0.042502876057881,0.24408689425223,0.384760944277727,0.0935164161676265,0.0700658655556661,0.174853625387599,0.137637844312813,0.285122670336631,0.0936854523581012,-0.185240679291917,-0.131237844689137,-0.0378264018466644,0.284098876680741,0.537842207793083,-0.27747510964952,0.151191910224824,0.495583785297188,0.43404348019202,0.366420596592482,-0.0251380297712725,0.0784926654750294,0.235973658990371,0.110304443587318,0.0248210426152996,0.274559557263997,0.038785310907771,0.183874760177747,-0.365846961457744,0.193486870738569,-0.19481630191158,-0.265606285695755,-0.12098436075819,-0.0571244780366334,0.000419259158364269,0.0919440419677108,-0.0738563741208927,-0.0708069005670557,0.0799938269452479,0.0846494586121754,-0.113558722161819,-0.162669296405807,0.070393495224985,0.0211733273924421,0.0513103370831792,0.345003141355207,0.548322241835971,0.636944976015142,0.297788826065799,0.0402585187458594,0.141065535252878,0.672678278232302,0.302193943681427,-0.00197472775918789,0.128620993174623,-0.00322490208879716,0.137737455134035,0.120911950402346,0.188672322875784,0.101014681640198,0.306534739233432,0.225954128646958,0.257389858144812,-0.112781896806024,0.0192152235566305,0.399108116658443,0.102002732909119,0.170477565375222,-0.194439360940549,-0.207135903348014,0.0707826393503106,0.103187077551705,-0.0656749799478925,-0.138056627618653,-0.382392350323797,0.143460082217123,0.220632813546053,0.216017104991043,-0.0960979482497849,-0.0034627753858805,-0.0333983588330148,-0.0935217711966719,-0.229797443947334,-0.216906740027763,0.350646102893842,0.316491275307489,0.730874217318427,0.169316329362638,0.294727175127424,0.244095682008333,0.066094195013529,0.0822467324165296,0.122250737343279,0.149590980438729,0.0758334473016517,0.175058815901397,0.492033952122453,0.500409913402003,0.0272292285035779,0.412258077816877,-0.0145748309663387,-0.497056914244684,0.129470497737399,0.0978569426609121,0.339900334733116,0.112543075088292,0.0308241267323379,0.0392327649113193,0.149177962005763,-0.0081671402833052,0.0385686897317544,-0.286939278815275,-0.266375026674204,-0.24172862421435,0.217822847796201,0.18311668753051,0.267111135296004,-0.253543917439435,0.023577631590767,0.0576314824394286,0.38162585654422,0.396134889371017,-0.073749037690656,-0.015088077608695,0.131717157370053,-0.00765944550595754,0.248964370123081,0.30115539827022,-0.372885307608066,0.360339243852647,0.371254289764595,0.510177221779679,0.261693876128369,0.315054503723709,0.198959206302276,0.375047959663028,0.180013376708641,0.12562934714001,-0.278860691640703,0.0286789957259914,0.266605480347046,0.301644798815426,0.234438867555301,0.174275395314663,0.221952529869957,0.198861110722385,0.0761255801132916,-0.078518447706014,0.135991596582393,0.306245623910609,0.0178315624382721,-0.0668507644093591,0.223011628792097,0.318836088939182,0.176684183854783,0.234067845164144,0.198168626520708,-0.0403973748520437,-0.11694804707722,-0.114162657841198,-0.40128704923283,-0.0633019420853153,0.0215462790799166,0.0735145665131073,0.204492709979142,0.0889153672649417,0.222547228613031,-0.024326885259911,-0.0106406780547031,0.251230236360848,-0.120522099054887,0.197461918866184,0.319778892422179,0.11572596925776,0.213897196711248,0.0839370998388362,0.25977903687832,-0.0299661709848313,0.0786582108711201,0.191100059586069,0.168793412811657,0.0592134475691486,-0.0766895351622688,0.00677341498798939,0.0823507032082194,0.0803944560046731,0.0397455994842828,0.0483940172874494,0.011784643766063,0.0779459657558723,0.0963203178777619,0.0140813208835321,-0.236933894122061,-0.182667541898882,0.25378363723857,0.16753923152389,-0.466916200131638,-0.145675594253141,-0.159553000094643,0.130242924757033,0.107529070188623,-0.221371772764461,-0.0743396189279833,0.0431785491372699,-0.0619841060015917,-0.246460399088173,-0.340760434743009,0.309388679800526,0.205840261038067,0.152309461356152,0.225139073523745,-0.146756698624849,-0.130129553925153,0.20377429881334,0.106318762025375,-0.173934966282835,0.0960928939921541,-0.267292403353061,-0.190567550946516,0.0954572303272911,-0.0563503802959534,0.107731404643085,-0.020190586962318,0.372867638103841,-0.155092178988013,-0.232620747984819,-0.0764144478106455,-0.106965285436354,-0.0629137804828974,-0.00555978502814036,0.268482390509352,-0.160116923901151,-0.0605341557019601,-0.422164248769087,-0.101979950869745,-0.0910021283131577,-0.232182083410852,-2.09245546495968e-05,0.0213567742136923,-0.187029638981241,0.331754622746735,-0.0625324066577032,-0.119291250821616,-0.106681033573492,-0.0483818580349366,-0.150902764055455,0.141317878296193,0.173670402638893,-0.241448160439487,0.00201003354014276,-0.172372710871003,0.0151927456012462,-0.184542412392391,0.216650413576108,-0.235828640872958,-0.0465705584326491,0.371819507919298,0.0361539010556814,-0.252672449037783,-0.0270186304763741,-0.0363899915761793,-0.0938898367732709,0.0566009404578432,0.13012301122125,-0.0271163148714099,0.1471848963337,-0.068663793515953,0.0102722475865233,-0.0149347451851533,0.546323673632471,0.0608407679980805,0.0167114488823205,-0.13889793156361,0.05032821602306,0.354682693220218,0.374707686574792,0.144592848375741,0.16370695571443,0.191800225862029,0.00291714102445911,0.133863320369161,-0.165436989100714,-0.334508522248809,-0.142617836366526,-0.0206254203305681,0.231284046372005,0.0408084136398344,-0.0732789636162273,0.0922540626068044,0.312699262506751,-0.0163287843403459,0.150764160233594,-0.0703013050315251,-0.216073633361513,-0.263001295798932,-0.156426358435865,0.0067947837197818,0.165442156159388,-0.271544674973285,0.249393414974902,0.0107410225339919,0.223968995428482,-0.430335155035602,-0.168333138987191,-0.154576618679989,0.199673075507909,-0.0997244100202697,-0.129598509845127,-0.195912752313191,0.0326156283170003,0.201920763467054,0.273950535096319,-0.148294167060237,0.0276721797505567
0.156741837508012,-0.292107348355756,-0.174649648763796,0.421698642618738,0.166179788169591,0.466415009213528,0.128474825295283,-0.178904802943792,0.556211586455057,-0.178833643899683,0.132216582802995,-0.100907253511548,0.0247002927629276,0.186729538472811,0.378078824554666,0.255470188281454,0.0397411854185217,-0.00816657190293379,0.0178301289880962,-0.00492173277186775,-0.36666028920374,-0.191525702492376,0.430265702131999,NA,0.805153395137594,0.317461185887234,-0.0305447869555152,-0.020144265634434,0.186703521528022,-0.001702064005337,-0.0332882533391404,-0.0199341193677779,0.166082809210339,-0.206032044345307,-0.132394661024644,0.0353109720933932,-0.0705386609681557,-0.3078472455879,0.00869577657362821,-0.0175676142117116,-0.27530067208634,-0.147423263494745,0.590032529439588,0.565454026589628,-0.0746196895937931,0.129269459687072,0.0966440847953146,-0.363464547536347,-0.310878844991342,-0.464594390108033,0.7215909354229,0.744831604467192,-0.161561795595911,-0.18756677138509,-0.0765624757169051,-0.371083109088385,-0.414199043023427,-0.264446748212934,-0.0363914558366266,-0.065984533600096,0.155113410293726,0.0335140813920938,0.0550657107506828,-0.0156424187914718,-0.0543048420346853,-0.151541257924729,-0.208486668699388,-0.291628482894401,-0.0785321522069281,-0.00914670221748402,0.017618110472424,-0.177487832441501,0.0067161975953541,0.758726393897887,0.882361946727579,-0.398856813950605,-0.314346202688869,1.00593556074867,0.525418966258945,0.581962755603016,-0.0829983709508411,-0.245300561431427,0.209762176783119,0.213554882137829,0.716197533356511,0.852340360066267,-0.0977550191352861,0.466022803548686,-0.217572320080466,-0.095580856497824,-0.113679275277363,0.187369261160175,-0.140291246531854,0.530374260792432,0.456762038667449,0.715103369056752,0.121150074814088,0.200177666486185,-0.103873415117761,0.484628771138636,-0.246921197375943,-0.0849277306730401,-0.316280798018555,-0.30999877504737,-0.115736058713063,0.313072142621643,1.06532057228451,0.4837268745582,0.898346168734597,0.245755799798246,-0.22378522653147,0.403425084355761,0.598326370370302,0.246189629706917,0.253298045207275,0.261946021707933,0.186034611381775,0.258930920131438,0.691616185629159,0.512178664286797,0.556356354040184,0.727525635029828,0.348707552327302,0.0996956349684065,0.261165810283544,0.0618897326210745,-0.175497362518167,0.0136708810420705,-0.394672610199086,-0.275625224332486,-0.157340672674877,-0.015335213747679,-0.0596037575039983,-0.199903861425348,-0.0498064227186124,-0.0267922915889212,0.141528739332694,0.168762453050796,-0.145608742815784,0.313487482116761,0.312289266363723,-0.167517769074205,-0.13239812367523,-0.0986752269505059,0.301298777160232,0.356738389967861,0.587667784468763,0.243204958243547,0.385348581794669,0.401245896389491,0.469279487765749,0.213842425213947,-0.24973339767715,0.235513758670258,-0.0149629566026341,0.980292364720875,0.972301251132782,0.457958007187975,0.0526158160112676,0.0167824284829121,-0.00137093517447525,-0.167478860148155,-0.279986496308325,-0.141431045587692,0.449375080123141,-0.00787139885326701,0.104144077505996,0.114359200656089,0.0425051862984548,0.45447531792598,-0.306107193150979,-0.287101804816091,-0.2341138569614,-0.0752275492595566,0.278364065079619,0.061903432827951,-0.0589400067242894,-0.317377859576196,0.236381560684316,-0.404974995540013,0.156565032063018,0.826551963820095,0.300106030722793,0.231087320166781,-0.092152985336373,-0.0222784515450075,-0.129135492856492,-0.0982982418664601,-0.442306369344026,0.0366482229722656,0.180854928455997,0.33072109371893,-0.0824722833766294,0.298142654704657,0.029954802799156,-0.219901198941542,-0.0502233751551929,-0.142014134015924,0.106304126344439,0.574029419598491,0.177133780835437,0.023037877622039,-0.234875852112514,-0.0932799589583713,0.000672347475048658,0.0048030465535309,-0.270718775540919,0.0350490973702994,-0.334728655874866,-0.141610342144852,-0.000745884338916501,-0.108680452939959,-0.154411568908186,-0.0411410699601017,-0.254912850777762,-0.0544520858784041,-0.178537271149859,-0.0274204282344826,-0.0973892424148591,0.284736347037164,-0.389272264729794,0.378260226131902,-0.431535866648187,0.319746917104285,0.246508504052588,0.209497521792364,0.0701144491204223,-0.231415539624867,-0.216066853744308,-0.0665424771017629,0.00502411912528063,-0.174051498444218,0.0618699771989773,0.146477746432584,0.118592226471586,0.316757618049269,0.631617411049558,-0.535555407764664,-0.333562546638962,0.265913439298152,0.71686598428708,0.653953672230424,0.184148434815361,-0.036383936554978,-0.283584967978503,-0.375188930396914,0.209347996868179,-0.136659782382134,-0.0419409479631941,-0.0589869065144802,-0.176764579584683,-0.101731266573577,0.100740663895605,-0.231363547603329,-0.147949711360199,0.144210617139677,-0.194901684774662,-0.0140057608567118,0.262930553549124,0.612012905373958,0.579488663207565,-0.127589546508298,0.229133197016949,-0.258192870626054,-0.104445807374982,-0.104647905005852,-0.497287848221629,0.0636998658437648,-0.202390764076467,-0.1635060606598,0.129237394889251,-0.153757581850777,0.26365302703046,-0.0217355956692746,-0.0806886316201724,0.132137038251321,0.320012867967578,0.100778329030685,0.0552162423015467,0.382852532077259,0.270808472784598,0.0577861143733059,0.21297630563187,0.399413444053639,-0.0167191575425437,0.0153453000760256,0.233241275104411,0.131437698992759,0.3336336040988,-0.162203258291883,0.0307857947289829,-0.397400003248945,-0.223222026596295,-0.240509618354825,-0.1655042097372,0.0301723880658129,-0.299457873301377,-0.122237571999522,-0.321307506848189,-0.282859256528108,-0.0163798072188411,-0.466727126808491,-0.0581631741573879,0.150316159985551,-0.178278577130196,-0.245113933917538,0.219922234436929,0.00855511835503992,-0.0257152681444191,-0.0692375620186387,-0.10421191521154,-0.312166095608438,-0.0973842561677694,-0.048358179108099,0.133259381970168,0.0321800852805192,0.112666394091364,-0.222184608843447,0.160579855314469,0.33397956541914,0.168332260990828,0.147768779988536,0.309118207704674,0.0459871904782696,0.294658539835667,0.330171857039415,0.3769239113821,0.454959037387769,0.126428428914874,0.198377829079607,-0.140575245090583,0.124226265988811,-0.300743957212228,0.0658946495193578,0.220220144275403,0.454894041704451,0.214449620512159,0.0571902135398655,-0.00561096562340501,-0.0589903719282731,-0.0642089127910322,-0.296947579230401,-0.244855510389546,0.0885080063814695,-0.226990957246715,0.263318094014773,0.331582437462982,-0.0615830901246805,0.370967097784542,0.51078727288746,0.357453493981646,0.561926429266316,-0.0763469278262113,-0.0123407734252728,-0.201256190231741,-0.217541689845348,-0.0752871011256501,0.035194655545282,0.171173990684376,0.698080916868654,-0.291253181614215,0.000845235969559651,-0.158521607809435,0.156202067227672,0.0936856799754245,0.420891226633011,0.0813534544877458,0.00418372072959013,-0.322576053281026,-0.312285989042271,0.199204490510409,0.0265336233862983,0.0340560484726939,-0.0693810772251167
0.42358661505968,-0.0715327059586415,-0.154940755438334,0.686830328188655,-0.0587269237065475,0.811054701475461,-0.0741536403212228,0.0149208255286763,0.532564483335807,0.0569032499742348,-0.09052063438859,0.0712299948116294,-0.00625100175104881,-0.0231589517373666,-0.00670257791645226,0.20438224923606,-0.0141122591508278,-0.111296396107352,0.0766100814966971,-0.0142235204182817,-0.0761893076694132,-0.133712202327759,0.408327141856936,0.805153395137594,NA,0.328276104121724,0.166788009126148,0.09790365832763,0.134387175086976,0.119272930353019,0.143191049830984,0.0888507505790833,0.332076937442006,-0.0282958090696904,0.18616096859093,0.214794324857441,0.127751946361899,-0.0680146650975871,0.0710736498491215,-0.206007764659559,-0.218382399556626,-0.129503040787579,0.349874487729653,0.881602685679777,0.0800903148147066,0.180426894396977,0.265134268745386,-0.248782777887016,-0.160000258149349,-0.263944709912994,0.172148920308529,0.389784395297202,-0.018581733499881,-0.168121147990807,-0.106910397218755,-0.30661622405149,-0.00916907531395951,-0.234416729625407,-0.0538337800358471,-0.0653218056142061,0.279174158707857,0.464567257721538,0.0675477491636606,0.0357580878392439,-0.0414134011549281,-0.0628237548359864,0.0382421615446691,0.0395639444455768,0.0937060448203486,0.0979448528926454,0.0595668562829021,-0.0926334101093697,0.130687462480985,0.437901812361538,0.68487972408396,-0.230199147726794,-0.103486327511539,0.535722754700606,0.297462059854241,0.524632116365859,-0.130382035177171,-0.276274605553378,0.0655212273637432,0.107299104259489,0.421207795087006,0.565604602964148,-0.0272897619044076,0.372061017007656,-0.0731210900812515,0.00952789401441237,-0.28784373156757,-0.00925326191798163,-0.0308393255161288,0.555651936563524,0.455061882692339,0.369101074406157,-0.0816740386679015,0.0211394266288748,0.0954784474893268,0.284379748873891,-0.0707183876177998,0.00866600429098538,-0.0219213996812582,-0.274867291880591,-0.0504043848530755,-0.00902203004057522,0.823989027668843,0.499601789306287,0.480625401117772,-0.090033197334146,-0.0589643069898638,0.306819349036982,0.726709180749623,0.442801508625888,0.342847434670745,0.316378917967745,0.198126383436387,0.132777854923799,0.356624168061406,0.138424942188184,0.251245166074692,0.372170379393452,0.371992482193679,0.418985271492114,0.108084740159109,0.502561005339279,0.218517300143091,0.353005332484285,-0.0247778742540955,-0.140356499061618,0.0843073162506186,0.114619363722519,-0.235913548907777,-0.0734896369367606,-0.0524661988681946,0.216381090523045,0.166309137475808,0.0862847316385122,0.00860358167539479,0.0943055021843876,0.117079664352865,-0.171969107475331,-0.00597541115360517,-0.216651495796735,0.754457178625824,0.719457901495868,0.589396448790467,0.495218042436631,0.768180241579641,0.720014299407299,0.498258239207815,0.243376381355229,-0.108983629664323,0.119831813619037,-0.186602434749225,0.62372219539678,0.73736128112318,0.1260731722091,0.268518430783769,0.244560687288671,0.19238037907158,0.0202852875744625,-0.0382445464638158,-0.00481268472716443,0.767008508007687,0.0181727701661364,-0.0196376274220866,-0.0267260672730555,0.326332014039233,0.439101650226153,0.0106299232998212,-0.302075920198118,-0.199215712328492,-0.215763253074225,0.000752167039195251,0.0254516301903096,0.177078921993538,-0.233281438623722,0.0112103900078021,-0.118895690449805,0.0891037706511816,0.515192196487794,-0.0263225223569324,0.353580576894708,0.0726734030198682,0.14182822122783,-0.0752069113397893,0.0983597588946646,-0.120494510995598,0.229823446360918,0.309554117839394,0.285584836270993,0.273114859510796,0.483428237292797,0.208325334002658,-0.09280884054614,0.00151838766148298,-0.149188989223684,-0.138970479961872,0.278370360363654,0.243390554887832,0.21802745407052,-0.135545795038831,-0.2632044596281,0.0861669053672805,0.201346918106941,-0.180659591021812,-0.148986120757766,-0.00686614103409758,-0.0632641819104083,-0.12117773259528,0.0630653036853826,0.0417621971324165,0.249657777594007,-0.201981593402321,0.00526477450983026,-0.10242625538423,-0.0897791547150642,0.00685431819547583,0.406650910149814,-0.127052707444828,0.393780760319287,-0.150976457338204,0.262563067097981,0.67437883074664,0.340514466456688,0.364961460549312,-0.124653465419934,0.0513037434889945,0.215601636071963,0.241724119751912,0.16116789534974,0.439853844320144,0.169142912876666,0.117760125593277,-0.0420669762405324,0.64926807508018,-0.311089215156374,-0.107181512251472,0.182531279074008,0.62171365628967,0.364757050746106,0.0998805634080391,0.18189676354234,-0.226462258986856,-0.213256381433889,0.0118636544275803,0.0927422611099862,0.201746806059038,-0.0611356076145724,-0.0632348266037414,0.0187094662983177,0.0638285296289794,-0.116374365613537,0.0316207593507092,0.106560987825354,-0.220351123135851,0.042000648359223,0.0302207535581793,0.241411048081873,0.243236462155453,-0.288787102145364,0.0667643548724967,0.00598460199406033,-0.179632337850932,0.0513872307218589,-0.213920534112439,0.158461424576536,0.0540748006566793,-0.00964258224231876,0.00758588051536243,-0.0837625772434971,-0.0728260687748333,-0.0115623828616441,-0.0179708735225166,0.370187674008443,0.174792447509148,0.373854213538292,-0.127340285751253,0.279860068002444,0.132004669349251,-0.149245477814714,-0.00424768957310689,0.342717005302213,-0.00428162373933525,0.198565493165692,0.186970886577011,0.0197176325670283,0.476435006630836,0.0701879385755407,0.475462714397988,-0.000865974616912539,0.0791532438128506,-0.102890414902834,-0.0543742430653685,-0.140751041812149,-0.228208272814923,0.0943459821297522,-0.0861380842524618,-0.138459728422128,0.0650363548771971,-0.237574568117101,-0.179101049285087,0.294635428264031,-0.0937988321247035,-0.330706995835157,0.0949767176471841,0.0679856937366318,-0.0702894985011673,-0.0782223051813345,-0.155518457998061,-0.381310090650206,-0.291737254545237,-0.0262939973010098,0.233561111029428,0.464816678427575,0.552924693426814,-0.283662017961544,0.0946332286942072,0.189028817458221,0.505353532599079,0.286457802697615,0.423751022082043,0.53915911160388,0.440244977046896,0.372200442707461,0.13411851272191,0.16641421764352,0.0775943072928511,0.526602608531145,0.047437021326067,0.27383602522711,-0.0798722295205508,0.0764880663708895,0.203113397425258,0.410537324959323,0.190765872961743,-0.197059218613579,-0.1700117553637,-0.0375942818007859,-0.0686943573498886,-0.231689515701801,-0.197107597701017,-0.113751480151777,-0.0741163223618313,0.264752713149564,0.193596999742014,-0.00204204751320149,0.466592681846701,0.631275721040839,0.557841143416832,0.734914351886747,-0.266290106770572,-0.100662939714901,-0.122149977191479,-0.0507484758130977,-0.127402927977872,0.0594401637836846,0.0394144686876752,0.51067840282583,-0.134313836214418,0.0225409697082673,-0.025859897294553,0.275224741603837,-0.200264410373835,0.148229913502361,0.00458655970081299,-0.0941611685249198,-0.294757775235007,-0.205939508976512,0.2238565240718,-0.0706478026183272,-0.0300587135139269,-0.101725066603208
0.554940214571972,-0.190332322668912,-0.33550292530793,0.699515850571911,-0.244042371747214,0.376021059417588,0.149611851846048,-0.237510844426053,0.27881475572493,0.0565996170839889,-0.0311245242740836,0.462661017189555,-0.0399607026376519,-0.0745166334787461,-0.0805445006432039,-0.119305893861199,-0.312665309850314,0.0212218622921448,0.243802248726232,-0.143932245954938,-0.0613236060193652,-0.262097980034163,0.203836348261943,0.317461185887234,0.328276104121724,NA,0.0338119846857991,0.226341358550155,0.524431107973187,-0.240281491429278,-0.0150862393128288,0.132227391522938,0.134035419273969,-0.30233334907821,-0.0473876768316894,0.045172043839011,0.103103788705486,-0.0709050596154231,-0.0275442352066349,-0.0512244994407806,-0.265039882598817,-0.295944903575014,0.0266616054072372,0.566191869359495,-0.0695575937850055,0.0599969077048156,0.235275543164004,-0.225755547021744,-0.290715612027246,-0.30957234991291,-0.118172516048602,-0.0246969331037934,-0.165186231213172,-0.254718066785693,-0.349939688293695,-0.412711489217957,-0.118612227101665,-0.516740050574441,0.37525628121151,-0.192184012046482,0.126829151266356,0.196315644734052,0.0415745923221594,-0.00204596643306586,-0.0582538882429699,-0.249462101365625,-0.0972762563638783,-0.243029384534038,-0.14956599951731,0.176791794256492,-0.12654790736711,-0.239982903846337,-0.112187667047898,0.431442481907147,0.496375227773827,-0.370428620520715,-0.274825311817571,0.282193296214438,0.497790642165173,0.534707236098881,-0.211471055388423,-0.369950654724473,0.020072325686503,0.0562743271254042,0.43862269072512,0.492568929840136,-0.362127240155471,-0.0487825189281449,0.324147402309661,-0.164389414489672,-0.39533599754876,-0.0778498079822815,0.125889897060446,0.38151072151975,0.345007096877842,0.0949263597415112,-0.0701741054933533,-0.0308070841273807,-0.0985606662138809,0.111507267580556,-0.211938491515342,-0.206895319179946,-0.318066245205286,-0.667354957633647,-0.340558165473004,-0.36174750317475,0.324763673500625,0.424359047569538,0.359749431207695,-0.239058260297549,-0.334848825498885,0.0117316063824711,0.454791491368335,0.233574277772614,0.18166097120369,0.416497298427279,0.411580899271825,0.409947014191187,0.446751084874969,0.343116890661959,0.232197368528439,-0.0503220933603295,0.202504465577721,0.199459783635109,0.207730983164091,0.184417340888943,-0.0469263221127065,0.107588464827009,-0.207715410104347,-0.178705674713968,-0.246360592430521,-0.226956366560099,0.0911387654714331,-0.0633932811067867,-0.00744299443226953,0.11718193263597,-0.14228375623253,-0.282974523964044,-0.28249473656132,0.152713223573319,0.104918632920334,-0.14558435123648,-0.121926856067755,0.158607391179096,0.488534716013646,0.482998031886612,0.391879304093625,0.241387785122957,0.358307486951853,0.686754968414582,0.439300272341535,0.588508210986398,-0.121368267263414,0.532358740458292,-0.218297516884397,0.439303498016563,0.24226294611726,0.348466676844699,-0.0431214290937762,-0.136771775968487,-0.0341610844176114,0.238323069787929,-0.375709199791902,-0.145250468327124,0.676429610250579,-0.272032040757643,-0.0861068738702083,-0.00232597989615021,-0.068814150684247,0.154641461958511,-0.0788963988491899,-0.324587864034102,0.490944814814794,0.116215989200921,-0.130349785941373,-0.139893979987116,-0.0652773758965071,0.0837835139670215,-0.0644912973990027,-0.0582233165273872,0.0935934763422454,0.472918547397328,0.210363781630557,0.497560328562546,-0.137629085512825,1.01973267791732,-0.106311659323066,0.00901202925631821,-0.240522454548178,-0.0947081035871233,0.0627437410496472,0.13570533703257,0.0337310100309814,0.414050407974648,0.165205398209545,-0.273934545865086,-0.263676257699716,-0.496232140241762,0.109806914344164,0.0835282166644907,0.096299618995436,0.0456365171872368,-0.167883884065254,-0.134961562463993,0.214347943521224,0.130437886816241,-0.369423397874938,-0.218949793509185,-0.244763005386136,-0.273964489781362,-0.362523411751554,-0.0400069319827199,0.173107123004284,0.241007895154681,-0.200590025094015,-0.0445195711381219,-0.222302294710948,0.104098482144311,-0.241585748146999,0.227972493132929,0.0636951439587488,0.408401074975496,-0.438303463050692,0.0398071530197147,0.223224129382813,0.148542800330727,0.0188083566740661,-0.256911307666997,-0.0931465245509863,-0.255955723043497,0.0783781626075579,0.162673916302637,0.00302530492814068,-0.00656975601106332,-0.20876181736258,-0.0551802619793306,0.246385487640943,-0.00790034424645765,-0.174850453199123,0.0607590054027232,0.348135513522559,0.296391592818735,0.065712602649484,0.0776578421206117,-0.407031368302889,-0.324238616165511,0.0418847283305383,-0.0639752033771668,0.0780510855198305,0.0154418792087392,-0.459158782915227,-0.441247733329123,-0.196628716084153,-0.100408981212963,-0.175787139106664,-0.149865574991209,-0.30926891530848,-0.372963051252463,0.0603885544529285,0.0160264994764786,-0.0404985562393703,-0.480404663665633,0.0193587954841265,-0.190378321114162,-0.507853562394296,-0.176577284365931,-0.177299907926757,-0.109597113826359,-0.338369430427568,-0.0338534832543457,-0.362019921609857,-0.285904887286337,-0.133833867050611,-0.203648061983408,-0.261262731854603,0.441354307430995,-0.0802533836168077,0.164327557849949,0.197319400117282,0.0302574610868889,0.286533565114928,-0.133445048509207,0.163814666607367,0.236139934185472,0.0284465495834644,-0.0934717676788285,0.0974745603472026,0.0982739146036012,0.209280634171108,0.129132529350267,0.207599809008477,-0.00397301323599266,-0.327860486038216,-0.130667346771525,-0.258865401933863,-0.0594040859376328,-0.15429039530269,-0.253386038297469,-0.355763660166054,-0.108315677146783,0.168563599104923,-0.139286132849015,-0.130144260453886,-0.235248574145209,-0.219998462793077,-0.431734673711068,-0.238258066079461,-0.08165816274808,-0.0684557580628971,0.11652033027243,0.278937838204214,-0.297949880541416,-0.161671261284788,-0.32231404095499,0.319461297214962,0.454535873051591,0.470263549038768,-0.32997693308458,0.0150748228609422,-0.167617378127346,0.398517089326926,0.325769215420901,0.316037186205784,0.43012053184361,0.426788530286067,0.290904944623513,-0.0394842101836139,0.164957551818776,-0.00780650728547154,-0.0777671008276582,0.334981445461954,0.0462606642987958,-0.282364917379257,0.180956996427462,0.299639285807953,0.367982271105513,0.129451592119798,-0.191425787198293,-0.0680781288127362,-0.289004677217372,-0.144620722544646,-0.193190038222594,-0.144630954343463,-0.138724590027563,-0.147818560421831,-0.0614342582614896,0.038064903127227,-0.15962235301185,0.0245051296709552,0.307804275265425,0.101862196801962,0.523364820703328,-0.0106420810307296,0.0704985082253684,-0.192073754167843,-0.266226575738862,-0.447432386353991,-0.36852672512869,-0.1260227794386,0.460979208457719,-0.337490696724996,-0.0924605941748263,-0.137393690021468,0.0627268713778918,-0.129185414434165,-0.0961948368049168,0.190715671994007,0.0941145762122705,-0.31615383263146,-0.15330363727508,-0.247503911306383,-0.482166426019192,0.0905811791314116,-0.00819340179263727
-0.292746559322039,0.193950137443355,0.0234373214151329,0.133765681781617,-0.0189529463519134,-0.0723670401431049,0.211378796437533,0.340241213298867,-0.219260272249698,0.531242199974964,-0.0490372277039809,0.242521034817261,0.260992949917297,0.155026074100021,0.0710545619447736,0.13218234238183,0.459782589301957,-0.0100804182390619,0.505745782067583,0.220717421444964,0.54417640215103,0.519671441677563,0.35353993698607,-0.0305447869555152,0.166788009126148,0.0338119846857991,NA,0.840059796102977,0.220121638742156,0.122227892716598,0.195092987337441,0.204897121598147,0.028861852161733,0.482586280388571,0.177134771890712,0.169163371571201,0.597259148673105,0.190650704872073,0.202589361452341,0.258305544928758,0.311507613706068,0.121047420318218,0.122077527177217,-0.163516711784458,0.123923025376957,0.122574854650415,0.277287924187899,0.260635858402705,0.385174227227602,0.205010577653028,-0.113799583377294,0.0108422298466482,-0.107901888004617,0.164434565880321,0.164713458169369,0.14036879081229,0.33336116802295,0.163421922815402,0.124173501851785,0.11238252769243,0.12568703572561,-0.0365286676753391,0.453429366624954,0.385509358102484,0.143394380835217,0.267298941262558,0.485665895580089,0.369860989394247,0.19671859873689,0.182765001111631,0.247588225829886,0.310189652443114,0.0242141965858668,0.0991076017767476,-0.155347342081996,0.508823328432748,0.229284129254562,0.0260877394953418,0.0566466040489666,0.365398064676054,0.461619053484286,0.52904732259768,0.491311326627737,0.411601370134401,-0.061149929969253,-0.214317033972019,0.0354188419522086,-0.0278241619953351,0.0468990618366981,0.206010016482664,0.0120237071684677,-0.134148830687727,0.307349642836801,-0.347215750382483,-0.410173682951462,-0.386578897413748,-0.281833330116548,-0.160503854677619,-0.0728440254887207,-0.165292941690042,0.198499562931435,-0.0897310314019221,0.59800894777921,0.248663723542007,0.459305919453095,0.235205353727903,-0.0321406268136464,0.0778619963456922,-0.0178452247464676,0.0346895633279568,0.625228755049446,0.431076483776318,-0.0136145578570092,-0.20337306135756,0.0514889585610586,-0.14371849787618,0.10643377808364,-0.0289162974990656,-0.117380087744284,-0.0142209842800639,-0.105326344220303,-0.220469588321402,0.190184355448229,-0.182890912327957,-0.178866251036872,0.183617200158016,0.0468007461965985,-0.0637363553614394,-0.0838638017521066,-0.0419938120413912,0.174752382378798,0.0552735273285913,-0.310317216092143,0.10972256731257,-0.0247161608297476,0.110264056594519,0.238914362762249,0.249016993881841,-0.0673564322878076,-0.0953692011832982,-0.237307346802998,-0.0744638364563154,-0.0490541822320273,-0.203391219237051,-0.100093505542556,-0.179713099003493,-0.0544992930549611,-0.27498845492252,-0.0812801882313529,-0.120090548872861,-0.410681348590555,0.164088668180851,0.397821876996228,-0.15997501902625,0.187202512503632,-0.241894850698207,-0.198599935883183,0.060985182169018,0.117615577452278,0.463636101002055,0.196116442882097,-0.408273229613128,0.227021238977112,-0.0877732696489151,-0.0263577270395137,0.201908005197422,-0.0190269492878664,0.239332958969769,0.310738392829645,-0.271783886892217,0.160834708710834,-0.0680430454619674,0.0736006842411238,-0.192042312165259,0.370289978260359,0.366698142574465,0.331117204344413,0.0368594510860877,0.127577334622651,0.439088700461525,0.437539713990046,-0.0495079236726254,0.179333143624343,0.0453582290469697,0.693006827151924,-0.04561603715455,0.591575472335582,0.627944691931235,0.101565249553858,0.209410280525482,0.0341516089476651,0.25817641028993,0.0672187256909689,0.248237517323276,-0.0023575275415282,0.325739564471075,0.0732094921208167,0.0222641525202154,-0.283093035565696,-0.481322427939725,-0.00838821274762563,0.395455268272965,0.265938733449997,0.0346194076272653,0.123924042291272,0.277931203135675,0.372219078262888,-0.314807075621542,0.0146306698795259,0.371155982770261,0.138931352333741,-0.25666725616466,0.104683492111628,0.116105649886856,0.194348624240477,-0.0158899511885071,0.0407729275912704,-0.328373416287672,0.329035281221985,-0.3374617336888,0.00558369031535351,-0.132741083657363,0.354531415299038,-0.0100490312256735,0.0437851165182336,-0.0535778162409746,0.29888758590666,-0.0379271725208081,0.0436522874952916,0.264144471915626,-0.1026792701161,0.0326436378783395,0.166037743857956,0.345946924961599,0.399951660648455,-0.142583872577224,-0.0548609934658558,0.17554501305163,0.141851217270384,0.0225153459484164,-0.0369152159263793,-0.175892868769861,0.0267052379395386,0.0787466954455268,0.511512429814724,0.421811579441384,-0.0107410168938488,0.504348763084279,0.272625790786552,0.487240349452857,0.228741894246531,0.0328920337933866,-0.0825178674301824,0.256831425704303,0.349866016750582,0.241149542699577,-0.00373062741889794,0.0779175751407097,-0.438325521343642,-0.208847796835133,-0.205141363447223,0.0520431313388885,-0.100804375575291,0.0479728838568895,-0.122880038831746,0.0017698049605389,0.0763005805977618,0.103840472946544,0.189135370695944,-0.0913654261856843,0.447939164930745,0.326648006924672,-0.109268287904412,0.297555987260188,0.428564591732543,-0.0758108767763884,-0.189691607104265,-0.45499709427926,-0.218745582053039,-0.164466092632887,-0.270495192036764,0.178984854740904,-0.0633142340670015,0.108878195987937,-0.0185922514711036,-0.127165699267009,-0.15291175069804,-0.310503568339718,-0.192831540181331,-0.0618029470366704,0.0726518854679962,-0.0869115641103165,0.374558619195625,0.00809635632400909,-0.215983919223942,-0.353502197434203,0.101098229087591,0.171720524918763,0.133565597164025,0.119375999239212,0.316556549392008,0.0769724181857358,0.070636251917178,0.0725100278677891,-0.0305818246857538,0.15334207253477,0.153224294602863,0.424678749474497,0.0104451456763693,0.303295913846686,-0.0664671777696659,0.0970712546310815,-0.154159366038524,0.319742311551599,-0.346048229018549,-0.0369449526244938,0.289023248852943,0.17818143017125,-0.685305199742509,-0.335578779641775,-0.202150517603266,-0.44620023293615,-0.401338811776961,0.119220063099288,-0.334494211254221,-0.104145517053895,-0.287016832654997,-0.251345802477889,0.19819347260532,0.627475130164406,-0.116944691003755,-0.0346095593630851,0.00391219864725467,0.351775019209975,0.536467584636923,0.146334842283036,0.0455049752659941,0.0639915049120988,0.072357832696128,-0.23901687685305,0.0634836180352845,-0.113594084938568,-0.216109006371765,-0.183497253764635,0.296550143431071,0.358224407147975,0.241754313240395,0.0201886862266125,-0.356314097790142,-0.326203583555516,-0.35593122941062,-0.295908560077404,-0.170457607574044,-0.299798762173852,0.0461334698158295,-0.0194546878274367,0.0116271293888483,0.121140689545078,-0.442928287837248,-0.403957302027766,0.138043371097704,0.0153412873490221,-0.218761342353936,-0.19419313242094,-0.00995520452166138,-0.105429683993275,-0.173224414548589,-0.283846683490564,-0.0534593190285819,0.115578568775217,0.216860359031627,0.179884766217352,0.214699027173667,0.073173591199322
-0.286941987190097,0.0368871730237211,-0.172525044538412,0.141663340618967,-0.0460767160647577,-0.154758797227897,0.351649925971615,0.0270390602850327,-0.305220351243067,0.374288449728326,-0.0571782825169836,0.283655489817158,-0.0519310443461143,-0.0758628172149835,0.140162686743902,-0.13359770359613,0.109076839490999,-0.0653916567192597,0.614058396884285,-0.029273443638554,0.35341552840191,0.362631435451663,0.302635727678716,-0.020144265634434,0.0979036583276299,0.226341358550155,0.840059796102977,NA,0.441372128090576,0.0291114221139726,-0.0194782080694467,0.0470887001895747,0.0367003590981484,0.287607638455344,-0.0367550024766097,-0.0117694222497045,0.305613439113349,0.00410183002175647,-0.0108149124959357,0.315643536822898,0.183289423027762,0.0554364648429306,0.259214092906114,-0.108799368023279,0.035076166207051,0.0769421303623841,0.13766313493891,0.177858884926199,0.237621920996174,0.0138317419273076,-0.150514266287438,0.0164172828861535,-0.201060662618235,0.120999794183688,-0.0543967001153005,-0.0129482838924115,0.0249262643604313,0.00444490327014128,0.221754601630242,0.0794291075663519,0.185423479062009,-0.200507532776851,0.418414558303324,0.281189565259682,-0.0185465096409187,0.1821469141109,0.232328279862329,0.0854591764399829,0.00201974471079093,-0.0292321245367957,0.363799676820839,0.41225497366861,0.0640960351122534,0.105069018560714,-0.172918557932813,0.309287576132196,0.0340721250523072,-0.027586484908635,0.0756514283140934,0.32071873282557,0.232978498871993,0.47766812158192,0.659176480037672,0.340676683451722,-0.0300667123542795,-0.207449066838913,-0.13587615665272,-0.214303387678605,-0.0054383345652612,-0.0998311228330766,0.0414945836930198,-0.1179847520929,0.151172818740055,-0.280380057631165,-0.280564055527618,-0.346696000829665,-0.122189897334405,-0.0557263072242559,-0.171902308265798,-0.214732824534434,-0.0200243486369733,-0.160553777626905,0.338456588533367,0.0443970086085426,0.292876374074221,0.244772701404635,-0.140561437231514,0.161108002534771,-0.0758379421604106,0.28393631355707,0.397246544270004,0.215858195786689,-0.063759314841364,-0.347555091026602,0.0623964653280898,-0.0691974949830162,0.228111886253081,0.0533639819392668,-0.0526440841759311,0.0231896335369468,0.127339134456002,-0.260870544524237,0.00116295232880352,-0.212226359985893,-0.0444056603134109,0.298653308238318,-0.0939346673214711,-0.236121535301218,-0.0698941703818475,0.0699674663299589,0.105230653931232,-0.140191699283892,-0.0686573245762906,-0.188614479674583,0.111337259681493,0.0633063843183883,0.0543966914393286,0.0340198655415321,-0.0777703409285374,0.200544633259752,-0.0193594369206799,-0.00658969098313096,0.0380941344816037,-0.109691670789974,-0.106517132772072,-0.179969589320564,0.0852110056620948,-0.429357089968997,-0.160533383544946,-0.0356859539689372,-0.303125374849069,0.413506644278252,0.415311647156557,0.168924105268724,0.388735713795169,-0.129748995652191,-0.195615016686619,0.135164002723455,0.0861180746669933,0.288173061108247,0.100460918397359,-0.26117279208209,-0.0697395295075672,-0.127474189658775,-0.00289359210701135,0.00306914878617727,0.043973484948981,0.396959219856773,0.0148055546854661,-0.166745278647416,0.0855917513694394,-0.000970397148369904,0.260440579616843,-0.19751990922179,0.14266454170473,-0.0237037302561534,-0.0570697737004709,-8.33956317634031e-05,0.0843030231443046,0.31578068997641,0.341209460147109,0.100813252363578,0.43900668229302,0.24312817092576,0.51309538150473,0.211264741483166,0.450380686075914,0.505460386183289,-0.0397900235191321,-0.0747288049827258,-0.12291410955082,0.186506894678714,-0.0975061344305543,0.0925387059273761,-0.0156032475873712,0.284221080345427,-0.0991770859345431,0.0501280157089834,0.0710041831159905,-0.211455170363816,-0.079022988652663,0.201523975357628,0.102398551138248,-0.0251216164288727,0.0689680319436917,0.0808815422471099,0.362712663888281,-0.0722947599206927,-0.213637764357532,0.0641477241710806,-0.107934279194969,-0.332659081180533,-0.0785890661990576,-0.0797059190159852,0.0404267951461668,-0.262130628510386,-0.274280744060525,-0.458476408621033,0.245555990453569,-0.247863033367903,-0.0274228204991659,-0.10761024176514,0.0949113899723053,-0.0236647290399772,-0.0807571719624409,-0.0120486626748566,0.1645063989767,-0.0932602957198639,-0.00554257534093092,0.0474354913538488,-0.066022805842977,-0.00474451701378279,-0.00740585343896483,0.291847946303797,0.428060605261863,0.0538594355229079,-0.0332085805137784,0.00939916429182195,-0.132257394502414,0.0991797748145341,0.0342685434555027,-0.0942756664729873,0.116857899438448,-0.0662988583806138,0.366812459584654,0.249067401859155,0.228224827090145,0.531382067241913,0.238669564204399,0.463046177699758,-0.0331605056011628,-0.174149847981566,-0.211798345079968,0.095149284003001,0.100906605116387,-0.00471648996801965,-0.067915839073457,-0.117069542142179,-0.175003373538128,-0.0580865408293971,-0.145132432212534,-0.0490893195299146,0.0743897672072112,-0.129583095835022,-0.179001887013453,-0.143257444750586,-0.0548965252783479,-0.0993007310465341,-0.0920554356304758,-0.199794219388967,0.274348164885701,0.323817497343633,-0.00597881915283813,0.262015703045611,0.286558911299364,-0.19507946603242,0.00272290102706976,-0.280963501616934,-0.0234574425123715,-0.0466277340289393,-0.11749429242177,0.195994952391615,0.0772154997111777,0.154547074559432,-0.0097685355339656,-0.121187539604195,-0.113430890838253,-0.263713433978724,-0.153088258442005,-0.071353151246272,-0.109879910442851,-0.0376438989209754,0.212535525196789,-0.0360565626929499,-0.356838439909022,-0.160335056623457,0.0449097256836838,0.0372650826171351,-0.0130522287568227,0.01098829537643,0.44814257982784,0.0236745402990911,-0.109145670129246,0.0445662497384811,0.0901349600911557,0.226604033322297,0.019908911302026,0.157967423802182,0.025270558478652,0.183086813374306,-0.125688956536501,0.1496875571552,-0.141980743971002,0.330197070118026,-0.0973682797426868,-0.0269364640905547,0.269185389090773,0.327825863960812,-0.410463113232614,-0.183495713142686,-0.125637109866636,-0.203331160980706,-0.321448612963623,0.161496496886428,-0.132722422914913,0.0361230989262057,-0.0843741898902844,-0.0313959054378401,-0.0412557941760198,0.319489177240242,0.0914150181001578,0.140298956896373,0.0911048887942528,0.50462030278614,0.551429241097402,0.312625321883654,0.117737444525385,0.157739095586642,0.0957749094755104,-0.116670696661677,0.0772451292248518,-0.0937516828566908,-0.160762852731962,-0.0119931488712124,0.229399421300811,0.367253802433364,0.225888912934276,0.164213815698715,-0.23176742514259,-0.241388682422684,-0.170652392927585,-0.160825699634165,0.143535744350928,-0.0712730310998269,-0.00228730048908139,-0.173955134880556,-0.0914623552335472,-0.0591526913630258,-0.111294503305352,-0.188186255164302,0.0564085855011152,-0.0536131664470497,0.0231588693845124,-0.0650808043152499,0.218901053105953,0.0457313364254586,-0.0755255005149739,0.0875866770732105,-0.0701514508730404,0.0729793765113685,0.0917900856159292,0.200667005921448,0.265846899740203,0.142734569971873
0.214245205425057,-0.16377812831322,-0.411383985458352,0.463047356304523,0.0544902985379911,0.0612952294602408,0.299629411670315,-0.0803539341051849,-0.217615467052438,0.0407322220886587,-0.146833987475089,0.140114838473965,-0.00257906389711385,0.0277424634181554,0.0204175187764134,-0.262046097817173,-0.197064762901992,0.216296477849198,0.389097819573619,0.0383063446947702,-0.130686624134981,-0.123694227214185,0.16444042270748,0.186703521528022,0.134387175086976,0.524431107973187,0.220121638742156,0.441372128090576,NA,-0.369264982227175,0.031089590513449,0.106428679170149,0.0933687380541575,-0.16923327783099,-0.120948629542493,-0.0998064277108233,-0.0532565021013476,-0.0564498774393857,0.139264439487568,0.219894073293184,-0.051940764539336,-0.362913101325894,-0.130471265142131,0.201958483730772,0.0433150472258154,-0.11533787670425,0.111140059061434,0.0359953017778712,-0.396513415055332,-0.126664438838147,-0.112997775947607,-0.0981516718121694,-0.386217347443457,-0.055734487758684,-0.236266448136474,0.0698734856880472,-0.152749385475766,-0.274428596903043,0.217925723625545,-0.208750645717819,0.283589460219744,-0.0538786795934608,-0.0657844701205944,-0.0381745553344142,-0.0193777252582446,-0.254251438553924,-0.113721027342459,-0.328286345897202,-0.100277705743464,-0.0393931498953017,-0.0618473485237409,0.029064975500244,-0.210051003197679,0.188301695745243,0.157775794860226,-0.122647489098932,-0.333991908215986,0.106648164735572,0.275053546484856,0.474186386807972,-0.027537197678245,-0.128886967753772,0.244204420805798,-0.0184013738005822,0.312428948290257,0.232231938204211,-0.10434050528316,-0.00896401134051937,0.112708136102635,-0.145021705847856,-0.398648912365299,-0.282797423791784,-0.0840826367510283,-0.00302075389843241,0.139020479983317,-0.118173300544184,0.180162085475448,0.14247139614,0.00580725335757459,0.0719232576924933,-0.240334894461252,-0.45212690783827,-0.231242761942409,-0.199589842832008,-0.31402541864414,-0.09900352383164,0.109880366829918,0.251479400730464,0.141474209968118,-0.0313713630363463,-0.0974936777949505,-0.0968962328887675,0.168095819208819,-0.225142330807257,0.164796873736486,0.485554359246661,0.710401743179195,0.364659376250193,0.364552555559942,0.268743598406689,0.180596966057961,-0.168453610830456,0.133884421312998,-0.0139276272424256,0.372349852251734,0.259585253675669,-0.129198541386553,-0.162267990576497,-0.321167044005925,0.0547628893504129,-0.066049791190265,-0.109871636423754,-0.217413682458753,-0.312843238488303,-0.146098756960374,0.0703299955356604,0.000238613066523155,-0.0912222125107134,0.0536258510117951,0.179976133640815,0.0472178602348284,0.0199920387724871,0.245342503049129,0.146049833346925,0.10854265036301,0.101793115592098,0.295544800318708,-0.201663063261242,0.0585075392624143,0.34816899293188,-0.0332043330695834,0.906977284999506,0.0677945830232178,0.381040359716065,0.000627645660879387,0.0680410667540066,-0.00787881026198584,0.495977789597367,0.0166992977626295,-0.130663234075387,0.143278821581247,0.0578830997352164,-0.257632023220349,-0.359587983769144,0.407133380950494,-0.0567340414304182,-0.0711684913894661,0.15049681375166,-0.165910023488866,-0.0635323477974442,-0.258269024608933,-0.168324377254895,0.311462349564035,0.167954116095476,-0.049255200053006,-0.162483903904206,-0.166019867671686,0.0432268327130371,-0.0231758847536142,-0.18373463922893,0.247839870891586,0.401023399289367,0.476043522191398,0.734950495747053,-0.0631078828211901,0.486725963028166,-0.0246560758264962,-0.0227056907522557,-0.343244574083616,-0.115683025007101,-0.0857364506235256,0.266964954835188,-0.184287383309654,0.204643934471866,0.0497818189355737,-0.243945873640694,-0.385543340575084,-0.0501697123703166,0.0738513463432826,0.11551548100005,-0.0387977603404206,-0.0815895601464852,0.0685126534113899,0.135196962585227,0.163007430765341,0.0634782172659735,-0.22081320860894,-0.0784829214229651,-0.238062406971496,-0.109380825016143,-0.0591969148829889,-0.310934816046556,0.0586839871172478,0.0387364043638359,0.0490611584244383,-0.12733573744794,-0.22263053770745,-0.223691511697334,-0.23263600485178,0.048236249838436,0.0430600909330229,0.176078062500051,-0.40148798944791,0.031287405630741,0.0451872482534606,0.254119703470938,-0.0453131210542934,-0.207654507512417,-0.161016787899326,-0.240398012811728,-0.0792515989562401,0.255509979337828,-0.256837142749193,-0.0334679276830035,-0.0595440510063833,-0.0363243804530466,0.182288315969163,-0.195787067935774,-0.308538110323433,0.0929842470560513,0.269206406263128,0.202677348655574,0.246836683787881,-0.128148953124179,-0.232855779673439,-0.235666704546497,0.199123685700123,-0.0377367112959376,0.0165260930846788,0.276936001106558,-0.114222695866321,-0.27192416204843,-0.113601997798981,-0.126665406852779,-0.173138558224853,-0.073151242672192,-0.277060084424643,-0.0919717476019453,0.00657677544412826,-0.0557325491099654,-0.101036582592383,-0.412327178964843,0.143660141445027,-0.021193300804374,-0.0825923052915565,-0.376853643319933,-0.151911307831018,-0.367895968214654,-0.421986137092154,-0.257688009357432,-0.155960578935411,-0.305385931218626,0.16318953218384,-0.207914037198773,-0.0809432118635315,0.136054818735233,-0.129967656568784,-0.0294542277000875,0.430298246801508,0.0733728420208044,0.286131592783193,-0.20267085715348,0.38007717371159,0.171847548439026,-0.12621611104505,0.0363199530705939,0.234937656627256,0.218741352835129,-0.121577205734877,0.0512026572615534,-0.126826681736914,-0.11557349850074,-0.106384797614379,0.0501951881682011,-0.287680861993168,0.33245916983923,-0.143114940152682,-0.0214989687902124,-0.231632012571835,-0.274460078554229,0.0854639909284944,-0.171053040512204,-0.362981697401438,-0.0662376386545235,-0.30018736776449,-0.0189408452473976,-0.040881353908428,0.0149998871567827,-0.0479628700096164,-0.0297610529011484,0.0509806033983954,-0.178173384759431,0.0861465687251837,0.105500551229426,0.290872520743297,0.320349308190225,0.390551709009955,-0.03056743924873,-0.0686116818246695,-0.294645756445789,0.159765267765452,0.226985437195883,0.177450852903483,0.385868874373911,0.247288817815926,0.272928390151559,0.0281330354579306,0.158348093879479,0.12733263131036,0.00539566303323966,0.15516802279697,0.178053961193808,-0.0522810204767081,0.244790079991505,0.303659790776522,0.377964638153522,0.129646516015468,0.151486073233906,0.258562956588344,-0.0104318412012634,-0.0180095190625494,-0.0970581357724139,-0.0582924665033529,-0.133430808295977,-0.213641318124686,0.324063744394875,0.0720817769897958,-0.19760160343221,-0.23502529940864,-0.066160243580417,-0.136463148857474,0.0626548750434456,0.0119711908645534,-0.0712059838815073,0.0706023421752685,-0.184013534329153,-0.226546850990267,-0.381075565775637,-0.11955750632744,0.0739606931668777,-0.277431151898111,-0.18702955144046,-0.0805031894917762,0.0686653087055553,0.00368788820810702,0.0942688027965715,0.181766146778777,0.189070199925834,-0.0841645146051927,-0.214919403571165,-0.163860906201941,-0.299884132664829,0.100127700617059,-0.0374951916017117
-0.260775293960333,0.443357716142809,0.311703467912212,-0.125072752542291,0.127477442658704,0.140572658871124,0.01336015543933,0.343486579597542,-0.0433290932589193,0.0197754273318794,0.100284759057141,-0.0542961576383246,-0.07757089216799,-0.127432071748116,-0.0538724084081151,0.140179761974007,0.139506668619618,-0.307386791841773,-0.119409670847356,0.0244120554330436,0.654413464725258,0.35004766554651,0.0800220796012056,-0.001702064005337,0.119272930353019,-0.240281491429278,0.122227892716598,0.0291114221139726,-0.369264982227175,NA,0.143461800182463,0.152659812452382,0.101551162783015,0.526703511843635,0.338080265850627,0.400840093712741,0.444711384850623,0.36009555159675,0.285644497673424,0.21882562439394,0.400685951235548,0.56054065171792,0.315265027976365,-0.100663097548815,0.0523882367882021,0.169622542128253,0.264137936979932,0.399023470820961,0.772299346020263,0.437502964492697,0.240583057378151,0.326126853747288,0.0283757437227077,0.327657144242876,0.415878561503539,0.26898205995223,0.42194160550248,0.374906289217464,-0.0042727940726246,0.219057536652714,0.122671006375728,0.0671875321808322,0.451707517504607,0.220614125682678,-0.0112971866335826,0.213626269357375,0.144181329661167,0.254401777933994,-0.000544016240174101,-0.0539751324688039,0.0887204742699565,-0.0412870483130738,-0.02993529972889,0.180306179326293,-0.073559770731568,0.378531048283277,0.201821769691634,0.158466559334742,-0.21612413920242,-0.165179006801422,0.354113865741381,0.267196044719053,0.0974823374619386,0.0480773251670949,-0.200360843333268,-0.207369146475959,0.275521010505745,0.157291515886818,-0.0916199972812144,0.456169794039965,0.511551369522315,0.368036169594372,0.341556896687864,-0.000854623272799317,-0.206422142630237,0.104372566443819,-0.0360694155938521,-0.0618732551178023,0.132863334574996,0.199388415741957,0.136952134423698,0.143356315174479,0.477987935635514,0.384956262752645,0.517168540225316,0.388523933740754,-0.0415763557663219,0.176036783626742,0.0836741636904583,0.246260942203576,0.38967897678447,0.411898936958023,0.145193933731615,0.122269508893483,-0.145422282309478,-0.366270303802099,-0.279427841476592,-0.236440076178749,-0.141462610398861,-0.000276839700822671,-0.153502985321932,0.0800147709537822,-0.0113407827775928,0.127825537010172,-0.158560437727113,0.0635007299325504,-0.0528122464591411,0.0791327217361026,0.00824224916541674,-0.044347996044221,0.394815408268861,0.292197574670156,-0.0710727696013449,0.331063245991733,0.187232376395357,0.259474305942917,0.304126858309456,0.126257871047565,0.176088883521121,-0.145408270078885,0.166922989230785,-0.17374799973609,-0.0213311970703586,-0.218476823579523,-0.12788048317062,-0.176545926933871,0.107553712218655,-0.123722358975709,0.1268966808525,-0.258920642521859,-0.26785721317969,-0.277057970317219,0.378090060477596,-0.410529241408739,0.475274842029465,-0.174523901109003,0.00411491567675919,-0.0269978973832898,0.157724946951269,0.470340913877734,0.150418824214375,-0.311071502558256,0.504770275736748,0.234043949277709,-0.160035931659539,0.23104750801989,0.0576265995831743,0.100642779025908,0.238220786187432,-0.132975922250346,-0.0683688108359411,-0.129353092119077,-0.109824227364663,-0.297975328960283,0.0215030797480337,0.00275363937804521,0.176373232200214,-0.180387505656245,-0.0697580486810706,0.665483390664948,0.0920357111933365,-0.228654570200559,-0.212647170161456,-0.430110375786986,0.209898337395134,-0.308029914451127,0.21007655951605,0.171185224058833,0.520553045737426,0.278362921280659,0.121317255826676,0.121271060030357,0.141369772364639,0.0835380459650585,0.0897884728938676,0.359096916535159,0.559088674124554,0.26077671314553,0.00468716494288809,-0.220900009596723,0.192269671587736,0.182631236976486,0.246338323390943,0.0463345905587903,0.144264135849715,0.0939506109179791,0.436937874643206,-0.0544095583867953,0.29805361307499,0.335378702798235,0.00289139689260752,-0.0963685010177714,0.116392634911455,0.0989198292531366,0.145930110083835,0.189550870767851,0.107198289392703,0.0693915804418462,0.442794754897833,-0.14906491286091,-0.064535481472573,-0.0474235821678113,0.491236068367816,-0.0927707400235689,0.192764377212397,0.0278761005270557,0.110922873281062,0.271410645931648,-0.00530763985653294,0.485385039391482,0.0795728550238507,-0.039611227280882,0.409723888711764,0.206614690320835,0.0940515971818151,0.0472694622815254,-0.0874908614091209,0.175302490925726,0.334111029886465,0.112093059807211,-0.0564923400913968,-0.105639636682042,-0.0902448963824851,0.133926784005393,0.352573893038045,0.341596330845247,-0.0255289089489199,0.219962997006648,0.161206851432955,0.140946110450474,0.270756890430991,0.245865354763772,0.110831192853158,0.302473595247215,0.358639382247295,0.305434881011813,0.151295882208155,0.121679971261636,-0.268579201970576,0.016303173273995,0.081676928350227,0.264750022574668,-0.0511424897526326,0.211740434388965,0.147818388064871,0.332812474730716,0.145248491656278,0.188238432109741,0.352618968831768,0.197477779042644,0.272096786904443,0.5305417450141,-0.0484023542977364,0.415721641271053,0.272400085156795,-0.230045247807143,0.0655073213041174,-0.20754080183459,-0.545858203893678,0.0703631548556987,-0.195343699629241,0.39329204074168,0.00158723645597908,0.123946137250974,-0.122154556536807,0.0440805753689497,-0.171468785282868,-0.181665481158661,-0.152344440754601,-0.156687472903295,0.123550353747702,-0.0250344417488511,0.292875118700204,-0.0381973526494599,-0.20385497320093,-0.372811632712632,0.0400146860125567,0.275229567411755,0.429619299642816,-0.0559558192883827,0.199224367256657,-0.0902530795993521,0.0926499238444284,0.358209646889413,0.201682162734624,0.0903795658830502,0.237226129415282,0.185352882359779,0.324482027499013,0.176032578055298,-0.275978766627159,-0.0781851276153755,-0.363645708176728,-0.0572409837708092,-0.377325140585502,-0.166169919444237,0.141975432121673,0.133550069447773,-0.212327592537381,0.095176681979812,-0.122890334372365,-0.404897348233409,-0.325275066969123,-0.00112400893511368,-0.133072791207247,-0.160122612171026,-0.142681710974323,-0.201197639055553,0.230719528074204,0.327021883238509,-0.24369321202151,-0.0654953627230712,0.0717637836602042,-0.0421133969632621,0.118467675915203,-0.0993090795323582,-0.00249111189793246,-0.112897195941217,-0.0607586424725738,-0.158416491264935,-0.0551761278228652,-0.102885216343734,-0.0869757412610336,-0.00986428707064528,0.201855854987812,0.0452773307815477,-0.0464482326689214,0.108435068300933,0.204352037150225,0.10791158556749,0.0361504983657748,-0.0635164648570399,0.00519491533184859,0.117439930792933,0.261187215542511,0.472016628511714,0.44231891078381,0.650581914589189,-0.0613724922493265,-0.0149605274306916,0.340154726559198,0.38672863898353,0.0358521893091561,0.0352773466369105,0.0343803243141901,-0.0727342168109626,-0.0316163013840334,0.0115507162137418,0.41399742655065,0.405291157779754,0.404655133873873,0.284194666170155,-0.057130100139885,0.00298617926886945
0.150568432746714,0.542758430459893,0.457662292813973,0.22713318986015,0.20372318360117,0.00949452224662005,-0.111500283564016,0.447922508577226,0.099846171122633,0.425642462559044,0.101717848645409,-0.0779055424263598,0.410352711894834,0.444193197405974,-0.248246635273064,0.313301556597944,0.227163614381938,-0.223537016252267,-0.0275126452684753,0.455079754899006,0.368545013509128,0.194572060145247,0.20383289890167,-0.0332882533391404,0.143191049830984,-0.0150862393128288,0.195092987337441,-0.0194782080694467,0.031089590513449,0.143461800182463,NA,0.673508411795368,0.42881998711329,0.507206735416501,0.600094467886429,0.888108186803564,0.632443118501971,0.675281666737611,0.485533839828703,0.147564083793286,0.230346722234475,-0.016766451436152,-0.0890961248824892,0.310390458750267,0.529231773242538,0.621347075856171,0.815624395746063,0.323765807589333,0.178000530472835,0.440547517581208,-0.0330040594510092,-0.150849281473468,0.361826451892561,0.315046833542401,0.086631640583379,0.365766637021687,0.64627631059154,0.291771061086497,0.313942967742191,-0.0787432655640916,0.125049171533616,-0.0573989947251936,-0.162847183781504,0.0858410741270453,0.385484914304212,0.237458917607443,0.1497569763962,0.262193646607469,0.423582111736391,0.446546820010005,-0.0835261855995102,-0.341164633384039,0.0947165509032073,-0.0742331043121031,0.0829471876546708,-0.0801821835452115,0.271672043118937,0.0916712491851784,-0.158174464628111,-0.0517812097326053,0.257492852704338,-0.143460584937552,-0.222699178012494,-0.22467659433752,-0.165163635726791,0.0509626022489111,0.32511445609437,0.279469193283623,0.127976233677337,0.438807605602192,-0.102640709472546,-0.0778129541666506,0.127528496421187,0.0111287487327915,0.158203309046104,-0.139254245543901,-0.0177855372101815,-0.0441899588028253,0.520639091061844,0.0695779968555075,0.324742845179287,-0.047489247444645,0.346804578143083,0.191802739807959,0.209052075192286,-0.0382707765234706,0.0970578376395285,0.389801261301417,0.263338952572907,-0.0674944505260181,0.280657574151095,0.144787725786936,0.0710692513434861,0.187294379716852,-0.0897317391849951,0.0666757047892471,0.223217465632888,-0.019624019428317,0.151161420145544,0.139406065397988,-0.101681774541663,-0.0661084729788598,0.180699435259984,0.0636047378545079,0.0680288038989134,0.0479457965552201,0.090683993161756,0.330625856545665,-0.138524315910108,0.0529731096735599,0.316766205083427,0.484640205295328,-0.226501207857109,0.140950177837081,-0.211548497272581,0.406338247972319,0.346696072749617,0.12976758885787,0.264337426122192,-0.468082829189069,-0.0990488886297777,-0.0424047288620235,0.0732699805276336,0.0543876461962667,0.398735545649691,0.309800105160981,-0.142237423046941,0.0813574013701723,0.25983606915896,0.341239545276772,0.115794823780636,0.118518196782534,0.0537457993244263,0.157932070780748,0.00689099279409165,-0.00820679487987942,0.000877397056124167,-0.0434414605589905,-0.137948407908039,0.299522579965761,0.384632024055956,-0.0570187377409509,0.608089169222414,0.222381635558185,-0.0652581185704534,0.47578169336509,-0.460323447073256,-0.0606040708945971,0.306766964006963,-0.268537386782338,0.267226921068016,-0.448196616626614,-0.202411238795803,0.295252590470849,0.182934278683404,0.486901703737439,0.663073064625693,-0.00540389912380164,-0.0661157229871684,0.288587938306322,0.120376614891513,-0.119429238296874,-0.440818664426379,-0.103843707274597,0.313709807819091,6.79612210545181e-05,-0.095458557204371,0.117223022855648,0.150476583144055,1.01911670985551,0.507659610158619,0.039765283548294,0.593983716204965,0.657668669485572,0.659510826278541,0.140296229444798,0.774818619657101,0.198960306152151,-0.220149436204147,-0.217072729674103,0.810885890158061,0.748622956862274,0.326906229476925,0.384515827527594,0.664688192284405,0.523562332013196,-0.125503742133548,-0.413251130442036,0.336594719306862,0.524443759475474,0.168877278179201,0.321291985767162,0.656465827866943,0.635361114396364,0.253906331536455,0.805691420482846,0.568522334898059,0.241137374450454,-0.384243830271704,-0.3052960533377,-0.252690841934523,-0.399057337198124,0.52171954838968,0.214921891255837,0.148315511690932,0.417441458324746,0.430680141401286,0.26794100631359,-0.215393030569347,0.545955610778496,0.0713657195283366,0.413654217324829,0.365686473765833,0.22119138236157,-0.0374722931087457,-0.600698375666523,-0.271059270143391,0.459234169084158,0.259227269998513,-0.280411328878934,-0.285020231551559,-0.340969750930856,-0.502451345131145,0.298873749155978,0.0226433993209552,0.253477644076647,-0.526585367317109,-0.259234080680632,-0.267467206933355,-0.248907727928991,0.433333366602254,0.361019352439972,0.0307645754915322,0.116443387347692,0.453567986398801,0.43564698989427,-0.107687768150131,0.263126703425471,-0.112147729746148,-0.491243399068508,-0.312696795060717,-0.314122195132861,-0.115230577610391,0.550458976752267,0.2924065490625,-0.0422370249414045,0.0883172495997977,0.435795971338589,0.438622008303725,0.470021681524722,-0.0271030974060038,-0.175759627851416,-0.248129248095343,0.119633427274135,-0.18188667147004,-0.167980395768842,-0.401054290252339,-0.0719847083681828,0.0902095005576341,-0.156759211120138,0.0802994303103538,0.0513391871735173,-0.240897622778405,-0.238136031486715,-0.346027173453551,0.0685266139044166,-0.0242490278114113,0.175596540431308,-0.226903324436121,0.152715393211713,0.0430869888427959,-0.0381424134277396,0.309988600604797,0.0535320002057112,0.113209952193499,-0.108207169217448,0.110460466358399,0.302897975549355,0.19365806506241,0.114961529027585,-0.198872269530287,0.306175714159772,0.155830027760467,-0.122094054215836,-0.174322357590784,-0.223790385790829,0.365335459438855,0.240170428031595,0.112250939350917,0.178639992602018,0.161750569352999,-0.0926112745719154,-0.117594593966079,0.094375941729779,-0.117073140838919,0.0570559194841187,0.0967394917494104,-0.321167689518874,-0.254741269216372,-0.257024143877662,-0.161118968285929,0.149788697628416,0.129339485145296,-0.152659137903566,0.139825480377094,-0.258818661910322,-0.493954269171109,-0.629116459296162,0.273304598926201,0.272210472049956,0.0622282074112324,-0.0536946763615556,-0.123258288952301,-0.20278867198965,0.0127222513473523,-0.262272228047528,-0.0923058584747932,-0.185527012048741,-0.165532716249406,-0.313007798921416,-0.0893227227690684,0.0415604458405129,0.0671027343858535,-0.0304258622543084,-0.0134674416821824,-0.1329162297087,-0.214929015297235,-0.386729061470008,-0.187055994773212,-0.0214404258013826,-0.226999665431024,0.0527276265513499,-0.497779010899838,-0.42978246334115,0.169764364946652,0.349344081496387,0.0503992542167987,0.179369546174286,-0.354305376979856,-0.107432410694048,0.396074269980201,0.199166986625929,-0.0793718938174361,-0.0236982168075146,-0.390418236874304,0.0332749430233866,-0.237608302560333,-0.435616226865698,0.0845753540690339,0.148883886698012,0.192338150595841,0.292315523560206,-0.301930316800668,0.268839587732844
0.0598804875867352,0.581576580006956,0.298500746668395,0.481140028679372,-0.0536831890091587,0.0187347418338689,-0.177235076456951,0.330140115692282,-0.0924554909778669,0.29460369202028,-0.053084799160066,-0.188156105424224,0.298304933529229,0.282073817736027,-0.233393714342646,0.171480876786316,0.0646715666299298,-0.249281178958622,-0.214851603382463,0.342183435035511,0.421519214810103,0.346043175634133,0.550572368166137,-0.0199341193677779,0.0888507505790832,0.132227391522938,0.204897121598147,0.0470887001895747,0.106428679170149,0.152659812452382,0.673508411795368,NA,0.546547304343126,0.256289051139283,0.63529492848265,0.775605716402233,0.582650080716499,0.599696419583769,0.396509110803876,-0.0221857141741582,0.364920759292781,-0.0929208790192503,-0.0897094755506724,0.27095078978479,0.265349047449556,0.454206540229923,0.446702371957836,0.127316880384448,0.117136226438811,0.552093458214636,-0.0806350321771243,-0.149426996057144,0.236551770522908,0.210857688911265,0.143001978110258,0.289482619952248,0.498283856550136,0.339269144087688,0.290368451445027,-0.0704185535501752,0.145642382688733,0.0210993806504821,-0.0472273584996956,0.0875480620714302,0.0971512423772779,0.107501101792707,0.2108903742354,0.326496058903248,0.299213144518249,0.219095569430752,-0.132640211137706,-0.254302758763187,-0.148228372405246,0.0194337693808636,0.257392839030064,-0.139908433545133,0.397269147175971,0.0458896927869472,0.234839629409466,0.0926925399769533,0.0747572400007498,-0.150677206400728,-0.133307608078463,-0.214522277270652,-0.129976239700484,0.0818627004034489,0.113298232090973,0.0285154528725495,-0.0581291062323055,0.555225334787746,-0.0843250433376312,-0.195565586968863,0.0594232838271992,-0.062496525767632,0.0362078501535501,-0.155064301567447,-0.122965757899435,-0.273044366968193,0.313042129444221,0.0612371225895134,-0.0575735157407013,-0.0682785927933838,0.108006130490791,0.133183546893653,0.0787739171031251,-0.105153325809924,0.185881863296273,0.508808338239889,0.104921083428749,-0.257516438147394,0.0203242074139836,0.233072320904512,0.0670931342306816,0.165127383090553,0.0389887138867926,-0.0490759888108427,0.191879486735795,0.0267441582565876,-0.0571535467201167,-0.069758270476907,0.0163066662165253,-0.213104885619488,0.133829360281736,-0.0764258092877639,-0.00153312235080324,0.348370084629122,0.184747441771607,0.330592026862139,-0.216746762517128,-0.0274156878563942,0.175786784602975,0.174277802486708,-0.029604466609177,0.216220713118088,-0.35363569468657,0.194857575626128,0.206292852077007,0.11506120187465,-0.025196495759401,-0.456945486044024,-0.337285742383735,-0.0651652349820193,0.00822681551697404,0.0875379344374903,0.344728197208487,0.290858149588327,0.222548587053843,0.153150622043319,0.316569068491277,0.261215694599853,0.0186169997338827,0.0260342541692028,-0.0127286237989692,0.125081691278572,-0.0302475301796603,-0.019378169908157,0.0841884032330648,0.416799404267625,-0.0689888857329009,0.352902952682205,0.207400546925873,-0.146534483192683,0.558571534087213,0.184131945840071,0.24125329993662,0.172438270531909,-0.227839491047731,-0.0966512710815967,0.211162514306888,-0.0418185538907114,0.0923868221172038,-0.401801655403892,-0.183841480425028,0.0806035937144316,0.107241028159115,0.297303190351837,0.411306439259603,-0.165588919990467,-0.318551198733172,0.317943029729972,0.24243703110991,0.0558619446002058,-0.301344108331874,-0.0918712887586647,0.197559724509468,0.0823236541442241,-0.061227758665536,0.296146302708115,0.126493935308462,0.854681892774612,0.515288734645044,0.147476830472549,0.583141193695505,0.349928669922569,0.469131667935309,0.359043748848831,0.376464808215231,0.200207815087444,-0.183212717883852,-0.156727982743821,0.519161490630682,0.349896103153829,0.377362661695208,0.332375646866485,0.385550586647244,0.224836238895623,-0.107581935340032,-0.24091232584932,0.372823703931731,0.41822476334518,0.117731338368634,0.288750486760473,0.590579379067943,0.618997561175234,0.263210439425049,0.610568685998359,0.625668551314308,0.345514714783575,-0.3097070139093,-0.137051233649883,-0.153269682364518,-0.187435029358494,0.369088190454208,-0.0122668827252059,0.273844125877236,0.174906931682648,0.211413660483909,0.110196510890863,-0.0867721405383273,0.427467890913157,-0.0371219906953961,0.260683487023024,0.34066152200849,0.29457232638948,0.0569642454773956,-0.301282360095138,-0.0022145369181664,0.253890834525792,0.371363521305621,-0.0327594064624998,-0.0266029111855365,-0.220414157389884,-0.258375830284426,0.281023001454232,0.0674097167965636,0.177538501469523,-0.33471865431272,-0.177004275573528,-0.083309093375588,-0.102098652689571,0.270049248449417,0.190068893709424,-0.0827741364162771,0.0108368361453096,0.472833120454816,0.248652315564093,-0.251091816855785,0.0996493151773203,-0.0198386968704334,-0.260050032721549,-0.169735890438849,-0.179768954979602,-0.289942057123529,0.444438403623399,0.137560940401339,0.0802874265778641,0.0999286005822485,0.309801475051891,0.30614431281101,0.420280866675842,-0.14352039234525,-0.050027770190689,-0.214277926290606,0.0951348872774962,-0.0492096303140497,-0.147279832372303,-0.189704353516118,-0.13909799327014,-0.0890214093813753,-0.194404344302381,-0.0424576029009057,0.156939821885176,-0.10630284277899,0.00663332464912447,-0.156153047600977,-0.15833421056084,-0.185199058521545,0.0345871902996781,-0.0817175178682572,0.218388954111393,0.300965831635157,0.0326363905416853,-0.00165208199700549,-0.153503454197845,0.216483443227895,-0.119392427330578,-0.0500111373963257,0.0803542128466995,0.0523711832513922,-0.0142861994371831,0.000415354094504833,0.26306364640876,-0.0327690358237442,-0.215143181286746,-0.35211384165005,-0.130623550706634,0.140865109924981,0.123801996348426,-0.142431903396946,0.196305723579026,0.192292851888967,0.17966961714445,-0.196823521908126,0.113798698289358,-0.106033380881528,0.15608102239811,0.365190694307042,-0.226822084252781,-0.268849513387974,-0.240374771392064,0.021812858341625,0.0928829985842891,0.0841201726361927,0.0807264499546317,0.0632551080830278,-0.0645456416760734,-0.335142425990799,-0.281148230082451,0.225373997741826,0.34243490701433,0.069520487606316,-0.217792892841885,-0.0778476038059365,-0.168601693695244,0.0813985002811087,-0.11602627771744,-0.172998964770861,-0.16973997656277,-0.135618824540299,-0.0539532644690877,-0.0692968862613491,0.0693654934575242,-0.135107259033955,0.0112824788976861,-0.147646769939087,-0.316494906079031,-0.471230094801771,-0.404834067978768,-0.0694194931755161,0.103105997530897,-0.0457863866314615,0.0254258247340142,-0.308051219719344,-0.275158597441775,-0.0515750482556835,0.0153028527750692,-0.056722956169551,-0.00389568494495415,-0.252601003772742,-0.117723528891031,0.22398192774123,0.132016554767426,-0.216268229276301,-0.217510104479519,-0.174511823022031,0.0127024879951837,-0.278536923619287,-0.299650412233144,0.0156522313799587,0.104205890738088,0.066451625903218,0.114836279348453,-0.42575061402306,-0.00904183736779665
0.221854316321979,0.530952937405064,0.287857064450973,0.361793516827794,-0.00492830475740135,0.26089973246566,-0.230204748914672,0.249197499249262,0.279373131504003,0.326520237769538,-0.170757098009341,-0.225201426234177,0.33930006088654,0.282424064450766,0.0171719191179796,0.25360348800616,0.0165810270647067,-0.0519196799491222,-0.227361000237348,0.283453077017777,0.0700506858472567,0.304453898962499,0.500769030965561,0.166082809210339,0.332076937442006,0.134035419273969,0.028861852161733,0.0367003590981484,0.0933687380541575,0.101551162783015,0.42881998711329,0.546547304343126,NA,0.0731895194608685,0.805111040919355,0.823864845070056,0.274716730489907,0.552289488095452,0.325617946999893,-0.0611058525333912,0.0899694388422377,-0.214495432900335,0.265910503790441,0.653946268897951,0.535761176708238,0.13811953432461,0.466835567527472,-0.354993910542749,0.0811698869775801,0.248748547722684,0.0596266457928623,0.0957667899446802,0.26860497717844,0.424859162371804,0.106442927999511,0.222879401140431,0.222126108167174,0.324746904532728,0.307376322282987,0.162515051840442,0.470663620345626,0.0941914311934639,-0.220869261505055,0.0518987139594781,0.374840060494761,0.143770644645447,0.131030608042017,0.108020474841191,0.340131540302302,0.253598125773688,0.0378611478324922,-0.00516911125917764,-0.024232190944696,0.0363674717604897,0.427159769567997,-0.332604238056366,0.193160220296665,0.237266682110947,0.0126348702587358,0.201456525798717,-0.0724450491894925,-0.284033452014581,-0.148755335463388,-0.284277535371933,0.0912062572668822,0.268699088618319,0.162358363604097,0.149965522499219,-0.0764092258906026,0.369625843008775,-0.199827563886417,-0.130541470372099,-0.0413757494665676,0.149672791364137,0.26310946739233,0.190993420551665,0.0238053962024518,-0.1701132519351,0.393428377113663,0.189869850146544,0.0560835717018597,0.0588043169621232,-0.0302575335218547,0.123910270952861,-0.0803788615404115,0.025765322447021,0.389212559274854,0.475189133397889,0.144949686027838,-0.0527947958662879,0.0495364066995613,0.261337697492958,0.290582060531529,0.382507380751685,0.26843994115439,0.073533612850798,0.267233941851895,-0.0545167545240721,0.20975677380837,-0.0564763372259882,0.281684372819232,0.0942548531170836,0.34705254551864,0.156778525180768,0.148707877210797,0.327157244193173,0.170745223236761,0.26965674431403,-0.117235602785768,-0.178004788338557,0.0671636789890328,0.073337762189157,-0.0719754133159429,-0.120064681729545,-0.286574856054043,0.111634046455938,0.233189673014123,0.113626713670172,-0.0722044416188398,-0.18782898368101,-0.108701904328817,-0.0251672613464953,-0.0615876003123818,0.0679308953737922,0.622331051875096,0.675856125890926,0.450849934919651,0.39766736424601,0.660873605829057,0.456771969260861,0.420390459741068,0.048247252803242,-0.0809358912600524,0.318582082363993,-0.0793772446249418,0.210040402630614,0.381903655143041,0.17735583310569,-0.0796056193786494,0.299113831640755,0.165918373670358,-0.0233418896979394,0.273469397302886,0.187977792611949,0.329811143583717,0.12635546245801,-0.34371055460805,-0.0746882428731173,0.243672996042053,0.181050090999345,0.136579044399642,-0.273653451027787,-0.274447301751031,0.0651561843881164,0.185396749202298,0.239998693258305,0.413103106026226,-0.157420931432535,-0.137250914589989,0.0301406992106524,0.152653224396296,0.146118282324397,-0.344059652143919,-0.0329181454148134,0.136383200144784,0.0266145321023224,-0.151366917038553,0.0601223198652038,0.0256192311736198,0.495159760682447,1.00645075974157,0.252890663798547,0.879010295179141,0.353747095217197,0.516033565287512,0.0560465543629093,0.326052948479048,0.152120728297982,-0.00965649489254025,0.0753465590938767,0.553597259207677,0.185086151497366,0.151981981772921,0.13352700749745,0.302036077011499,0.0433277612344611,-0.270483810081641,-0.158428466260983,0.265484910549022,0.260107831161838,0.182203784209351,0.293192731373623,0.532094923740641,0.446045038189343,0.407431027322958,0.631904281908001,0.474192708269087,0.273138444716437,-0.473220160324418,0.00796929423846302,-0.228120811560842,-0.103373245149562,0.195242530621325,0.135847754897575,0.289053308642575,0.202138831831909,0.359495356209814,0.289847380367654,0.00293962709628305,0.444701172621416,-0.0197070558012542,0.471589932545895,0.391150806495167,0.301599892212283,0.192395077136447,-0.229929385701885,0.235447687789652,0.159277223121458,0.2149384392153,-0.0373431391981224,0.157558994696109,-0.0711301465825549,-0.169260085773692,0.234979590797055,-0.133899498277027,-0.00384916229174467,-0.251025267687532,-0.21001622202605,-0.0897839234802785,-0.232955001522413,0.221680254758303,0.14910418005977,-0.094749867456066,-0.0805811420532322,0.481650003161029,0.223083622732817,-0.242470743161418,0.0204274248541894,0.062430050469859,-0.157307218977016,-0.0135900425545468,-0.260816758741784,-0.193713226343051,0.285686286290903,0.205297283550019,0.0318970637628432,-0.0433643313092635,0.293995828870904,0.22955617331843,0.55157140097665,-0.0940137353097881,-0.186359719793893,-0.142677356156454,0.0424515367316021,-0.0987151723694802,0.0795793110121553,0.0134351639887112,0.169499533766373,-0.0328327255684296,-0.147839675588839,0.10482459047736,-0.124294144949343,-0.212248128932965,-0.0158136870055323,-0.393280999696938,0.121109108264999,-0.133885180922409,0.0339399638583364,0.0317735490504592,0.268138625050622,0.21608639488128,0.0242018515457321,0.0571709907442467,-0.16217151580268,-0.0428904659543993,-0.125252235322912,-0.0213384326394813,0.0750340393702207,0.0175260944109833,0.038910633478073,-0.14011748649573,0.228313114999918,-0.272630637118663,0.11489775688723,-0.251261076702148,-0.265883620208527,0.102331049668396,0.200501605308837,-0.32088473263725,0.0694369348531093,0.198932225220882,0.255765933812674,-0.190549407597294,0.103338229252084,0.0922598091238097,0.109434812217443,0.323406690516267,-0.250266840250721,0.0587950142747843,0.0164881311523916,0.0792172525320489,0.297542802221502,0.197866480489455,0.157835350932069,0.228708569347792,0.116041117618689,-0.13564743135799,-0.135062969331604,0.260525811070635,0.389065960891518,0.205063064721515,0.0390343765006036,0.0877378365704765,-0.500734077285994,-0.164353528748041,-0.120814809523297,-0.234574752729128,-0.255232417348618,-0.225511203855499,-0.166251179328758,-0.18979532097037,0.0647116986504243,0.0405034499129176,0.0209565812342692,-0.0406968562120033,-0.0373974803370135,-0.319757951958079,-0.218009594316486,0.261963300099354,0.494167365597504,0.214298057977314,0.392818249308507,-0.312587004906832,-0.253796416644905,-0.00251392877324591,0.109307946885036,0.0509959734640263,0.11731657835658,0.101931582742606,0.267898795656473,0.244341978645615,0.230948248360885,-0.132241866647997,-0.120774058840004,-0.295846480978037,0.0800995757354565,-0.244974208066654,-0.353793653530974,0.0742951495454042,0.211865048316424,0.0786135972907879,0.263871919124675,-0.234259354370664,-0.356424391287948
-0.325721085738229,0.394434414733252,0.474282161475338,-0.0012336242667547,0.0580621311340083,-0.233589462405998,0.2023418738623,0.453084931125326,-0.194878686439852,0.376858979070572,-0.0270217549299158,0.0301242168974689,0.161017074823471,0.164779920662312,-0.151985198211509,0.129248253549006,0.287715344208093,-0.31276946508282,0.163253347781618,0.275888546572218,0.657160686825059,0.641979332073698,0.296727448210734,-0.206032044345307,-0.0282958090696904,-0.30233334907821,0.482586280388571,0.287607638455344,-0.16923327783099,0.526703511843634,0.507206735416501,0.256289051139283,0.0731895194608685,NA,0.269245378264326,0.376317059068125,0.730659987407873,0.483762566424407,0.643215736804277,0.446798847989435,0.788705422900346,0.38454491202313,0.11464308763873,-0.20815196799064,0.23377034816129,0.447028552420951,0.649285049686833,0.652785602147916,0.790003203680387,0.410046777637621,-0.0413931998031545,-0.0189980868078405,0.074287739602483,0.42607952094266,0.228930760951148,0.410199092486969,0.483888925520661,0.34858141031681,0.150441549507096,0.230422976782879,0.0668396596065867,-0.13615760543825,0.484419694715792,0.408238376032642,0.231762157339983,0.518520302924802,0.402829711923542,0.552344037783305,0.353796184711041,0.137717496884799,0.0997434639404119,0.0398647775195794,0.0987857568765783,-0.0381573981264615,-0.276127797427829,0.451250404518352,0.397252059309577,0.0713493781049799,-0.207973319789375,-0.213115708203171,0.389898354422202,0.427504960596601,0.137540537384204,0.0843561711453204,-0.381266236342091,-0.356812310134268,0.139987734261848,0.0139566640658944,-0.0671831823388949,0.368472616037303,0.178373701667055,-0.1086566530621,0.159629785026798,-0.43830966296792,-0.41930642973677,-0.353852976373353,-0.309050777056812,-0.249880906050956,0.114363469940463,-0.186996959687387,0.381114438921543,0.0883657032675924,0.762548636698926,0.537762905331408,0.586477859447189,0.351155698973994,-0.189783403922831,0.0948636735395426,-0.0206387896970928,0.245729995943573,0.899830404610174,0.369515687184694,-0.16688877259506,-0.181871251372323,-0.337171585204831,-0.274518225523158,0.00631365324145632,-0.228439492758368,-0.210589446144182,0.112778222229027,-0.348433154220086,-0.100443046530301,-0.0990812862545759,-0.127572967986607,-0.178710355378852,0.0456550847347249,-0.00425705640954365,0.0736196843507928,0.00858570877714381,0.0957566216718219,0.517432559379011,0.392837854203266,-0.146893569903212,0.00953542907203824,-0.0746099014199426,0.290922537090837,0.301064979213686,0.215696092503206,0.22596499214196,-0.346832033817247,-0.124114273432402,0.016263424234261,0.000639770000344511,-0.190946324904872,-0.118704971591642,-0.228086243375126,-0.0884983452724581,-0.375172887308349,-0.0576907840947843,-0.24656072132746,-0.484332502660759,-0.088162369923494,0.498605121759904,-0.248988772058531,0.415263141938476,-0.329031110734042,-0.261660998957272,-0.106518558472238,-0.0657607216953497,0.639892945676372,0.380808034706102,-0.407067516854995,0.482155487687823,0.267971199512656,-0.271980108152986,0.281750070902804,-0.00921610815533064,0.183525925124868,0.273629837766285,-0.572245244692498,0.317241351057703,-0.141040937597528,-0.174058498131412,-0.172758132143731,0.113864287641419,0.249005648597577,0.306442585396112,0.0448476919482884,-0.0391008624054461,0.607252486168158,0.164846383261659,-0.266177226795205,-0.158995901726587,-0.216551539423686,0.521202542262175,-0.273269119618287,0.438012639846174,0.381571059394073,0.12010402998619,0.447655356990838,0.142708364174238,0.0236631775797003,0.103050061296722,0.25836648006051,0.227127042889073,0.525066078205176,0.700214273014616,0.232296753971686,-0.240958308784934,-0.512374704152302,0.298592191666695,0.709750858762257,0.386125195465618,0.237655253136004,0.349505945658311,0.574138578059331,0.639397414972788,-0.260321825178396,0.25785724576201,0.52977324470839,-0.0119354627481953,-0.0862266176901075,0.286981258851838,0.17597644565282,0.329891604692677,0.242436077378132,0.234814146576703,-0.0342887487458803,0.271652798447786,-0.544159739168829,-0.228836757100197,-0.46555571615526,0.682383336824501,0.0542183685107586,-0.0188711325662193,0.228218154126921,0.480553781888665,0.154043093362179,-0.0923855913499538,0.517895663985522,-0.0213652327289417,0.109658779535342,0.542990022606743,0.423713080433776,0.184230174265727,-0.175488639763536,-0.290794119707014,0.465355659186151,0.320664653302326,0.0608160987039386,-0.42570345379806,-0.276969723346104,-0.31978995880979,0.128749077422556,0.561872231209372,0.773334719883939,-0.284033459780937,0.301854866845372,0.0231299841198102,0.120113170698976,0.281803438564825,0.138989148296059,-0.234011105618244,0.0812456332790066,0.570325626216373,0.282694548080308,-0.176557409324245,0.0415644258497566,-0.529838440813268,-0.242323821691756,-0.249496403716506,-0.0723750569419153,-0.219695230186348,0.226027483324544,-0.0118428805776668,-0.0382770274589431,0.0522394231071866,0.306443495842868,0.605925261452481,0.335301160551789,0.279595585964103,0.291276608107672,-0.265794521328066,0.624180489840304,0.191845514389478,-0.438699162149246,-0.102022897191262,-0.411062822526984,-0.219205057670915,-0.0418467021440515,-0.193719960998327,0.143961600116779,-0.0445956523130822,0.0740288924050792,-0.250241292643752,0.0170754723030533,-0.0894830577022427,-0.0276214427912071,-0.287620623466024,-0.166235437623646,-0.0621454109231264,-0.0480007138790644,0.446177305493494,0.0234898058674234,-0.0922203893331626,-0.406035306924288,0.205360072834698,0.368380090478108,0.402505942085237,0.137274564598468,0.288867865912675,0.16557944429106,0.164647429435038,0.0704778771097007,0.291628058957693,0.161818882149405,0.224227201552776,0.329710614403278,0.100302405115975,0.145376091576073,-0.249082266766627,-0.0488901636172129,-0.101451902384791,0.206832916316643,-0.525643294367557,-0.166987328584237,0.134466452455236,0.24187724294645,-0.551035759112944,-0.0510902974862435,-0.345162398134731,-0.394463252833107,-0.306822524576858,-0.182565902898933,-0.213800834393826,-0.294934136702518,-0.510535445788268,-0.513919891476816,0.0613955908050182,0.582025530322912,-0.117556876550415,0.0787257212223771,0.0686248978131279,0.0315932065759458,0.279041052283945,-0.0914933402287204,-0.0177379768000546,0.232740126855963,0.208275307796709,-0.112997964389538,0.158022048303717,-0.0119633997239652,-0.0787219735334627,-0.0144737841913578,0.399559241508652,0.155440034505313,-0.0152684214848939,0.198255657992422,-0.193190273795272,-0.188394258690601,-0.398764115967249,-0.387954733603403,0.00775893437427548,-0.0325719964337468,0.257079833099658,0.501333319033174,0.314455026444032,0.591159524605752,-0.473608383613253,-0.266110862362728,0.565078995369287,0.40161263666367,-0.00262608381044617,0.0414016532308612,-0.119020779437065,0.0926553352915332,0.0592309395889771,-0.0271501859763274,0.337332736826286,0.537919398247572,0.350888157674326,0.510141678902931,0.0393325917197029,0.14897191932461
0.132612474227978,0.644414991689632,0.350568339842293,0.217219812788606,-0.0219953034006398,0.210914761103963,-0.321808678151071,0.505767059432301,0.0720764800329197,0.394548699072659,-0.115649169007999,-0.210287775640253,0.380884995707004,0.311333495019685,-0.152117095163597,0.231605498915769,0.113057899416731,-0.0460053446290692,-0.204905171824446,0.374782516625943,0.308314508151382,0.383343146698958,0.339890975373652,-0.132394661024644,0.18616096859093,-0.0473876768316894,0.177134771890712,-0.0367550024766097,-0.120948629542493,0.338080265850627,0.600094467886428,0.63529492848265,0.805111040919355,0.269245378264326,NA,1.05342860191345,0.518981079760209,0.980691948516781,0.455522379284752,-0.10543148004609,0.211996693259919,-0.124419477671859,0.0272290034303138,0.306966530555626,0.651814036513272,0.184300642831516,0.447711336567112,-0.0403232552732052,0.311432613674659,0.368571701132146,-0.136120281692926,-0.058857493413877,0.298656536705284,0.389669185444234,0.189494616941109,0.232566511093323,0.537681806118188,0.536595711442972,0.481490280998695,0.146927032304057,0.289809296092535,0.238727324809697,-0.0468160234164586,0.132533897341938,0.310585431350423,0.143198825530022,0.308339687593532,0.287730166848498,0.428430074702893,0.381363445416945,0.072169001987302,-0.0354084677511706,-0.0435758613823321,-0.192245384928475,0.14524073104494,-0.0241088618935878,0.580696494396497,0.00483286324592016,-0.0996129260084622,0.00656268867205323,0.190269798571448,-0.128477380981112,-0.10664934943886,-0.361242196921481,-0.182186402029517,-0.00463439061252325,0.208254463977891,0.00734359199477213,-0.0308781497059213,0.633990460252315,-0.063797762248041,-0.128416062290062,0.087945136332196,0.0280614828515524,0.125805338996584,-0.00407191291909341,-0.226572516717808,-0.396349810348977,0.327292826936056,-0.082819223746445,0.0935326767449259,0.170097724977825,0.1871804830067,0.205622018842923,0.0412449822925425,-0.125574647253775,0.159520426397809,0.438376958620645,0.0129882779969436,-0.226205464605195,0.299805559678881,0.221838280600394,0.140329538743184,0.218982939126695,-0.0279617897237403,-0.0211335088627833,0.0982120571101446,-0.155820688366214,-0.107375412599493,-0.213166305225864,-0.152660718876826,-0.116814857145228,0.175729099154766,0.0949608384348114,-0.0276645927625019,0.325001868542877,0.343080471267801,0.537846727153069,0.130888086267534,0.0310464928099984,0.331930426288712,0.280471702041566,-0.159391261107781,0.248676459782806,-0.149747144330932,0.292600244183201,0.371468612106288,0.162945933691348,0.0242173535912526,-0.474715457859519,-0.252538792903591,-0.015961622064451,0.120028892296401,-0.0242284439036588,0.429321986456203,0.440562062592094,0.176791422164284,0.198505386404826,0.375527260851169,0.217367373454371,0.111876075131497,-0.162988118347899,0.0733383021830219,-0.0444562854979888,-0.0315421594578462,-0.138287660625372,0.073600154053155,-0.0991431645254947,0.102938518672619,0.391996053753041,0.135103051022871,-0.0561112378246388,0.63025270875036,0.219572174221115,0.112816476190634,0.225806208643362,-0.385038933984383,-0.268442678301323,0.51405929691961,0.0363592475814829,0.253558053894615,-0.245789473068721,-0.244890446065623,0.111822416745445,0.154390107196669,0.379010671806866,0.795219365837629,-0.119898664910235,-0.204608962905532,0.257232410701921,-0.0432401658076208,-0.33423595143434,-0.619329724840212,-0.215974675303318,0.20880301676385,-0.167759483226782,0.0703428098746774,0.142804738010056,0.336727556437129,0.678168060063803,1.00194415517915,0.250180038056341,1.34996940218028,0.409945470157813,0.591192084645535,0.246999483074209,0.498989592029062,0.12916397363722,-0.382171873200947,-0.209401185027621,0.530860872462248,0.368729137406327,0.107662487573519,0.142984205629882,0.429121042005935,0.117989925139877,0.0706288854706649,-0.150288163700007,0.508042860109749,0.446888971417773,-0.0145766887515765,0.226310560961351,0.423828481937373,0.581468772591861,0.444630049717229,0.804722628191105,0.444388553029877,0.0822842326692855,-0.144389821400679,-0.0512739869973149,0.0569759695053745,-0.0973319485618321,0.518265467315501,-0.0907951294411498,0.391104012782174,0.0191530753606666,0.250996781750046,0.305199514856653,0.215699679537971,0.842358645569887,0.203999974418569,0.362695798182912,0.426134070338401,0.194128969066491,0.0641005477857128,-0.394689895972346,-0.0126317446803484,0.411007944925026,0.65932355225536,-0.0581169621657977,-0.039020409526156,-0.332767471182948,-0.163945334356274,0.346410530824698,0.116307146055653,0.224282861667252,-0.292481608196553,-0.0384559991570244,0.0484511892009929,-0.0085671541419973,0.215871670790063,0.151285531091872,-0.131119899849431,0.0970384647978365,0.547659939476433,0.270107199705387,-0.0439466658834547,0.0444673327405945,-0.135655835067663,-0.316053379133769,-0.174449547000155,-0.202777418508825,-0.43321388248681,0.322456013529945,0.170647755168425,0.197421130666332,0.227524635252683,0.394577914476333,0.551772435449991,0.621312963203331,-0.0549904202898166,0.00268861248066216,-0.406261461984562,0.226412033327922,0.0871731899847991,0.0715024886676415,-0.262901856559981,-0.01537800952191,-0.177081661079568,-0.280079294883097,-0.0102451422461712,0.0391723689165404,-0.229747697114968,-0.122083669238713,-0.450751086527311,0.198528288410407,-0.232798631535335,-0.144094895052493,-0.118676971847443,0.435500639495867,0.452274179792174,0.306260778628404,0.328663069262223,-0.0378398101900906,0.212566861031916,-0.182743807217912,0.104370053921295,0.253690186177183,0.318133502104951,0.183744828761894,0.0105657312942471,0.435153640533478,0.0216533043828234,0.15539311356079,-0.14682383033854,-0.0866247806239818,0.196437168813915,0.340333064009001,-0.105605577848279,0.142360847520822,0.130911888989142,0.240457297685331,-0.185577220313696,0.00426476073664871,-0.0433380567641751,0.157971802225467,0.340741318926961,-0.184877581147477,-0.105503628207492,-0.225198500098749,0.132024348782842,0.18628188032622,-0.0320186977307645,0.252706745257153,0.0627254699671122,-0.118912312084376,-0.342347130301401,-0.397207619761513,0.183549328801018,0.466339106815691,0.227707080174059,-0.0150443487002556,0.173314907955596,-0.355024630050897,-0.0534396824121008,-0.335922573191959,-0.215918009786592,-0.384393690059536,-0.309554187718108,-0.197786226912614,-0.237576943071657,0.112735021103112,0.151649605376748,-0.0633663954699103,0.145574428551879,-0.200150553501482,-0.393900742920834,-0.242701398862666,0.148976917273847,0.269443932041351,0.057568481016192,0.206439134368667,-0.550283574636862,-0.388428284947648,0.0308372829648675,0.258102532771388,0.165271754811886,0.218303589338626,-0.158986067033204,0.0193414648233158,0.311506955427667,0.435671601126667,-0.0707217047346282,-0.220797766740569,-0.456693223054498,-0.175567636456479,-0.417946354593648,-0.528117654309005,0.2006650312978,0.372815506102548,0.239976794502534,0.279143245505697,-0.430403024727688,-0.0750090419122947
0.0519537512393724,1.05124329615702,0.42651915534049,0.187307082987562,0.147805728842516,0.129022731989923,-0.135873556319603,0.518153753092027,0.115739033621555,0.498450134734764,-0.0252322604598565,-0.108476478893295,0.370943293629541,0.33085581016046,-0.101509669954777,0.325216855766086,0.133341010561031,-0.178201023953038,-0.252059125742519,0.349269011950773,0.481606580596676,0.451061371123426,0.340544112946038,0.0353109720933932,0.214794324857441,0.045172043839011,0.169163371571201,-0.0117694222497045,-0.0998064277108233,0.400840093712741,0.888108186803563,0.775605716402233,0.823864845070056,0.376317059068125,1.05342860191345,NA,0.69534320190956,0.924191703252965,0.583591838119948,-0.045022200280121,0.261689648045613,-0.0135634585038449,0.101706754416006,0.325483026253405,0.662377946269327,0.32572585797737,0.74646011847839,0.139576786310336,0.319020301992104,0.570216447544054,0.0836121755713737,0.065470551549812,0.26885299196841,0.590478206104204,0.348237808221163,0.332932518253945,0.611623523385194,0.535166745799876,0.464573374126058,0.181144279596187,0.26468247698714,0.0372683255064703,-0.0525987550103078,0.0890197993712377,0.380018421778226,0.248462323287474,0.251603268073802,0.291925307962271,0.337894488905254,0.434289144712086,0.024159224991373,-0.0935846641646848,0.0612725556535063,-0.023790065455391,0.148088603897135,-0.10222920848881,0.48303300240905,0.163863447171353,-0.138547184620156,0.0763915562115988,0.247351735146562,-0.180964145449068,-0.105332429426325,-0.284296344499783,-0.181504245651483,-0.0488327480730034,0.38886173050549,0.202616022283698,0.0675266719163743,0.771737495050584,0.0342240030561661,0.064446766110469,0.255530319506478,0.0202906675725137,0.0489985977504923,0.0592979567573863,0.0137193062470735,-0.252085292400451,0.539294885531345,0.158915574565648,0.152125975939803,0.114933281031639,0.23634416442442,0.260623017174629,0.172294014403558,0.0259844515879003,0.169853287918512,0.535811862697178,0.127854252537743,0.0058772501618664,0.183692825209669,0.261627923275618,0.149840537959667,0.352645793955064,-0.0109964712820158,-0.0709714719925187,0.223657169024917,-0.0742898789400682,0.0856129462214434,-0.0343033864610616,-0.0286862518299378,0.0143222765088631,0.238761878004258,0.0511092666650791,0.00236306017435315,0.162562869269939,0.0583570636903057,0.394833446882088,-0.139112667653838,-0.0882311940706844,0.303869889633507,0.330685721384614,-0.231961694408848,0.205702002563045,-0.0937506747289034,0.327169959172307,0.466928165708985,0.160035590691493,0.0968265329810944,-0.457210820648651,-0.17619708873139,-0.109392116207884,-0.102752824554634,0.0451929329876403,0.356328312910261,0.346083193823604,0.0691031146654792,0.103476864192122,0.429539526125004,0.250665486377152,0.11678855217993,-0.0434106988048132,0.0906274192111004,0.052938856355869,0.0525784107836947,-0.0312796513686207,0.122049429456364,-0.00258505763297464,0.0811465212189716,0.378316694786787,0.298812831354273,-0.127772182292471,0.734041781381468,0.202169310339132,0.0851351039009256,0.412023422203712,-0.305632220821436,-0.117737363867582,0.352482573749975,-0.0722576268160243,0.237239932251219,-0.314152627373559,-0.214669630039939,0.100882089595405,0.248234440454187,0.460140809930845,0.629591981802852,-0.110841366961851,-0.232815251346544,0.352893200523682,-0.0267724020030445,-0.0828820372873546,-0.397694333736688,-0.12902406580986,0.318763850505321,-0.0758081570006902,0.00490635069725971,0.165561811048243,0.314273343817913,0.98613262546659,0.888895868805612,0.0477353695296057,0.945313433045617,0.603075612289502,0.718048900419828,0.16826827534448,0.731032946551797,0.155841097934719,-0.233217446450179,-0.149728662936161,0.751848423057453,0.405777100551344,0.268069440963855,0.200739737329389,0.497528490789499,0.21429743274064,0.00690766620030025,-0.229334562625256,0.424903710223047,0.552501175384298,0.144830388511305,0.240229852553977,0.711312844498282,0.67388232000367,0.455820686817704,1.01645745043561,0.692519901486347,0.366108098832779,-0.233845271263283,-0.168429545167419,-0.255046624226904,-0.2412284663752,0.519612161671148,0.278354198255237,0.36160628520647,0.327893342745368,0.322879263066255,0.295984322355147,-0.107146001845252,0.62072130441204,0.138352597565096,0.49615706554816,0.535083718393975,0.361749586975513,0.159969785382199,-0.33702807172368,-0.0865120152880079,0.348452012997009,0.534124311628441,-0.1322042828381,-0.120983262817162,-0.230477742416116,-0.18374395621519,0.340817408920942,0.0227641998509361,0.198670483474085,-0.302493586698503,-0.164049145207045,-0.0578001290112875,-0.216035305925755,0.340984151219324,0.332248518139808,-0.0715586238476701,0.182486270858229,0.624460754493187,0.536421338641691,-0.0866118326538289,0.173691077987255,-0.127391464736245,-0.266029096856073,-0.162933363953573,-0.206285192535252,-0.230500133252887,0.502013741502063,0.224522213061319,0.0961321011688758,0.0917665293743381,0.336709016866194,0.416409312906092,0.644366881412208,-0.0586704204393692,0.0524143903586305,-0.238891906458808,0.141426704551743,-0.0737114821674831,-0.159042577474843,-0.104102885296438,0.0281993810519639,-0.121677277620707,-0.224054996444988,-0.01803521286396,0.0371179197402777,-0.142023231732849,-0.16645636465924,-0.309241204177537,0.145411890524146,-0.226507630322386,-0.00367915918356873,-0.0989288399729384,0.215429149607297,0.216579722592007,0.0747581039429734,0.222056849399909,-0.0638850244684022,0.0211354268401081,-0.287305327941569,0.0256795912952664,0.225553243570893,0.230517252071151,0.0637964854816568,0.0492059389737375,0.207770817334474,-0.0390113431218762,-0.00327033856169265,-0.160691465693506,-0.24564155492401,0.39521866203196,0.39273646075796,-0.0673113474315078,0.369885037127842,0.230098012419767,0.0505114054738572,-0.263145317965397,-0.0909794995814729,-0.0808361671980016,0.0896498235287616,0.263143226124326,-0.174462211565092,-0.138531387002566,-0.0616466390133291,-0.0490748182643948,0.132022243461113,0.0181056436360159,0.0343373391579449,0.117154666071663,-0.135157287411966,-0.354137586175036,-0.463923585277633,0.260532135255212,0.398973398593499,0.109022681077256,0.0240336744297478,-0.0503222490275394,-0.319489883950775,-0.0021834752075467,-0.389639392757817,-0.375658224989312,-0.381644262318197,-0.376339367435475,-0.373482768427605,-0.284411986093659,0.0303087828576092,-0.0223893408222708,-0.086311596317081,0.0116958049257268,-0.248213948276821,-0.309676273896794,-0.221277787144502,0.0147949537318705,0.147669161180514,-0.0407040291901607,0.134036061277598,-0.32234504287646,-0.175718297877929,0.179240212476267,0.381846180791459,0.151479872913761,0.22778500894737,-0.152539725996035,0.0226733134535198,0.395527259855513,0.334292081230397,-0.0881278638776245,-0.137348719427513,-0.276270974448653,-0.0080531119896545,-0.350393532136802,-0.420762254496024,0.248446644117444,0.343214078517662,0.153262404960266,0.387279869208612,-0.348384532595965,-0.102296461014944
-0.126188981664324,0.624384811157796,0.312479037763022,0.184935724190638,-0.131578529938143,-0.0534404919083014,0.000711196806630789,0.372325677947226,-0.0791052494990105,0.444223030727046,-0.0903971681004934,0.138154719934389,0.229530230976527,0.170985174967625,-0.34148848944438,0.198549002734556,0.204415747884952,-0.351385159708487,0.173840938874402,0.319567660421883,0.867490228977417,0.560549661503985,0.316091997966836,-0.0705386609681558,0.127751946361899,0.103103788705486,0.597259148673105,0.305613439113349,-0.0532565021013476,0.444711384850623,0.632443118501971,0.582650080716499,0.274716730489907,0.730659987407873,0.518981079760209,0.69534320190956,NA,0.76882776688464,0.577485413812332,0.0797339942216464,0.562829356662314,0.0719222544185468,0.046648789835813,0.0161184244211607,0.309920270397447,0.491436720454341,0.793974673256494,0.439292260705687,0.558329648051008,0.64725230885631,-0.0849894844663235,-0.0276685217297399,0.123747877088831,0.376692332939804,0.308657884707095,0.229122289589623,0.623959195239518,0.377563498522193,0.354194615127216,0.0891949794709982,0.134091882811274,-0.0363549370516996,0.255377940013724,0.19938250180749,0.166793032917567,0.387585278172469,0.475199373952553,0.467716269354489,0.331893109356735,0.330695803549094,0.000487000451591925,-0.132034829557856,-0.23423984523513,0.0365351740454851,-0.0582997691183365,0.307129060181891,0.508446863889229,0.0556415543631492,-0.08385514386327,0.0703371733487066,0.209044937404852,0.0775305349359083,0.038704266872751,-0.0138802420930035,-0.249158670295426,-0.173048160946383,0.131609958426203,-0.0161498918161325,0.168865404666203,0.537807215235911,0.0340865850504293,-0.0646289033675713,0.358620175385253,-0.159190103230046,-0.20993289784763,-0.228053315792034,-0.390660686287313,-0.473726394074408,0.157926004759688,-0.100443052077139,0.19591965466689,-0.14383067561946,0.542368635688304,0.203868446146017,0.428800947698343,0.0367073185808823,0.0533402352490778,0.307287364641558,0.0361578002344304,-0.092751276158901,0.445974761804624,0.314404037084151,0.0660012053249995,0.0896410200377306,-0.106958647497607,-0.250865258385812,0.0276545899561379,-0.216425560615079,-0.172004278456204,0.00656169432404813,-0.236495539465989,-0.276397821242078,-0.0695305906898838,-0.0176904943457067,-0.133029456509256,0.1798609068513,0.0686991681485774,0.253286738398626,-0.262188206650183,-0.0902054486240318,0.329616731348161,0.203794824312082,-0.158129487215698,0.152273464760859,-0.0949668613137635,0.294722797464553,0.223248297215322,-0.0774685162250621,-0.048740264302911,-0.470794849562677,-0.328996742207888,-0.102461264745524,-0.0677611073526311,-0.171351250525658,0.0859463549680167,0.0163287809559824,-0.06023533172036,-0.100271051975761,0.172791141523934,0.00837207827222528,-0.23928998361161,0.0263832534004199,0.184115250313043,-0.0425748734833224,0.141130754333178,-0.223243836422997,-0.126766465589544,0.0310415740991149,-0.104285463970238,0.497349315319729,0.236895267764552,-0.269986934536919,0.591449193811198,0.150608109788122,-0.0175079271717622,0.239959819781034,-0.236476557185056,-0.026171372436979,0.354516340585617,-0.22712830371723,0.159037539536565,-0.317851544713518,0.036211394470307,-0.0659539382878622,0.075265959517758,0.297568213591112,0.509123095068364,-0.159986021961358,-0.0844419885924425,0.765736177167082,0.115301879922478,-0.167200055620786,-0.254784429109225,-0.116363807749702,0.588801938074268,0.0107525081132859,0.245737609755812,0.39049458452971,0.298317811244722,0.644391946919564,0.355895230203856,0.135572333404747,0.40721948844883,0.518102158850228,0.526984009106662,0.463874223599491,0.628130297928556,0.0197157155852114,-0.263669756230171,-0.431730200045157,0.496572571102257,0.701739136453956,0.443189243997948,0.158562689831604,0.627624417529553,0.38291430357332,0.253753799134265,-0.382959859398444,0.264160902580703,0.642042296780986,0.0735935391262969,0.0442617908468027,0.476882005971912,0.438172277511834,0.308332879769265,0.444900101970036,0.418455971325388,0.196570341621581,0.0409709322930882,-0.395454084418335,-0.209675445565118,-0.369480034106588,0.642395923530609,0.0649292393949056,0.189517358812989,0.152508763936909,0.384883936432672,0.0933144162301853,-0.19631782169587,0.44564249301749,0.0346042779862199,0.160669376387964,0.49743813673987,0.487397058812241,0.0314172930322924,-0.366720194719568,-0.24873272692325,0.438504099501085,0.443870912177347,-0.185087345843535,-0.281036376137458,-0.350809886355936,-0.261131016145239,0.356079179527935,0.304193412085804,0.415743068615711,-0.433585543025981,0.145415635969715,-0.00756171904521756,0.00910767668861102,0.220152523417265,0.122363862332319,-0.18705668661291,0.224195606644731,0.724743987491422,0.267400289546291,-0.0680125132550039,0.00210647752937972,-0.322355677972073,-0.326117769325537,-0.245910244374452,-0.20885054294102,-0.336021497386872,0.248296517055965,-0.0420065989249112,0.0356454638994429,0.0361258661845358,0.247783941674106,0.322293670231055,0.338860102486403,-0.061695252113409,0.154455990044868,-0.462255747944696,0.35828129998331,-0.028278531652059,-0.238748928909109,-0.27552124683461,-0.312114189677464,-0.317772768773078,-0.223110373520847,-0.329464039999427,0.181914628212246,-0.270490398174964,0.0121275789121444,-0.106328879895408,0.0150182740629331,-0.374373240306798,-0.216696641057654,-0.173372955787174,0.0414121140110162,0.242704203756077,-0.0418616674227733,0.283328213411361,-0.0602546861478945,-0.012449582622828,-0.543907620431454,0.114185167772234,0.202347702870004,0.155716838279179,0.210897949176354,0.134683623866051,0.287098747960173,0.115502068863137,0.0230856613041256,-0.0162948167734557,-0.0734349345573514,0.153348852902475,0.255319120895563,0.134452180965678,0.347850795944825,0.0138563841350288,0.0403418836626995,-0.432951721121038,0.111418594543985,-0.287200391224104,0.0997967820389188,0.377881421837398,-0.122268376490597,-0.572872778329496,-0.197460615641656,-0.226778164987317,-0.261581749452242,-0.321486237214063,0.072278954136599,-0.113082082578885,-0.15001339879103,-0.556573135782837,-0.582043726524433,0.31973130769642,0.43986644876496,-0.125326947651277,-0.186638643066852,-0.139062647190774,0.165837384842437,0.438619296724189,-0.0268777905686011,0.0770778898400032,-0.17067063835912,-0.115171311465666,-0.440724097627105,-0.174201442137832,-0.0665988204935472,-0.21856963642564,0.0908553607125584,0.224755851268932,0.00203716865489361,-0.0643733935352522,-0.0435230414023353,-0.224363605146699,-0.0698064351888202,-0.217170808915107,-0.10225859305451,-0.211235573511056,-0.209159909823224,0.0587189286384906,0.211284861533749,-0.0741021856796102,0.215692364563947,-0.336654825395856,-0.127929446249221,0.391078880777993,0.30549597967838,-0.191152773676883,-0.168443675261203,-0.337406991238135,-0.05370325285352,-0.139196321914273,-0.175280000788578,0.187775685411622,0.286787434610283,0.252812873120764,0.276797452463578,0.0230370813213536,0.195124776897408
0.0237008211743878,0.901613082729537,0.576673043443644,0.0298571809764327,0.164716718022068,0.0278956652460942,-0.0622022055036115,0.698509483930999,-0.136645448896625,0.448113952824845,-0.0732737345537816,-0.0622163467746405,0.457800847692961,0.300508825282274,-0.200260965161942,0.150964752245107,0.223896799850698,-0.0044726636425283,-0.141722477857981,0.562670303819501,0.574511204481795,0.615152568192921,0.226010102608279,-0.3078472455879,-0.0680146650975871,-0.0709050596154231,0.190650704872073,0.00410183002175647,-0.0564498774393857,0.36009555159675,0.675281666737611,0.599696419583769,0.552289488095452,0.483762566424407,0.980691948516781,0.924191703252965,0.76882776688464,NA,0.567822354167069,-0.0134117579386527,0.438746407784771,-0.0894028008735005,-0.145617047063773,0.0767634036751701,0.839343535152928,0.0999668808607155,0.72048871835741,0.252916094902182,0.527885417414207,0.692479340793136,-0.236455159213428,-0.13889411180131,0.334949140912561,0.584357365757401,0.446818261920445,0.539730990881802,0.665417115027331,0.801560047983725,0.64452991856456,0.199134935772196,0.300031027205309,0.0811179571173005,-0.0314640505071156,-0.0199390171711244,0.383689167672858,0.44909881831011,0.410506039912831,0.505286815025159,0.592754531739144,0.453943546534536,-0.0267566801029132,-0.0578048212384373,-0.0447690440624257,-0.37038977615346,-0.163453985999805,0.136246024636975,0.686138894693294,-0.100507760798116,-0.381143472092702,-0.0732204224367759,0.253807709960048,-0.009917601575354,-0.0722480568164295,-0.351481781353161,-0.488215245536559,-0.279468070617793,0.347859726625616,-0.0359881851407707,0.0837254309536036,0.806124351228531,-0.0302533832455275,-0.134168087601748,0.264852419698447,-0.163247059705595,-0.0579833274379788,-0.15421895032864,-0.124352620211896,-0.289733971357384,0.47115239152205,-0.156279996960492,0.302067240643827,-0.0503401904709196,0.319141445571545,0.299297878046367,0.12841756144001,-0.0989066237044365,-0.0951434242851897,0.231554807598606,-0.190635109412002,-0.165668689421198,0.334500682384791,0.0302018243356327,-0.0489076522377622,0.199942378089445,-0.0272310435382507,-0.232499944052925,0.0235060480062667,-0.179176677857276,-0.261612261654047,-0.246117047584842,-0.255490577827699,-0.182671251754212,-0.0559159449583644,0.00939806435897977,-0.0754620373664253,0.270822002236166,0.231337734684781,0.456059796109301,0.0435749494483519,0.0929133109434923,0.552480383095854,0.409023630644719,-0.232563734942426,0.256456919123995,-0.0838508760928943,0.451640685997022,0.482058266237,0.12442464922294,0.273451329379758,-0.668920013117851,-0.175497098708523,0.0313175991140427,0.126205510457623,0.0848909196730601,0.200882338509548,0.126283674349002,0.0164040597428086,0.00775155919976595,0.202124227723906,-0.0181550119792989,-0.184156226069625,-0.0815249781807443,0.249861469459588,-0.0918110460767203,0.108378378155221,-0.419338109634532,-0.116503391239595,-0.122595835459959,0.00482222078582171,0.442049113351598,0.417437569309557,0.0212377782258071,0.72114676079396,0.230014144059948,-0.0137012267567499,0.474493865372063,-0.179980256720948,-0.158540239381008,0.400756050021918,-0.140693621234818,0.167774107207181,-0.314545383792906,-0.0160985649298839,0.272278540933216,0.168360027144476,0.428660125112994,0.718443990143912,-0.0246100432901787,-0.102200921984339,0.452409349990054,-0.101642392053509,-0.212492386836662,-0.404146358302781,-0.136400408314478,0.187457518028555,-0.0767313572199231,0.0733857138077565,0.145336090313422,0.41331254598967,0.638456251464216,0.517392414050404,-0.0141106628610019,0.721485065986043,0.39326238972285,0.701018581101648,0.231312484646082,0.827128564741387,0.33377942491319,-0.326653676455428,-0.230543565059106,0.733971239745802,0.331565198442267,0.395376667741824,0.37740049689142,0.500911350742018,0.103465999710637,0.2289346487658,-0.132144897387088,0.56272875368376,0.557847362748907,0.159239191696244,0.200482849972574,0.6198760819328,0.631471730707282,0.533168956289463,1.02894383717561,0.627040627023874,0.309876511942308,-0.126528431443481,-0.111276664668648,-0.0698365351650467,-0.263611513331203,0.58186282353899,-0.157464866219718,0.346535397455983,0.169075422954282,0.372766140028247,0.450580202918523,0.0444878634227715,0.686453114369408,0.132473978954949,0.493402312423162,0.451707009803401,0.224010204106572,-0.124403568008488,-0.344984781622138,-0.153388384842889,0.576736281253639,0.658588506118752,-0.07432581421653,-0.404966960861533,-0.354530604427135,-0.249404677658422,0.283826682479462,0.11403766284865,0.45057027382154,-0.292005696732372,-0.130972112168061,-0.0416294566934748,-0.111362903607324,0.322034907903322,0.305878445337263,-0.0314325335572913,0.304078238415663,0.821009913217699,0.503360332708434,0.0191097935522068,0.207161814312486,-0.100302519326682,-0.363211532513253,-0.187252163095373,-0.155890934590428,-0.383296561450238,0.547093245038607,0.293128157868063,0.149197225790276,0.27769154888695,0.306440878806434,0.472480448434369,0.54003791168787,-0.18361669399563,0.0923067937977775,-0.354554965926939,0.141773848847029,-0.0784165273012638,-0.128140191543091,-0.185613370074188,-0.0775907611855297,-0.151621794331713,-0.238887293161967,-0.155514531404547,-0.00153975137174646,-0.302329453740246,-0.0419533941413224,-0.356261102202069,0.149235757455543,-0.266122662742114,-0.0739040624019757,-0.131125793386323,0.280164966146876,0.340944980427113,0.201905735032537,0.328731571288388,0.0930164563348733,0.0720668308699387,-0.261017775220678,0.319821919939864,0.491164819379435,0.477053384046647,0.235907608760765,-0.0560505688064767,0.350161877912168,0.0711615992879202,0.124972537657282,-0.210189634201372,-0.0459584929819085,0.381671197245699,0.489822793334186,0.0599664314503245,0.442813247249898,0.281225613393872,0.238564673858231,-0.0788747376395105,0.170633376502094,-0.0550135046595918,0.189095593156864,0.241958488396077,0.028480536650604,-0.142857787090826,-0.199002075174539,-0.0106650424048153,0.0117865179459182,-0.0447417211837648,0.0747770369823777,0.0329990277703994,-0.0738107168907097,-0.317621555833665,-0.42951080311766,0.31579658536842,0.387374615132051,0.0840573642412884,0.0118096318891823,0.0178456804084718,-0.365250876262342,-0.160073392136614,-0.367092572649778,-0.209588778938665,-0.272547450394683,-0.198690664915155,-0.341698217410474,-0.238361258587101,0.112436753840762,0.131098109702579,-0.165018237601655,0.159562943146442,-0.142358021577182,-0.38498191393513,-0.11136173728073,-0.0671799356745635,-0.0285599056316101,-0.231568166328149,-0.1735278541437,-0.200734537218036,-0.143486040771781,0.253829302632189,0.440475216218315,0.247839157971868,0.286738480649115,-0.221571975386724,-0.204848200343115,0.530254608904855,0.226818899132281,-0.11683314821856,-0.306191287449832,-0.447023691047551,-0.218479438415887,-0.138025944620542,-0.175664836386126,0.419327586095925,0.406960978717711,0.110132049880969,0.272589884899746,-0.300023765323295,-0.0290540420455266
-0.0262303212748812,0.366231696670797,0.208436500695139,0.230950252670519,0.00521773687243124,-0.00301394118874535,-0.0149238142421775,0.252548226263714,-0.0790613839871143,0.21242999509593,-0.144636003755509,-0.142733016698917,0.166140944897608,0.224020177699281,-0.261384557779255,-0.0112866410779592,-0.124427981819678,-0.260085336754168,-0.0189750805121327,0.1473634763254,0.276186829291429,0.461279714612081,0.36288026606606,0.0086957765736282,0.0710736498491215,-0.0275442352066349,0.202589361452341,-0.0108149124959357,0.139264439487568,0.285644497673424,0.485533839828703,0.396509110803877,0.325617946999893,0.643215736804277,0.455522379284752,0.583591838119948,0.577485413812332,0.567822354167069,NA,0.335211681429511,0.621601850678323,0.0189244231046184,-0.0181742729017978,0.105316632798791,0.235767938663881,0.305609391774415,0.534813006802961,0.314946825548895,0.309416133188775,0.431857814410564,-0.0183631541762863,0.0376670801354694,-0.103074053870536,0.378626292181631,0.257700032501669,0.418018438143355,0.258001951053955,0.252976111904846,0.392813777592642,0.260819312665267,0.177284333990061,0.034260488477625,0.16492513246778,0.256108889140193,0.249060079189244,0.206883336192864,0.255675569881554,0.176997909642702,0.202490819657469,0.0248736480617625,-0.145238127441961,-0.0522845341806455,-0.178071262323814,0.1731917253933,0.0544824074670967,0.137985043163217,0.227555660499569,0.079699340529287,-0.0237813523213327,-0.0828722487845303,0.114364610102268,-0.0648462047170292,-0.0954377398781618,-0.149641654643894,-0.142862231732607,0.00977867290124993,0.09470582571203,0.0264023248547697,-0.089296962249611,0.387314996250717,-0.19215323751779,-0.235802740305892,-0.0119645111306792,-0.193401001339369,-0.145550992758335,-0.144238502433331,-0.143065581322201,-0.326993501889376,0.236929220195298,0.0135157180322301,-0.0124549471639343,0.0264286301494843,0.314482611868423,0.311353477061283,0.186308014744287,0.158571371939327,0.0974408629915545,0.331948445541204,0.0461581672198521,0.034565247370567,0.348947732315766,0.296438914109092,-0.0085639505748511,-0.00720479644225358,-0.132798961722669,0.188457387797017,0.369544782982712,0.050506187082839,0.0884083965340466,0.188646663591464,-0.225617048682289,-0.166048049289124,0.155127311202988,0.126922173945876,0.271459281341519,0.0849248592912304,0.138102459096898,0.201304035363777,-0.188433419157402,-0.0372164678329105,0.151137420945258,0.176349219748201,-0.335315154752172,-0.106467774338414,-0.299259771083189,0.148004049964662,0.195948024739205,-0.0176326845038749,0.00342939459367193,-0.352499560525119,-0.225963022268595,-0.0638560625623941,-0.0662838668990532,-0.162864933731689,0.163593169311165,0.0829876515710707,0.135859653307187,-0.179086000723112,0.221506648033402,0.0791233992270663,-0.159147872152378,0.153399637692256,0.043364386603258,-0.116259028481755,0.0376165772725836,-0.167436394595106,-0.0648515886581956,0.0221636902978078,-0.015314122658594,0.368360826231981,0.3244682833646,-0.2086559989411,0.357990921436198,0.0148551118941707,0.0932369462259882,0.160184939942106,-0.0948263889938582,0.12861308898922,0.193629583860041,-0.343846630084505,-0.0251655169774336,-0.142651168117599,-0.158995268280015,-0.0220424479213979,-0.0504357051820728,0.114075662336025,0.204758197106926,-0.1837341571375,-0.311092892971343,0.326456411796774,0.0650007447334131,-0.0709772644585554,-0.199229473009523,0.116371504256527,0.161649386306588,-0.200170298007174,0.0937258918545422,0.11959724341234,-0.00828655274835355,0.349240934386111,0.401861399954103,0.0686440616693073,0.299752404130597,0.361432322527866,0.402459017369544,0.0848183271492497,0.454999323694164,0.0571766256643777,-0.249625464445181,-0.255987684838087,0.320147258596254,0.47320494522756,0.287139596072038,0.190123627531067,0.448416511753857,0.498522918913907,0.317234448936757,-0.310599400698614,0.217009633557899,0.38317685341073,0.0742405155764964,-0.173387642067846,0.471280305465609,0.296940361001607,0.548808053283006,0.40700307385823,0.374169622792179,0.146753519193631,-7.67556657200757e-05,-0.290923056372765,-0.211608873209193,-0.259972952008984,0.342842004094276,0.166999607066114,0.152148615891338,0.490171479325164,0.208684997638187,0.0774409950412736,-0.131935525482153,0.335252188556097,0.0612365003711458,0.457931112686682,0.428532417244939,0.248734508052123,-0.0159775012303771,-0.0181008689652066,-0.0561631963062759,0.240980033185805,0.309931574328076,0.0984224408974742,-0.087453163212839,-0.0589471110864837,-0.0672419618184951,0.109973073217467,0.147157692959114,0.125045772777772,-0.244581809805952,0.00758606927251211,-0.0172598492128633,0.0551757098543552,0.172400657263419,-0.0187985271605795,-0.291246625178434,-0.0865695821105618,0.434327609069474,0.142190585729495,-0.25334734034676,-0.0995333813676377,-0.396651253522856,-0.236538447197923,-0.225730246267494,-0.321378432678094,-0.3101780649606,0.202086888230018,0.0179807664116305,-0.0643826083522521,-0.00373827587559604,0.0299571786932383,0.260998490906114,0.348378834134084,-0.0214061047986855,-0.0189082039695045,-0.184302153435113,0.281112315169691,-0.0343456360985708,-0.140806483227549,-0.155629272985105,-0.153849618841446,0.013185198891409,0.087570068498788,0.0850114353614987,-0.0944014484490295,0.19551297256198,0.088925847273114,-0.282924342546798,0.0624984275794011,0.145135778694007,0.290210125778187,-0.195143828212949,0.017951644129776,-0.0105776835573992,-0.0635696080914198,0.0846904206599467,-0.18401555538704,-0.130524744817471,-0.185471704912782,-0.150193565848603,0.0645207342313553,0.166256903154762,-0.150815732996114,0.116841432079601,0.200902137110015,-0.181571864144958,-0.0596369494573033,0.0714591942000691,0.170114003099304,0.0772851732530383,0.149577049979852,-0.0996059626134067,0.00219385036730309,-0.0787686530813959,-0.220871135510525,-0.146046026660415,-0.00771484807769126,-0.131793502193419,0.113843601801819,0.258641976441943,-0.0715073719512482,-0.269856410761584,-0.146185308778672,-0.0679955009201766,0.0130140540115448,-0.0293431557490802,0.161091995133278,0.046684074605625,-0.092422375800361,-0.365742572418424,-0.346840952148564,0.187828655964993,0.315735650491769,0.0368758227161664,0.0701067433461982,0.0374760895047948,-0.0821336623770179,0.206674837134878,-0.0396830584407999,-0.0307616782059971,0.0986758728392408,0.145188214333495,-0.247800652007977,0.032792677999583,-0.195510387349013,-0.178447159967903,-0.217635882563327,-0.0707462959887558,0.0990570571595717,-0.0674968345377424,-0.0988519492312621,-0.158417720244272,0.0153685524117253,-0.175567633966198,-0.0332735686011819,-0.232592726299039,-0.267305126534458,0.103513697894414,0.406874523774973,0.141992128857909,0.275927540213719,-0.31968690749498,0.065217485952852,0.303983091823716,0.489820015632521,-0.0630031728014925,0.0489935300207824,-0.17711286368558,0.186699381566951,-0.0463227605778563,-0.0810963011612495,0.231119430724301,0.424266550221195,0.16211606201224,0.253514452048336,-0.0342385253705868,-0.0880137703189946
-0.263855187574942,0.00720636310584253,0.088951852018105,0.0248217173913683,0.397236302667932,-0.341817032002538,0.373397134831131,0.21371826689844,-0.255997753625339,0.134010230032061,0.346352341420245,0.0336945960968822,0.219966240364166,0.169424158926603,0.247455499454026,0.000157159907453678,0.148938619177421,-0.103919153624344,0.216381876394591,0.106510536050454,0.134150188098582,0.176916331307898,0.122381277421357,-0.0175676142117116,-0.206007764659558,-0.0512244994407806,0.258305544928758,0.315643536822898,0.219894073293184,0.21882562439394,0.147564083793286,-0.0221857141741582,-0.0611058525333912,0.446798847989435,-0.10543148004609,-0.045022200280121,0.0797339942216464,-0.0134117579386527,0.335211681429511,NA,0.402691363840475,0.133243107655378,0.0772306635641012,-0.234948778716609,-0.0206340068205887,0.138307396428461,0.241183847777239,0.385327085532046,0.211626089148231,0.0547130385339799,0.0365982002385968,-0.0102486665215217,-0.295621255683416,0.262362490140712,-0.129178886058212,0.302980235241883,0.0172419097631003,0.0194514394322202,0.0436331003330632,0.0974301716377795,0.0314192972183027,-0.3252417811774,0.263039567862267,0.437943082841097,0.166219735128202,0.0794873928298861,-0.177379649118062,-0.191379961180301,-0.041755331658493,-0.231707286700239,0.162095056100316,0.0755801654869387,0.195177237404858,0.346878379081151,-0.0805563800596478,0.362290022210799,-0.122560845855048,0.0851503002432359,0.0322215065395315,-0.0682814462746752,0.34721082404334,0.409060966906844,0.320519806350846,0.184538067354562,0.0247129311865674,-0.0450639888290053,0.0127828543148046,0.148178986867081,-0.0943229519918149,0.000536102954930282,0.033094411071226,-0.183766509403549,0.0267673665791949,-0.504043371004582,-0.387153965412702,-0.287703863847667,0.0803337715606217,0.191396772097464,0.0710614539487083,-0.0301365922367356,0.00985512127309196,0.0846276699501735,0.274916532616313,0.379977784397463,0.144511458865755,0.540353335830113,-0.183269183127012,-0.035444056943513,0.22536523190245,0.451398249477671,0.522972812944948,0.326223196026753,-0.247595579474507,-0.50741576407242,-0.153304580075107,0.0629432809566404,0.101957381874152,0.0492052796216861,0.202193509516077,0.495995846640444,0.00664055164922515,-0.0620949943095812,0.0136638963385715,-0.178712946294843,0.221794560010977,-0.171005277561714,-0.230088888623391,-0.359175082577104,-0.207196204168683,-0.0195685396940724,0.11890817010365,0.178970245147143,-0.0736328798820094,-0.189321277005585,-0.00468145546265334,0.110233220720865,0.355706116039663,0.168351101479743,0.126949999327278,0.111656217402313,0.193567424827094,-0.106480271050566,0.0518847718003382,-0.0425731280242505,-0.194450579950192,-0.323453411690915,0.0511152675156698,-0.640389265382282,-0.195549908254664,-0.17456113384699,-0.38399479488782,0.249398974175464,0.259803628111281,-0.0215060169432968,0.375393827144765,-0.0879646106259156,-0.217314692935271,0.0627458029558234,-0.146489227894375,0.159589324552013,0.260560015624438,-0.417206359285244,0.0550265662448259,-0.0825549174833188,-0.30115030856465,0.241734172465949,-0.115964871997896,0.438411745878141,-0.0343404726865097,-0.646398273110011,-0.0234214261486644,-0.0807919939744267,-0.0234250573536983,-0.00438739674875951,0.166559905102763,0.107438018584768,0.00525728133439007,0.0755515959935087,-0.109189034041398,0.146164770552623,0.329381594017282,-0.0326681919741236,0.200055624318699,0.00368988440062664,0.207489364524554,-0.0430377353587458,0.273749053758256,0.0534499379353319,-0.258796999023324,-0.00993725067448003,-0.0269365231381307,0.12362984544525,-0.268425921413397,0.157313824877983,-0.0646272170691449,0.212514679665167,0.13456277736111,0.325851366255823,0.110854601295353,-0.313207309942981,0.0596499133322282,0.169138321918077,0.371365678416985,0.147599424315447,0.270225985386269,0.453775892327673,0.387418781257418,-0.284526888124723,-0.0874691657162354,0.0493552483684699,-0.056510563637614,-0.431721144592461,-0.0132072878981895,-0.117788704140574,0.307903718495628,-0.0563970576263732,-0.12712529415127,-0.0329415117877175,0.158922634976097,-0.620519395609263,-0.178073880559459,-0.33445619390225,0.0766940334231987,0.0119044770927927,-0.375313362185669,0.288076798740997,0.106518174790397,0.2002784815823,-0.280913353742583,0.0993178286244594,-0.245150334005708,-0.0621552872932849,-0.00403228960044511,0.0801152216697643,0.198221141298849,0.121254670391545,-0.134942542309314,0.367197186172641,-0.0329910804662307,0.0828305923423347,-0.128180560922652,-0.0352752209697607,-0.233897128267771,-0.336662431487983,0.501000123349961,0.32362309991722,-0.0161593009805878,0.290057355639633,0.0276278605061537,0.406852030932603,0.190539383206017,-0.119645607743689,-0.223882003268309,-0.101040795489075,0.0807314782551053,0.203577784441202,-0.208759136034114,-0.20421851920848,-0.451728856908081,-0.204915065561599,-0.226832127187066,-0.00426836938790251,0.0811049215270845,0.0244508866852137,0.157656626789152,-0.298619869886857,0.0261765172778858,-0.0486954240827132,0.0391656797047905,0.112354306749773,0.496251817721519,0.159704715916814,0.041669126822786,0.391135903642848,0.272170237991298,-0.315563829198227,-0.212134039129366,-0.501887922920842,0.185930046464251,0.123321213316338,0.189582724222814,0.329162784659961,0.16781535672198,0.0622675513207335,-0.208232148795484,-0.343361757396272,0.275156813894369,0.244267280862166,-0.435581045417528,-0.195081437540027,-0.528412892663913,-0.376517777220557,0.213371876009045,-0.0738108207412281,-0.425450187215891,0.0125149994709936,-0.0201272776408716,0.122453949662596,0.184231392817011,-0.300486659631564,0.17606833213416,-0.0582414068181345,-0.0474460915187021,-0.175261035583663,-0.000153472555640421,0.332412833984602,0.212818688764047,0.122801839189384,0.109093416740368,0.00656596371401319,-0.249745310663353,-0.147941854123576,0.224826847121546,0.202241916546957,-0.396484417265417,-0.380025393897181,-0.109346893050128,0.231380157797498,-0.39070525760401,-0.212081707421758,-0.419775995675761,-0.283573395135253,-0.277979351871967,-0.2756922631635,-0.243208610896007,-0.306264706749865,-0.264029585291608,-0.168913482908106,-0.112563365510259,0.110999545303782,-0.118395279794534,0.0801769384788954,0.162087320150927,0.246523522078708,0.340036228389339,0.21716978159815,0.153846614662222,0.337877835573152,0.283835432472897,-0.0819212596916481,-0.00431930916801454,-0.113901659288831,0.0327760043011673,-0.19005471158461,0.229844436307849,0.381550556903334,0.0471412808522339,0.0289051326294183,-0.348819372484935,-0.317617655593248,-0.514684153982255,-0.247032322136973,-0.013250483657622,-0.145365583741269,0.353756725626458,0.298095052338111,0.36504529444249,0.310524838821415,-0.392729508484351,-0.104444724853977,0.178352676843942,0.157410939592688,0.0203773391608076,0.144096203236145,0.195814357603824,0.326529352412426,0.163403970519976,0.137369954145125,0.193348788501642,0.291071185408361,0.161659869020581,0.195942979387955,0.0868324124159769,0.117119664868198
-0.398341271826725,0.479623015731884,0.4133983329094,-0.02961183558442,0.0786153839154545,-0.309323843866185,0.19559583242477,0.315987521588063,-0.202742394216544,0.123373312907746,-0.202014154990037,0.0255796838949029,0.0479581510022518,-0.0468988439100948,-0.267760520521199,-0.154071809353488,0.0400670953640554,-0.244583177873301,-0.0844178153852463,0.0924581255471874,0.614085740220501,0.721842152563902,0.445429429853278,-0.27530067208634,-0.218382399556626,-0.265039882598817,0.311507613706068,0.183289423027762,-0.0519407645393361,0.400685951235548,0.230346722234475,0.364920759292781,0.0899694388422377,0.788705422900346,0.211996693259919,0.261689648045613,0.562829356662314,0.438746407784771,0.621601850678323,0.402691363840475,NA,0.258432949092555,-0.0164630102966015,-0.316510909203293,0.181030833182026,0.203362182336023,0.316380192550633,0.562826037951702,0.690422400262653,0.727548132966349,0.0808906885414915,-0.0489523190864791,-0.0211281225910893,0.393906987703535,0.422022751824067,0.820413155286059,0.432625627127757,0.619503496105067,0.183567766795677,0.206731966581507,0.0649376687366982,-0.129179026767658,0.315244635384295,0.287004727599494,0.215799371967558,0.413020073966204,0.345799549849884,0.381165217163031,0.151653197494681,0.0182191689055748,-0.129797840626376,-0.15714114634833,-0.166416965538176,-0.0627256550345424,-0.237606385615537,0.316380495578954,0.372493598969113,-0.0340707315514534,-0.0896946329658469,-0.267407491154239,0.231189031493346,0.328187044821024,0.161702978295059,-0.0260673057604102,-0.475423455426034,-0.36820579557861,0.316001867453467,0.0920221336226342,-0.11642261940265,0.261828889200022,0.121709024237296,-0.169458386240826,0.148550864647313,-0.518055277739876,-0.50706296686879,-0.275940071351406,-0.0554660122425769,-0.148024689390688,0.231878759487163,-0.0227886827780958,0.229829387950113,-0.15465746971515,0.536277873786548,0.542490777834663,0.447319424117778,0.428886942652731,-0.194634669742894,0.0389646188156973,-0.151277443260182,0.190345565132166,0.555563739135889,0.311901377558562,-0.213095916408038,-0.203619353916485,-0.156729451349653,-0.276558383719542,-0.0825543183025056,-0.302197499126159,-0.234568737719433,0.0500583385239688,-0.171238596749785,-0.191408483783085,-0.092493970644494,-0.187366010351771,-0.0309110039472695,0.0211132146424373,0.0380482125270094,-0.0541193746783812,-0.0933204329756731,0.0242281008141504,0.467297827266473,0.311768651689492,-0.13122558488175,-0.0241335075582559,-0.0337604980467262,0.277147407489218,0.217071466141422,-0.00459714318511821,0.305079377681105,-0.27424446352602,-0.150782215964119,-0.0478460455225802,-0.0713252905385345,-0.236424530424732,-0.244405976129876,-0.279309484837324,0.0118396854280585,-0.272842503467693,-0.0805638271657506,-0.317601840469338,-0.511167649800361,-0.100443224196451,0.461951011555035,-0.208124924322029,0.327190377561803,-0.444761962214766,-0.262538691595307,0.123841916272404,-0.0302320979136025,0.465577395833653,0.121092472878125,-0.431522835551341,0.571448670055258,0.205948762233803,-0.259494624598034,0.266689103937549,-0.0567491884331947,0.101920745212674,0.12467961502277,-0.604325878566992,0.0648026142883743,-0.0918688292363902,-0.00446032434158327,-0.210694904687427,-0.0797302798761429,-0.00577621206888696,0.239108739482764,-0.105416916755081,-0.0787170337108244,0.622590115848546,0.25730376008109,-0.230076466641697,-0.272119140068474,-0.217214296721313,0.319583885592883,-0.189838619598379,0.366678614623256,0.473991879630851,0.140903887538187,0.282594742699878,0.0215456099297932,0.00927716603045294,0.0320407045472313,0.0740628373781509,0.219334388298673,0.772223268540175,0.438535356337045,0.407512204377154,-0.312544684621397,-0.42311407463428,0.163810334472803,0.345016085465309,0.815905557171035,0.234374790841831,0.203844137983672,0.316772523887298,0.494709211257204,-0.234727305938987,0.523481419876665,0.661088081841074,0.208026065963461,-0.109694530703533,0.400517139017665,0.16914061980438,0.427188044838836,0.244215185058883,0.460559552474707,0.0728413965415915,0.1603345800004,-0.622247018926232,-0.181822394360825,-0.49254853426702,0.564276929368672,-0.0400919737116414,-0.0716481214542314,0.165424658248434,0.259053844242386,0.293619284423294,-0.0153965692791316,0.319220908741262,-0.0744638528216366,0.0520376439987024,0.419149175251009,0.248502267777208,0.13680984664226,0.00545073660472932,-0.377650855063449,0.345915569314318,0.400962265090926,-0.0907455582881374,-0.511458781101169,-0.412474135736046,-0.169977998123204,0.063788305963277,0.448602653536152,0.508751003604159,-0.123294873422298,0.222079013160765,-0.0260161088593907,0.0911983428592001,0.506711718167432,0.237025959995806,-0.185113480904941,0.0973391307809617,0.452826210109853,0.15968796982677,-0.194845555580374,0.0925923511375055,-0.537588105047753,-0.240889095910185,-0.264581917354454,0.0219341486125431,-0.133261069282554,0.407817279878333,0.211198541892085,-0.122247762382022,0.0862033357258632,0.134754438577115,0.280641838033789,0.311109900097184,0.187946471488741,0.160273529322012,-0.14061035483282,0.37092453597984,0.105953400148809,-0.496541597896551,-0.168857567228884,-0.545191680648612,-0.243503570386564,-0.134500037411278,-0.315022512479157,0.119801895019337,-0.0885042411046424,-0.0145838454632952,0.0284995536348859,-0.156446277585854,-0.16237997266363,-0.0554420748058193,-0.425794142389665,-0.089358879652702,-0.0756122957449473,-0.0573472764904772,0.215209284442479,-0.083786319214204,-0.0117879378158881,-0.0435484615731464,0.0285907610912798,0.323628558796121,0.386465199063941,-0.0485941683084663,0.234791960286399,0.0600778897324261,0.0286185767278446,-0.181053066774708,0.179317426937555,0.221170633083588,0.151604600555875,0.155369539716591,0.10953623152927,0.136390987043515,-0.24754852469433,0.0358789900296314,-0.00592142989444343,0.377286323436108,-0.574286762506923,-0.210664376491855,0.148229188815,0.263015900219895,-0.480660176951658,-0.213816776764035,-0.441710872405015,-0.50923136694897,-0.391943711958468,-0.139018160543646,-0.370763640320365,-0.122721590946431,-0.370159377867322,-0.463191312091238,0.0644893274073437,0.338727994918863,-0.202873083427525,-0.0313080938843023,-0.0146143028514699,0.0819946735482058,0.319016235078637,-0.00264259495779605,0.0364226259775035,0.282529850993734,0.385201786088945,0.00783363491979265,0.154972685833433,0.0660309869456121,-0.162942722195069,-0.113285549399293,0.207507825540853,0.178091427058102,-0.0958425965827544,0.0781012240663731,-0.271865157101313,-0.240838067369329,-0.460991314403105,-0.482080038399708,0.0659004109721705,-0.0209244783368931,0.262911200649446,0.293570879081828,0.32669013899207,0.475606655169965,-0.415863488566941,-0.237135237518834,0.525951086498154,0.454321546043525,-0.113984376191734,-0.102587202551263,-0.118933595201593,0.0418245907105005,-0.0452913784690693,0.123125497098326,0.393998436303214,0.435192575215997,0.286660271929238,0.368678389691188,0.0628742986049387,0.112065156793321
-0.265382972129445,0.11309168074695,0.400279397042844,-0.337017283665701,-0.016286642932792,-0.0768959605508548,0.259773833737002,0.221860887659676,-0.0440109241898801,0.0858000425432603,-0.0715076445047574,0.0483355978281084,-0.113923636326552,-0.112245491211567,-0.118799823553435,-0.0304766519552579,0.10940012004541,-0.197985886709399,0.0558271807564888,-0.0854439312006459,0.454411483561375,0.244794887829232,-0.0778514369887885,-0.147423263494745,-0.129503040787579,-0.295944903575014,0.121047420318218,0.0554364648429306,-0.362913101325894,0.56054065171792,-0.016766451436152,-0.0929208790192503,-0.214495432900335,0.38454491202313,-0.124419477671859,-0.0135634585038449,0.0719222544185468,-0.0894028008735005,0.0189244231046184,0.133243107655378,0.258432949092555,NA,0.298391085571702,-0.34720092512636,-0.130967739261359,0.315666253788656,0.0454328262577708,0.274390215652124,0.678177132283676,0.285823246923682,0.162360413894732,0.0720197742767107,0.0928520153144544,-0.0295393272808463,0.0777221117022861,0.152035990991569,0.261071644221808,0.0839716526611371,-0.172647471259451,0.124637623678271,0.111062891646768,0.06459108419609,0.519404551464932,0.270386615430527,0.155475070277061,0.147193729429887,0.121907769592753,0.199386388958666,-0.145654322960304,-0.0982940291691836,0.0969267523119723,0.00395178888457894,0.166865951749774,0.0457164934627748,-0.229573147606794,0.380222531094205,0.0357052487124515,0.0191491880223564,-0.0671309869430953,-0.378419638351005,0.303412751721505,0.45208146781475,-0.0208506764489043,0.218637444406566,-0.105384866653545,-0.223073339785939,0.0811546910857286,0.0659911989098796,0.145501370880741,0.180301550447925,0.480477440819015,0.368292051889865,0.338278136585647,-0.134867856212236,-0.246061963879418,-0.0675354932653047,-0.129837853367135,0.0255293829275048,-0.0979285752404867,0.0799539926930584,0.4081103963714,0.223210610875521,0.481993269034582,0.398942759709441,0.473840579351738,0.376512680770847,-0.208427185416682,-0.106431996280949,-0.000326016807832981,0.230227578142872,0.381029039657169,0.266707566986467,-0.0490310670552042,-0.0344225042894064,-0.450352507697124,-0.4331598807812,-0.273221075853579,-0.328060772215819,-0.0819324195274757,-0.0599157552342499,-0.1849516659947,-0.0803772989936841,-0.00286949358644579,-0.0813247970756906,-0.349430428279634,-0.22187413415695,0.0225699355179861,-0.174036175190902,0.146349782254191,0.00215097160097103,0.325382156324078,0.198803916646687,0.0446286592109703,0.225158569679421,0.136862304757343,0.055462619000508,0.0478244039370679,0.0594950509657595,0.160771181352326,-0.128155168967782,0.141351967266421,-0.026740958986276,-0.236672039574218,-0.194563757924348,-0.339534530542368,-0.33814499255384,-0.23121015900187,-0.130858584053859,-0.0566365479288335,-0.351812859657268,-0.258472535938488,-0.276451446414362,0.495794646917066,-0.252677868278722,0.591498313532844,-0.211492797220422,-0.193429034530207,-0.0426925714817989,-0.0343739394044895,0.213384217048886,-0.00758085471490383,-0.207638462042414,0.140199648551117,0.430616086856602,-0.371110478961419,0.00742383310110422,0.221202961472082,0.0376339747529094,-0.0565007906119277,-0.438702549575415,0.155082924302741,0.320645962001704,-0.010378744585334,-0.243104904754754,-0.0341843487134604,-0.0626188280758042,0.0099643740856193,-0.0729879409630487,0.115023584612255,0.494620861777993,-0.0189672681588394,-0.366573536056359,-0.15346178250446,-0.500705242191598,0.204482746480387,-0.24898556451243,0.428492094131128,0.142080315975363,0.443526185959358,-0.0497481731881502,-0.307640899205105,0.0800149357920694,-0.23336054634793,-0.346505449590725,-0.385195416633339,0.142864712379544,0.269346859704445,0.0711470367463269,0.094140291396363,-0.240539653797511,-0.150790133402139,0.21483364237966,0.0983539699027811,-0.0397024195195593,-0.184956771715175,0.0523283101538326,0.439187135319206,0.149987412105951,0.104273915859223,0.211777823939561,-0.0191601685090653,0.00955749912703272,-0.033389882732984,-0.173994003679022,-0.035136861630982,-0.0877339000230713,-0.0411333205301162,-0.027864597602645,0.430288201524307,-0.216588901114115,0.166752971515724,-0.0358380365682368,0.351547311535293,-0.039618364243869,-0.113671450827003,-0.0848057483482048,0.0716046163079846,0.144988866600642,0.160294609344049,0.20585642721243,0.0885109239485899,-0.128407774749947,0.140130510372228,0.0272274341180693,0.14675497982109,0.0292487423645623,-0.333244989071664,0.130537746270932,0.12876471049877,-0.10072111868044,-0.231306908648726,-0.15863760818749,-0.0868948749125766,0.185183625389496,0.339000739964131,0.418068489775296,0.0593738871428014,0.383123657162713,0.181762743565246,0.0902108231956697,0.20311784321786,0.117699687548238,0.116110971918526,0.213801591902543,0.130701223633004,0.050425460836271,0.216671869948696,0.234435812198776,-0.235413024640237,0.0279097520759417,-0.0189013674818045,0.321009596029707,-0.0757815270564881,0.080754794532284,-0.128989012067761,0.171359285350469,0.152930860958762,0.307403823644955,0.484834007238503,-0.0863289546438453,0.455581416203991,0.33272670181024,0.0475710167101122,0.401214368099717,0.341782703104007,-0.166794467440938,0.110809669466496,-0.204096229925302,-0.441269636883166,-0.201881438709968,-0.19961783136255,0.161772205423787,-0.0156828260425456,-0.108944848990759,-0.153057491737854,-0.00180462157582861,-0.223454310162735,-0.309893016965412,-0.188631518490655,-0.144417203159546,-0.218793447692908,-0.00129321863829331,0.370119290138686,0.14618716019363,-0.025400123117479,-0.0330447554234712,0.137843565521459,0.120584631629938,0.243653117262541,0.200601203293464,0.221297084045941,-0.138425585179505,0.326403862050471,0.155748116084633,0.573740904754498,0.15050030102124,0.0669986921691484,-0.0895553788600991,0.108408624449665,0.0992266181413117,-0.0320069666791792,0.0374645637908141,-0.219211055131489,-0.0122093852105503,-0.479571899895869,-0.365402172662115,-0.168689843276648,0.307473586602244,-0.204838022089078,0.239378999330329,-0.252822787639434,-0.423220293466342,-0.361697037269256,-0.264732088696346,-0.258395630259594,-0.204503325672846,-0.0885186195898793,-0.085489543088523,0.0510400955179638,0.0191967279391887,-0.0826402845794445,-0.064011819726029,0.121684694135177,0.0892314532904208,0.0925084598807642,-0.105048276205139,0.00348409686631213,0.242093930093876,0.192361337724553,-0.0344100882236925,0.213249570063578,0.046482626083347,0.052948296475057,0.175683498512152,0.397542064665089,0.166169229112374,0.0498474541376195,0.247872515553113,-0.0618489484197891,-0.139779982387079,-0.116767393357795,-0.254983056721829,0.154980638027663,0.193412854488022,0.108230856768453,0.198133530661156,0.360405711744483,0.499384347968353,-0.127076821795653,-0.273486765226281,0.161306346156384,0.262676351059517,0.0491601132331145,-0.0147540310664122,0.345886060886783,-0.0344871359834921,0.0855382476525944,-0.0654999796936491,0.0037087249585224,0.297803369257022,0.204883059360184,0.236634970439695,0.145874798931697,0.155014264071995
-0.248365101673071,-0.104399509546581,0.0915834648983972,0.0676554554020185,0.0371416641387394,0.421510982896594,0.22746607556761,0.0680979514716007,0.415011151867843,0.0208930186063723,0.0989571909799958,-0.23083609704566,-0.0576801326303113,0.0960764866360239,0.402276097822603,0.151377778654691,0.156657765965349,-0.301408687733148,0.0233195157739757,-0.0558855561698332,-0.0208080959173218,0.268601113340283,0.42268338102998,0.590032529439588,0.349874487729653,0.0266616054072371,0.122077527177217,0.259214092906114,-0.130471265142131,0.315265027976365,-0.0890961248824891,-0.0897094755506724,0.265910503790441,0.11464308763873,0.0272290034303138,0.101706754416006,0.046648789835813,-0.145617047063773,-0.0181742729017978,0.0772306635641012,-0.0164630102966015,0.298391085571702,NA,0.238959798511165,-0.0566593936855493,0.231171333760922,0.0703581636932385,-0.291672735350189,0.270061615110606,-0.201472456815599,0.79865092202511,0.931373323866977,0.0634604371962704,0.0554785281411449,0.175374295961078,-0.158373064165763,-0.177833778222904,0.0252383588798652,-0.0394647896062234,0.234284713164134,0.123245795021698,-0.0227774402982768,0.46707750640861,0.3031352936578,0.0299298283646393,0.152981573952536,-0.0527724932974899,-0.0229820790682444,-0.0623425038590438,-0.0986081375799081,0.307927392389607,0.204930752275633,0.168104993001625,0.346838120611733,0.38070929674248,-0.0101769825160391,0.0532602284327204,0.690842319802499,0.168795449554182,0.204169988322457,0.163419987334976,0.289853217273639,0.25917439493809,0.189415315438134,0.25346929412425,0.323156904160792,-0.0421061692088135,0.181998644424372,-0.312866127180762,-0.0152181742483862,0.475162289109595,0.425172694561631,-0.0381363819770576,0.325683287809996,0.211141647477874,0.586023480848612,-0.0386794764404656,-0.00978720493480285,-0.08447567079178,0.348034946935212,0.120885869554497,0.177361316497805,0.147558204164594,0.155025694160064,0.304015365472832,0.77470800242083,0.406557681230512,0.432745832542852,0.492924079101803,0.650786163584592,0.19122190273424,0.557783644528802,0.392946499306511,-0.00710138216388225,-0.0252463804334783,-0.224298847696251,-0.0213142678521675,-0.0189431679132048,0.310718234212076,0.09630019076951,0.52910724130806,0.498747541082911,0.344583339137455,-0.133189774553386,-0.0820788243607735,0.0606273714385914,-0.126032043763251,-0.100421684003797,-0.129694267140512,-0.38286528619453,-0.081192471190183,-0.0558335585450432,0.246752965560789,-0.104160477274546,0.0808376870711837,-0.206466828327345,0.207723648457375,0.23581668326584,-0.190535636360369,0.240033320093256,0.20375559053437,-0.176808065437561,-0.274430709438287,-0.266757358403137,0.0363676628548832,0.0941953562187143,0.536193483546292,0.0960444714548181,0.159472521113692,0.0119325556329935,0.204167539668436,-0.123017516467586,0.267577244063659,0.0816163836109096,0.556969971716707,0.418199075508735,0.68150820748434,0.189008391297898,0.054510196378589,0.449198425247734,-0.0683693987951849,-0.335571055995433,-0.208313218304569,0.341547408111587,-0.058219030624615,-0.00102056848627159,0.156591504269547,0.218908138471055,-0.145956471396995,0.256081757902332,-0.125893093335837,-0.0865337720287866,-0.26167755688785,-0.288137789637236,0.308684526940205,0.0524219160989375,0.0649835160322352,-0.453292954944279,0.0913860379911791,-0.0309502667538873,0.111259689208574,0.176337305289999,0.191016879886315,-0.263748886401942,-0.0135985890759226,-0.187432401643541,0.215837023859055,0.129855794372003,-0.0256828096871688,-0.0457137623132362,0.0949544619040638,0.40818319561774,-0.0817250679013059,-0.0748369891643646,-0.196916443645908,0.13212597561935,0.194794593437902,-0.112324085527127,0.341280287262354,0.367010789379306,0.0132921074123914,0.114690442910718,-0.339915840691438,0.0881299253778334,-0.132994465640916,-0.126540479951728,0.116932735828309,0.302294666980416,-0.166472565503977,0.036820085354059,-0.100026771967614,-0.0164923818969403,-0.145948145415954,-0.259548497200588,0.0100850174145472,-0.0797820308861626,-0.119643971397629,-0.29144698433085,0.146588338042483,0.124527416841232,-0.175016241795849,0.192412399305239,0.0450534845036629,0.0380222475551333,0.190003520741842,-0.086424596943336,0.122375804563727,0.125614108261455,-0.0804278687455674,0.342370566561619,0.168039537521299,-0.212178400315101,0.152667946368216,0.251074519008496,0.380266275621108,0.275892764302244,0.188504531134311,-0.135226135586363,-0.236813183567701,0.271408221791561,0.302256857063639,0.263915563676608,-0.0376303707266189,0.0637302373282856,0.0811501401991561,-0.0424024126643508,0.152915204181836,0.109927980371444,-0.0565955097097709,0.218526993023565,-0.0623840208530433,0.00603450298870687,0.0360268162923017,-0.0959599714726074,0.0421985181787182,0.110223131524559,0.0431093638341654,0.0109428667921084,0.184016715312203,0.490406544982265,0.55576400412419,0.212767968807609,-0.0147885113271041,-0.216412817565274,-0.197213240494417,0.129712905673787,-0.232665791142121,0.382083364533953,0.213084538497915,-0.00282022883168452,0.491831542326131,0.188972903254783,0.236023724777998,0.304348737379144,0.177663647558161,-0.109189905699347,0.46014536757715,-0.0851693973595986,-0.311016810219189,0.139647074441917,-0.119924861839449,0.212840403170688,0.00534531423531867,0.218045712390687,-0.0776891855128212,-0.109531821377473,-0.251301648227352,-0.376193427325013,0.216861948394345,-0.201779062217965,0.0497964251319129,-0.158759625203141,0.0652487150649108,-0.281943904401208,-0.363074462645781,-0.0441728215218033,0.125645238946139,-0.0809565048272313,-0.199108665013744,0.0954429175824057,0.193011927630177,-0.301641741656458,0.125552639038766,0.259946210803783,0.125577900207274,-0.111699334716279,0.214828759509774,0.173746510092538,-0.0893958009812449,0.00184632961677337,-0.178068416619429,0.0339710798187906,-0.304038795699321,0.0144293853808147,-0.156368067530384,-0.333671660352236,0.0161677234982258,0.215865866248706,0.04891705242031,0.377088987141316,-0.0526424222931819,-0.173953886918838,-0.0641085510297057,-0.131977467473185,-0.124695271561772,0.157930255337839,0.360056019675757,0.296176712313899,-0.0476551840569672,0.305492309590331,-0.135687282157059,-0.0351308982116402,0.0553026609105415,-0.0305454425508927,0.142756527346744,0.260600821385025,0.159578355963489,0.126668086181298,0.0470668953843636,-0.0203003037212964,0.255601072535013,-0.261709722665206,-0.236719121397763,0.0850070389343023,0.108412261134959,0.29853039630786,0.283358971222531,0.0520782606606559,0.370733653566672,0.412579052605228,0.206745646748645,0.319677885468181,0.106098496596736,0.0436580232718387,-0.148327351384808,-0.0793720192910011,0.190420571903532,0.443407395319385,0.218510726710943,0.542051688952085,0.0482530120464683,0.323107450264268,-0.155085534411612,-0.0910482446003301,0.0541937011668424,0.255237645197163,-0.119285673757196,-0.10552995809089,-0.129348820841411,0.0851811853597058,0.215997965641795,0.319770536648955,-0.0232961631148888,-0.0017943888529848
0.678411530768028,-0.0385144914650661,-0.101778649902419,0.792920029981764,-0.175507483581311,0.825443917412064,-0.270139560009846,-0.099302775196013,0.765705844237625,0.0573589889172315,0.0508942267742006,-0.0806855885882686,0.0401355091698362,0.113047019105047,-0.0537086309858297,0.206421349013882,-0.188748299495342,-0.0505426647716497,-0.0956407250944028,-0.0404698864781442,-0.291476622406223,-0.229779437820923,0.37915676386082,0.565454026589628,0.881602685679777,0.566191869359495,-0.163516711784458,-0.108799368023279,0.201958483730772,-0.100663097548815,0.310390458750267,0.27095078978479,0.65394626889795,-0.20815196799064,0.306966530555626,0.325483026253405,0.0161184244211607,0.0767634036751701,0.105316632798791,-0.234948778716609,-0.316510909203293,-0.347200925126361,0.238959798511165,NA,0.174132823298642,0.19953770491361,0.347456816418953,-0.438624782541659,-0.308694543043895,-0.205680899585762,0.0458470133336221,0.140887358714572,0.136922872290842,-0.116647520261545,-0.169525707599645,-0.262470453723591,0.0165059900288097,-0.227443805401931,0.154877619874495,-0.116293507376813,0.154253347307877,0.3489964240787,-0.246669271123895,-0.0290789774505026,-0.0669329619339573,-0.0569292876782916,-0.120580252630132,-0.0531844532875115,0.0933210641627376,0.168473203912119,-0.0615544724991841,-0.256766158222333,0.0490108923022683,0.299896868504788,0.851338032661568,-0.572684912328031,-0.136144586944732,0.506050235071194,0.310865875165724,0.406941071625921,-0.242913407714225,-0.520591684675391,-0.209432266879973,-0.170323378257936,0.4296991133332,0.854465517955866,-0.204582855066002,0.178186212205565,-0.148214786437474,-0.0639780213207963,-0.490590618765105,-0.160826718451627,-0.294979966084322,0.851069936223598,0.802886325551413,0.352340589320608,-0.0368379675598623,0.00274525964055349,0.171404971545427,0.345002336091877,-0.0780588467041232,0.0238432815929145,-0.220383862622795,-0.328150659752181,-0.29091821691304,-0.25805257955156,0.683863046596391,0.595830813068475,0.414268630294699,-0.251668738591654,-0.267740589709981,0.125462934240154,0.614785799891075,0.522407455311414,0.357690366071402,0.483055747289477,0.361251532095552,0.378351568287825,0.574833847372053,0.204958733601202,0.378320296966123,0.336382584529998,0.414016714108917,0.524929506487228,0.273829687848005,0.392515116325314,0.306783467071111,0.3818242029881,-0.0201111620250916,-0.161681907028899,-0.164020013699266,0.0138839767944519,-0.112846342798679,-0.0491326277178649,-0.129006167231241,0.157308324036417,-0.0285376940654789,-0.0541091057035604,-0.14513939436114,0.0391470700742292,0.114129880334811,-0.0901139960956369,-0.0486789286677136,0.060094515555932,1.65062685104042,1.58829162547533,0.634141530242269,0.801781389891632,0.784294916806038,1.45740314906769,1.09942722833238,0.391111823943359,-0.362604494632311,0.419380722129235,-0.39735686083188,0.830955187175064,0.775753523724071,0.193133270520826,-0.0246915774607436,0.154447053254257,0.176539661138211,0.228044258546922,-0.194611325013329,0.0820406196887984,0.801662073546158,-0.162373274594457,-0.283461189793019,-0.0880725854504528,0.162454357764616,0.515998311321519,0.0254754893578652,-0.353888972632469,-0.2279795483362,0.0489317280336893,-0.0435420825125112,0.0190214721697854,0.157942103377415,-0.152200149739442,-0.0314331831522551,-0.237936617638978,0.124155579901399,0.491318893789543,-0.152218798571049,0.277477953948052,-0.149918515394954,0.371933867273101,-0.399755808084182,-0.0678912540351934,-0.24116095751206,0.305125852134079,0.531210045270804,0.225165849213225,0.475746206762616,0.562411846186975,0.424552668716919,-0.221105931565743,0.0414685276156913,-0.216349485090391,0.00779041036809102,0.350883400019813,0.403902925874614,0.226589025917717,-0.192815148454411,-0.181447613650597,0.288142426329564,0.249783295951447,-0.561531455386133,-0.247723880447529,-0.00796490913797496,-0.163277029739307,-0.115443340012749,0.267173859956882,0.278402395864136,0.460207170837684,-0.130473813684165,0.249312806689903,0.110141663775571,0.102987922670329,-0.520684688027312,0.420117123735358,-0.168706700156383,0.25368200715269,-0.160612890906758,0.181242010790257,0.612813485707925,0.353409710091625,0.299349620324147,-0.0402137971040145,-0.0733158455851906,0.226483456783022,0.170929164359208,0.336031955208787,0.288832927711973,0.134558747523613,-0.0986527112635645,-0.207238619634321,0.429473076144266,-0.0232715927919754,-0.233303803439377,0.0735241912865796,0.440424266142657,0.316930562373148,-0.197624759165676,0.203240646553223,-0.420741670596426,-0.301410221235687,-0.134046154706523,-0.26536778299786,-0.0194962593891601,-0.299327370079111,-0.200427107869072,-0.104753914641813,-0.0989109016899332,-0.394037834007875,-0.0418622497535235,-0.0863349546835857,-0.426695605385313,-0.076195311595042,0.223677620766606,0.0436345542223676,0.115626573280779,-0.514454226415946,-0.0316255702849894,0.0472333427139943,-0.109618886079832,0.0262020779828489,-0.204768404923285,0.297743055244855,0.0320463672504556,0.241631551549174,-0.26017505687712,-0.473209793372431,-0.125840821766342,-0.0977300595936635,-0.331570086828715,0.399736414668102,0.0182763700767627,0.593709060080928,0.192777828852726,0.165389729397828,0.365828512364609,-0.220611555755071,-0.0580031293650395,0.153506416047466,-0.167029751255067,0.163472920004486,0.252128877157479,0.227606032912859,0.459359785240698,0.320591494433389,0.453848470942662,0.0960798952738064,-0.188202628840212,-0.14189088702411,-0.0798909184814355,0.0407872958934379,-0.142795875381504,-0.124569055308325,-0.222500185436073,0.0123243537850041,-0.147933805370519,0.0460986389687253,-0.171010409749625,0.0551443459658914,-0.246301685209267,-0.527432234849831,-0.0639561935369892,-0.0733707012110006,-0.276583903029011,-0.285346405170417,0.00603739067531509,-0.271154924151235,-0.235735422528891,-0.157548247622781,0.399052015407151,0.536305727072147,0.443871986653928,-0.632809990200475,0.270858827492902,-0.0142862674055239,0.521298434046602,0.724531135297695,0.863970564906051,0.420358580603088,0.814320955519692,0.383955407644446,0.0396796854355654,0.0743544420856716,0.120703412525762,0.255889126089614,0.258999815100977,0.141448042952863,-0.158614833887412,-0.248444704310952,-0.0743628729138809,0.261086762064628,0.0720348961541868,-0.230977479171128,-0.187763611505394,-0.0153353196750164,0.0033067619396117,-0.0670375929584657,0.01474721064587,-0.0812856312759664,-0.266708566821437,-0.05886307988364,-0.0418109211664956,-0.27290577353364,0.528389501551215,0.927326924441821,0.578398595200639,1.16233135121615,-0.305554102533559,-0.164134548602951,-0.150644198159767,-0.0652254072188476,-0.227190166369992,-0.104497565563389,0.0490504647027156,0.767663862535369,-0.168529220531463,-0.041541985211259,-0.0370005828315181,0.264897262654213,-0.43393447621649,0.0616423680599186,-0.0345167186771576,-0.0990008932525203,-0.258872250882227,-0.085524573135299,-0.0154013832757805,-0.155977348820583,-0.154207027608282,-0.177580909697063
0.0788036837760385,0.612490825900432,0.486859526931519,0.00367234514021953,0.35407013454786,0.0460002798131037,0.0977690367270592,0.566787052126794,0.0115393203679946,0.514454457670149,-0.0611416830501392,-0.0457851153274336,0.447106937108285,0.293919948696253,0.0760818126822406,0.0553897667483636,0.263658558178161,0.284542596483762,-0.0223242924752934,0.40399985532913,0.204614122716139,0.512138920533164,0.28157160569766,-0.0746196895937931,0.0800903148147065,-0.0695575937850055,0.123923025376957,0.035076166207051,0.0433150472258154,0.0523882367882021,0.529231773242538,0.265349047449556,0.535761176708238,0.23377034816129,0.651814036513272,0.662377946269327,0.309920270397448,0.839343535152928,0.235767938663881,-0.0206340068205887,0.181030833182026,-0.130967739261359,-0.0566593936855493,0.174132823298642,NA,-0.0975873978328729,0.562495155445833,0.204478560846636,0.283098669301471,0.313179224383644,-0.103481650631821,-0.0844352566651282,0.244883403583935,0.41811143162797,0.146559948196059,0.400548815769087,0.262277699467192,0.635261562687893,0.622353151477875,0.24916672423148,0.395619965067797,0.134105930774512,-0.196156787993063,0.00422384209993173,0.509429960852282,0.368644025325209,0.335320774271292,0.256192865739401,0.554144509707972,0.349677092557827,-0.0681245749131723,-0.0714926278073524,0.108321917028398,-0.402402648431666,-0.0627706762791942,-0.158423359368096,0.28081882954438,0.0786192763474488,-0.240400923938747,0.127594086934798,0.174005544294455,-0.0743840336032525,0.0867705872129028,-0.189798512101152,-0.209523847618303,-0.16563485620945,0.399852877604521,0.229087801775628,0.0595987140991974,0.410109684984941,-0.198485934591967,-0.174408550385351,0.129865723273022,-0.138762899823397,0.0975218020105749,-0.0393140719895565,0.140959173429389,0.0927154987851679,0.476088475003671,-0.0853960280882713,0.348547819855753,-0.0157854337362208,0.0705114703879865,0.193225932370975,-0.138899274663709,0.00141981457642716,0.0686139291696271,0.163125365310965,-0.126248252680708,-0.0697234489636722,0.223029772800263,-0.0230006805343874,-0.0227895912498182,0.172474027070301,0.0320345510957925,-0.0150830086348878,0.0906349765042898,-0.0318113141296835,0.0368106685525051,-0.0850595405760717,-0.0455546158617999,0.108720157144868,0.0710338554092836,-0.0478586996814721,-0.0964278436957903,0.266476410136568,0.191502276950641,0.210424271967059,0.202069526845887,0.132531614794519,0.560022205716663,0.469320200666156,-0.361952085771638,0.231207489831353,-0.04701024803733,0.595757311984981,0.551125816538849,0.329964313884843,0.494970300437229,-0.284533503772745,0.173852979111304,0.140309692029707,0.148599222118837,0.187708169496701,0.231887793043303,0.228581011891914,0.0547292321139681,0.0799138182017892,0.225657218591467,0.13759568928834,0.0259516451357854,0.0482950061430246,0.205574232962326,0.15105887554776,-0.0034353541150334,-0.199143094947202,0.0390114935736735,-0.149088931349072,0.155547927165164,0.201445274011034,0.348525266665427,0.0111929987843359,0.390753471326066,0.0979570542507336,0.0199609927906491,0.509108234338257,-0.0485323454922207,-0.285648756868879,0.493804047463476,-0.139768967331774,0.250466386427551,-0.109117366220833,-0.0300494245906168,0.359582751569007,0.293293408561381,0.415406848520536,0.599719850131787,0.154848878221453,0.251201027927494,-0.0241232802442191,-0.225010123919422,-0.0742787235008509,-0.309825367266473,0.0718399153384725,0.120712270696433,-0.0939520612669294,0.243111058848465,0.00927325370945492,0.0960664116681246,0.516833549951413,0.450752789058558,0.0749491618952493,0.559732913114703,0.482146055892686,0.567593389803584,0.0395096541086252,0.556690542853467,0.32020226841233,-0.39872332123411,0.0013780039818127,0.669089841903506,0.141557066885949,0.298413160764622,0.211391690768507,0.423783308558122,-0.0739667816898343,0.155347214450568,0.0500254151585222,0.379495080160718,0.44365335636748,0.126950806951493,0.158893621477164,0.396212629777661,0.392541965709388,0.404214862671305,0.813073294304291,0.378281172208011,0.0938965994132776,-0.217875096824855,-0.0234391184214358,-0.117141885625442,-0.205843603367822,0.264426687189961,0.0512000801237053,0.215034551000657,0.220050925581674,0.380766001667232,0.58115411467369,0.136896761134337,0.443091460599752,0.261643723527464,0.518197976388251,0.295855626750747,0.0404167813971768,0.0201919860221379,-0.412380572948305,-0.0313743779912482,0.263049181093426,0.50560705727219,-0.0923049111840263,-0.259423746043413,-0.220014642970519,-0.144676953202962,0.244045558656583,0.0289859050213045,0.321570965668916,-0.0402666842461238,-0.0327619687775497,-0.0184652261885731,-0.150943977096018,0.278856708156597,0.224673898053984,0.0340242580282006,0.229081350470962,0.348041059252526,0.526850525520477,-0.0185327747514248,0.259944627423242,-0.0184232705856216,-0.17252629275513,-0.0978815786951749,-0.191320356069656,-0.0968324487839094,0.407338060018024,0.368596820990496,-0.136992997249162,0.103691204771664,0.27318161328469,0.273385879332764,0.393600604312541,-0.0170065976916003,-0.150899134372092,-0.160235501468081,0.0698432205393814,-0.041639344489571,-0.0185400016630147,-0.0601774336211062,0.0682192364691287,0.104850487659456,-0.139750681009747,0.120672508551685,-0.0198221545052323,-0.172669755981213,-0.0976371169183295,-0.444317427635429,0.292734528037297,-0.114743877491517,0.00403039412291783,-0.186104672113945,0.398268426699668,0.174732236280486,0.211248629392365,0.369897506628869,0.20166497002728,0.186022020957393,0.0225206140205472,0.143690454646237,0.547544311261031,0.580966061754949,0.217597412875265,0.115822969793958,0.266277705000904,0.0758801625121465,0.101490892860748,-0.134877710200929,-0.0399963504717266,0.563923971298078,0.500927524836198,0.0624180036930602,0.294234149415827,0.143641003734786,0.240070142206737,0.094159499005235,0.241078963984093,0.0782584298690124,0.0952600889645784,0.0712139130507274,0.124486906785214,0.0787436477212431,-0.0338559366163134,0.0220416743183638,0.217428062103107,0.120443741796192,0.0515576970715542,0.174276244986471,0.136248510286167,-0.0758368085674038,-0.199963579771727,0.0346680073543401,0.349354157660329,0.296877082422755,0.245568890081597,-0.0246514873977545,-0.293637189964847,-0.20205078050309,-0.222329037481508,-0.17596892289379,-0.117984999268629,-0.136156751633219,-0.288470196998864,-0.224782081943641,0.300828293259288,0.319303782545704,-0.113660176937631,0.274161383970664,0.0724989809069966,-0.220319995006802,-0.0889864134715319,-0.0236325597451716,-0.0177131394460304,-0.163492821440873,-0.121360301486513,-0.151085606903063,-0.128702135404727,0.235571602456293,0.239637538828555,0.306096126072931,0.16877294471342,-0.210225546302544,-0.155556072999149,0.285234875285426,0.130129660489734,0.00575296071471351,-0.169907198406425,-0.437763580769255,-0.109329265833943,-0.200629130419354,-0.187736861937002,0.13123501056728,0.248348714649037,0.119790053201599,0.432459311857874,-0.203158510453994,-0.0469323424955921
0.0929010761285469,0.149960976429429,0.321914852467825,0.318183678738791,-0.137790965599282,0.0694003603674069,0.0895394823994048,0.179778215634516,0.230645558630283,0.174296968457816,0.0110461889805102,0.0212680141172368,0.110438301244534,0.225209545804942,-0.449833634831459,0.287111246113533,-0.00981598265669676,-0.42681724806759,0.0771181665294011,0.161832940221806,0.354927360091866,0.0774523003737517,0.297653937026513,0.129269459687072,0.180426894396977,0.0599969077048156,0.122574854650415,0.0769421303623841,-0.11533787670425,0.169622542128253,0.621347075856171,0.454206540229923,0.13811953432461,0.447028552420951,0.184300642831516,0.32572585797737,0.491436720454341,0.0999668808607156,0.305609391774415,0.138307396428461,0.203362182336023,0.315666253788656,0.231171333760922,0.19953770491361,-0.0975873978328729,NA,0.548298624884791,0.132316592645328,0.174291141796875,0.258650724708182,0.165135602825315,0.0542871584350267,0.378658273907103,-0.149707492042929,-0.0994585645295705,-0.0468817121503991,0.385009711846376,-0.113518794452777,-0.018014727390652,-0.236471415634394,0.0996062338500091,0.0138185480376872,0.177106431978698,0.164318206445308,0.147836553057843,0.0609180806645449,0.112795075486792,0.114155007475545,0.07026122718026,0.222462613453015,0.0470942992760741,-0.321977586784875,0.0665718430649612,0.161840342744967,0.263528597627832,0.0361779921922609,0.301843258621213,0.193424066323144,0.122528653265552,-0.155240587007422,-0.0901010257044308,-0.0806967834981679,-0.270049571382442,-0.161091349557753,-0.0878350750440259,0.19714739335231,-0.0430598350760356,0.13052071928851,0.129148429659231,0.243490148756015,0.0939471003450453,0.0875543894057862,0.144643534293483,0.115185057333061,0.169196544020145,0.0471611667442513,-0.429772031054611,-0.361789794064632,0.110681324612957,-0.00892593436783134,0.0730448753720161,0.0910246525899468,0.330658227558037,0.0197633426622448,0.246143893817856,0.0655949963611833,0.214125612161258,0.509485137584009,0.399057047564454,0.0477618667239244,0.237274152132705,0.216459617160458,0.10264117755482,0.105484736651742,-0.318657775032628,-0.0832878429652797,0.0636562416534985,-0.205149474785568,0.118680646058085,0.103717456537315,-0.0108729212070647,-0.038557608798853,0.00674719081527314,0.0590856342470168,0.0425078455386542,-0.0119818724697761,0.11285295482899,0.288685685335697,-0.297034104021507,-0.0733960094128601,0.125982007066877,0.170767666997591,0.12312192572144,-0.196919848236171,-0.329543669173757,0.115231963148923,0.0796919237880947,-0.164390331610042,-0.21325608825837,-0.48418662927642,-0.308387502734651,-0.0395431567028664,-0.114824619896918,-0.162677079435526,0.248496959487658,0.206230868954439,-0.0146263152357044,0.0465759033240605,0.255955159994872,0.185361931010185,0.0755540027238794,-0.0267563355787388,-0.0289697334993756,0.118904816772096,0.170166700769731,0.250792050017363,0.187015416342372,0.123019063858957,-0.314937636620164,0.229927652600393,0.071498078125603,-0.115546496813476,0.289097714147369,0.502623628324932,-0.0294533912405466,0.0838345129839692,-0.347358264556515,-0.17575718751953,-0.0236047791927539,-0.161068360389411,0.239192631711247,-0.174422322389361,-0.222656247880813,-0.0733993003150314,-0.122248272239609,0.186126482887864,0.316176674936104,-0.248308735003568,-0.240462268506513,0.416879768312168,0.195280317063861,-0.0824594884793264,-0.278188185400636,-0.175716810933888,0.358370548827729,0.0438264439021979,0.00612009262061218,0.168554187768678,0.0746361709559186,0.509550173143445,0.252724845461836,0.256345795752839,0.212996943417912,0.219266621888809,0.110378210665073,0.248107605474015,0.42985081045522,-0.112588119885306,0.0455296508767659,-0.117938070884699,0.340243376206663,0.837014415804952,0.0715511651831899,0.114597896990728,0.308534071746411,0.654012685174186,-0.0266887852990001,-0.230627414261359,0.0160272200088314,0.187334963381129,-0.141214319930639,0.391629477885717,0.32384263752106,0.343268459770752,-0.0346024962499456,0.181192778923062,0.166790964631579,0.136817160543972,-0.190187888502841,-0.255607504701907,-0.133636731853601,-0.228578965424626,0.282788769343813,0.268266534636328,0.0280680103298888,0.137880102122625,0.300615776254846,-0.0890689414462574,-0.267737778411377,0.268329656421443,0.0769267430111181,0.066791431793134,0.35567457811735,0.235558745184125,0.0463923643902775,-0.364819350171366,-0.284593820833957,0.22787257775599,0.0344997009628197,-0.200942813944297,-0.158670544133795,-0.357597280613375,-0.484412072225511,0.314948127242273,-0.00180189683053871,0.134106930779165,-0.484579285171711,-0.0666009680627221,-0.232395558942644,-0.172892928187241,0.106833518204033,0.0818552462999296,-0.164739794271455,-0.118914209620942,0.327180792389269,0.0607615444350442,-0.0842762443185159,-0.092396473631594,-0.0584334677966641,-0.1182839934688,-0.0766890439058687,-0.273262583605153,-0.316985597261384,0.144273008131119,-0.269377466784537,-0.0288242318660083,-0.0495426653897493,0.517854258627373,0.407293065875709,0.250531322087428,0.0224693783196824,-0.111064673261075,-0.448448102171316,0.288728959471714,-0.178307268046201,-0.227332283885443,-0.269509538386192,-0.175388641232494,-0.186801605377857,-0.0649466738571633,-0.0941293959244517,0.0411568867813659,-0.312654491133164,-0.207049335905671,-0.196037827547054,-0.152155360742782,-0.110827091549877,-0.0163837069165337,-0.0976061196162978,-0.0271727317198099,0.0241275298001497,-0.167482913245952,0.181877104043169,-0.196444424388608,0.0779018913037459,-0.133125009639991,0.0501267269541645,-0.0498486842847257,-0.155349271217363,-0.0010221795648637,-0.0337506699772628,0.157992196435502,0.0511861771107106,-0.223031954245968,0.0908578662213539,-0.13612238980285,0.0421407694366935,-0.176209024391336,-0.0752093564398784,0.00531002325068745,0.110637596326429,-0.05437258942355,-0.338452860284931,0.0318038044429378,-0.269775731478515,-0.0548008364097181,0.130795535507109,-0.25470541652222,-0.354737074313172,0.0129913985441856,-0.247509661129357,-0.0521321486679409,-0.0413523035625858,-0.144520799278618,-0.0167720425044783,-0.224433211685703,-0.392344518454718,-0.424596388116155,-0.0127686635366089,0.0436761051358317,-0.0478476641131123,-0.210043756080065,-0.135165625164334,0.117670489609365,0.292418427250127,-0.0433874319522278,0.0374261155986409,-0.0799399257460653,-0.11546017187033,-0.17681326101762,-0.0364919616736637,-0.0539668625898962,-0.0411241123531867,0.29265091476213,0.0424079380631823,-0.156396584979582,-0.189476535006915,-0.0735785887094991,-0.174716651605874,0.0780114027864064,-0.0789601563520081,0.206720811722059,-0.291614599206144,-0.337726854162389,-0.160549084718219,0.083394967021673,-0.118028158213957,0.182059190589233,-0.235168875200039,0.115344896366056,0.191351799835754,0.297075735235824,-0.193813255072282,-0.0440854117819754,-0.109412877915814,0.180669454393726,-0.171867634204332,-0.270450477230669,-0.0770177389452729,0.122896141104991,0.0985004305997609,0.121388498904081,-0.236627432589579,0.386421910453776
0.184597334694627,0.579012890633533,0.413322421440648,0.344875292105694,0.147988074041105,0.158933502496587,0.204051612944813,0.587106849043915,0.130278661987102,0.555320304702644,0.0372018696873081,0.147721773981899,0.507488290031088,0.370072860525397,-0.186753896439455,0.355365124520902,0.203760360256673,-0.0767465341179311,0.117951159278986,0.473532105123484,0.50873279456873,0.376025234496396,0.374991017723437,0.0966440847953146,0.265134268745385,0.235275543164004,0.277287924187899,0.13766313493891,0.111140059061434,0.264137936979932,0.815624395746063,0.446702371957836,0.466835567527472,0.649285049686833,0.447711336567112,0.74646011847839,0.793974673256494,0.72048871835741,0.534813006802961,0.24118384777724,0.316380192550633,0.0454328262577708,0.0703581636932385,0.347456816418953,0.562495155445833,0.548298624884791,NA,0.322540566164687,0.369276936596123,0.348954763911114,-0.0479628806199932,-0.0413325248815212,0.254600960564647,0.291587796264344,0.143778567240589,0.236334516555237,0.650040477568714,0.212061439466782,0.414241586553793,0.0553583272232114,0.423227340184663,0.0977129016927994,0.0735104667012913,0.131468402044975,0.419461962456,0.319572080335371,0.258259845632899,0.223770994340593,0.463002759359852,0.522687435323329,0.00542755492367453,-0.200667002932227,0.125307630785888,0.00350069775103913,0.160274817617403,0.0504260922900132,0.337939808995567,0.260950602105324,-0.140297921319301,0.111806722388639,0.171889671819719,-0.0975940244900537,-0.0236188674692492,-0.192110339401175,-0.163179192875759,0.00105364548282715,0.162913211251479,0.221517559544697,0.213530886041545,0.582827750425004,-0.145602701666831,-0.0976853643546717,0.277721337532331,-0.0175681294696517,0.0846058594407075,-0.0697201077801061,-0.236527337522882,-0.251038231424665,0.416241041596137,-0.0148076805001299,0.270272958042529,-0.0508075276545117,0.319947994736868,0.12088087989939,0.0452924290757941,-0.0267288308559124,0.11369946679672,0.472455038995383,0.226596444415547,-0.0680206531707567,0.397584412025609,0.200263528618183,0.150432215559282,0.21358270094272,-0.107017877886432,-0.0582431424806243,0.169866503083298,-0.0769065263150278,0.174150149145952,0.129398068077081,-0.00727435683039348,0.0384496409798838,-0.096415580773219,0.133787459141001,0.00991791316195923,0.198609899647822,0.0636422970481642,0.357234772380238,-0.238230957134329,-0.0777615038629539,0.461584494023873,0.3854225290412,-0.228605736057233,-0.010039368559505,-0.149887215906252,0.542723305343713,0.513941507627207,0.0918531569190182,0.135569191650676,-0.586305125845773,-0.0809343698734435,-0.0658923166503687,-0.00429375584573744,0.0675226678534697,0.383294689277109,0.312552301408379,0.134550507136209,-0.0156173322118714,0.348601803386848,0.270717665439623,-0.0344695430794707,0.243356845924977,0.179378975916071,0.0717594325489187,0.108872741161513,0.0454028986874243,0.12152380400341,-0.0073482152056921,-0.163360295774921,0.300627486194242,0.528206010663596,-0.0753399521172389,0.405530957844321,0.264187890891845,0.125882109851885,0.368884856363302,-0.283507193600595,-0.213645569827977,0.341418652226245,-0.254521060558293,0.349246260814418,-0.336585037911892,-0.0164039714622605,0.183751055746566,0.15448117918403,0.462500063709518,0.588234131533485,0.0221506841117223,-0.0112145246451987,0.380533105919724,0.0839733425125275,0.0824515463037879,-0.205879434981478,0.03295615633288,0.365092017525196,0.174538975371676,0.114167185405191,0.121308082912742,0.103351711450852,0.683620892920612,0.471355298727545,0.153645978369423,0.394821206883355,0.832710176058018,0.547085595300367,0.15017888126413,0.645176980111804,0.0500676826976648,-0.202811273250398,-0.198543508074565,0.738587463045885,0.618401438871777,0.361912821021073,0.161473323100467,0.681956367107212,0.619594731952478,0.076652109529823,-0.362947279128519,0.235660867274689,0.368477699544089,0.0204204087159267,0.196270783974196,0.741291007255803,0.681757465137488,0.372607730669535,0.630471558746035,0.364088609799782,0.270922018924352,-0.223780709553723,-0.19840972009006,-0.208533000644163,-0.217513454533831,0.302163821536155,0.229274660547092,0.295700289343322,0.432921300821025,0.638518966695736,0.272531615693279,-0.198926558706173,0.46342501391598,0.151410829829511,0.428565075234465,0.63137347825423,0.275723998115012,-0.0554197730444657,-0.558938144883246,-0.124154982926474,0.559865030585342,0.279028553775689,-0.198030108697021,-0.327968988738824,-0.224166600884278,-0.50855269203754,0.367153139573617,0.0169881723205214,0.391088987393212,-0.393458788912952,-0.0781387508066268,-0.0509915015590003,-0.167523936860135,0.195205157022151,0.152725729012666,-0.169566047519217,0.0847401626696134,0.633118949172575,0.466934344258772,-0.166678158293737,0.0608512083067925,-0.186956153265047,-0.298461318190229,-0.187951308245888,-0.422234839626768,-0.31866999898836,0.428416647992639,-0.0292462499307486,-0.0489407790563562,0.0873283160119098,0.379741478061601,0.455246071431536,0.479645350622793,-0.0414399524021339,-0.0952616343310892,-0.492095703944398,0.249952190315181,-0.178333365502216,-0.128417054839769,-0.278064501190841,-0.0952463562205956,-0.0606466825974864,-0.0708473526566024,-0.0129851188941729,-0.113940373416789,-0.347066477119376,0.0174232512036477,-0.428665699728145,0.0445511634319558,-0.0591915215637829,0.052052242891633,-0.124697633434684,0.182631753114328,0.163608204312557,-0.0946434759757411,0.338542270285121,0.0171141808014352,-0.195360384972023,-0.266679380809509,0.265193928659482,0.339644705340987,0.203847485399432,0.0632243183697664,0.0324122229045072,0.0579556453913729,-0.019069018814926,0.0443475921304261,-0.145291458900952,-0.25223800930408,0.384267997394015,0.35607888787292,-0.0188200415208486,0.356824709493693,0.221993495511636,-0.135570076667687,-0.0956749742651888,0.0747867756354114,-0.146209389273644,0.237393639327149,0.381859721448897,-0.156819218991687,-0.338416614631168,-0.0615632111815936,-0.135088341581805,0.0234212515702937,0.0886353610184919,0.0357734820893691,0.156498976490894,-0.000740441705960326,-0.46918734810948,-0.491606818938608,0.260607131457471,0.34211262885316,0.0680684743560816,0.170452276819504,-0.14435407536004,-0.0781540310997607,0.160556609504533,-0.104304437664332,-0.147516629214232,-0.193674061474406,-0.157162023455143,-0.480946088965862,-0.368932028070208,0.0190504608036596,0.0758768139491244,-0.0450263019193993,0.293154250612709,0.00788869782560282,-0.25680330181709,0.0263011699127469,-0.199280752430598,0.0492076126311607,-0.32907500135132,0.0425992265507233,-0.202870561411703,-0.0582344758035434,0.215090847149318,0.391819752082515,0.0653057097780843,0.257502307919972,-0.491652225957008,0.00588305529962559,0.273573769527014,0.11759077210496,-0.212761272718704,-0.09999571062108,-0.392061374472265,-0.0106859423417242,0.0636939192422906,-0.103548007260039,0.170819136592132,0.309375082806089,0.0497606152225632,0.109081779872692,-0.19434891485715,0.0366750932885101
-0.295715243669467,0.343725510774309,0.0920869274361532,-0.178938574327248,0.218147788896426,-0.335940311494705,0.244058833710946,0.244404241668022,-0.476690530790943,0.161932190385476,0.107172016061281,0.208010057137173,-0.045869875899898,-0.117750344224263,-0.193266745419225,-0.167883029073723,0.0829683219511786,-0.165857567061164,0.19753103038786,-0.051751289705928,0.585155830034087,0.268666107704825,-0.0680427074905353,-0.363464547536347,-0.248782777887016,-0.225755547021745,0.260635858402705,0.1778588849262,0.0359953017778712,0.399023470820961,0.323765807589333,0.127316880384448,-0.354993910542749,0.652785602147916,-0.0403232552732052,0.139576786310336,0.439292260705687,0.252916094902182,0.314946825548895,0.385327085532046,0.562826037951703,0.274390215652124,-0.291672735350189,-0.438624782541659,0.204478560846636,0.132316592645328,0.322540566164687,NA,0.402957311530136,0.511185414291441,-0.158688685724659,-0.154289545990327,-0.179711307121672,0.200165875481964,0.137037882244712,0.441186643197612,0.427382439809462,0.292277924079018,0.115229771728155,0.0551077632859898,-0.0620601589106655,-0.0795792139509566,0.203148507233129,0.157694899113296,0.00174292090794776,0.185910092969289,0.152863243435703,0.123153270072944,-0.02519497075551,-0.0549760137601617,-0.0738743949501017,-0.0503637980615963,-0.0857290544985763,-0.174780449441442,-0.451141912029685,0.469468980633512,0.121326439873297,-0.174975069887481,-0.245453747515163,-0.237326257682914,0.286512726869909,0.349281093424137,0.209335675696339,0.108712534034407,-0.3974950534171,-0.562787661878645,0.256586669465487,0.0536103023053593,0.153186627335105,0.125789948661169,0.148127023460663,-0.0412178165945547,0.24090503055444,-0.433329840111242,-0.401258366395932,-0.485106887310877,0.0697091313858809,0.122061776430852,0.130599328374129,-0.0725427204579276,0.117872269015074,-0.138046833613207,0.434258643825978,0.29387491839871,0.255193813375556,0.0912749667940277,-0.419624095466458,-0.0673821796028307,-0.203197811536041,0.0373819231288323,0.383268694675756,-0.0082124495564521,-0.350610081480721,-0.219696166198923,-0.200804620256862,-0.0342505378959458,-0.0189154791409583,-0.00908024195100952,-0.171512825319349,0.086760262090059,-0.365548314940742,-0.214304316737203,-0.358031681036022,-0.0279572720779794,-0.109183192400698,0.00991152159457774,-0.0377915206379174,-0.105936920603026,0.0208904175947582,0.26829699817012,0.373681926217434,0.312537853615115,-0.287665808368865,0.190669590531085,0.185890107166547,0.341217330752274,0.17083965688308,0.0523602937225339,0.39866439906432,-0.168026813139618,0.073749923272723,0.0664363403725148,0.162966345203218,0.0216427047676668,-0.339337848172348,-0.41863357441923,-0.357916773364714,-0.610527735719176,-0.285318249770631,-0.270265137910265,-0.622573260396072,0.174315376619408,0.448633356546528,-0.300850877706962,0.22506465726865,-0.54217417500945,-0.519335342070722,-0.0425804761679981,0.2229072486949,0.188613627964255,0.290395683147112,-0.236178711787354,0.381799071758556,-0.122332486913519,-0.334760282100762,0.268619853347662,0.0535358579923619,0.00435329582809319,0.188119352195098,-0.656341313169962,0.0905187642707467,-0.00124960761719204,0.172522474483108,-0.0185250636205705,-0.0969596004995565,-0.0332701812047327,-0.00187982975703398,0.169267221568879,0.0590445667781489,0.485349986669414,-0.0247344128643873,-0.207181851165759,-0.0149311637430986,0.00471240180095525,0.268239798384054,-0.100073235335219,0.331911906457744,0.183480825314806,0.206254741296369,0.307125143206149,-0.244098294688648,-0.0207498244580395,-0.2179088780336,0.238703717634975,0.187410778325248,0.316126201686891,0.303596809782304,0.182253316450461,-0.212367885245583,-0.457688295536306,0.0957343217746151,0.284468076782453,0.481444449208516,0.160474576258307,0.404429344385598,0.343588979181708,0.502435020289741,-0.214680124882824,0.174006742935821,0.362615176900552,0.0222609644082037,-0.265873447759455,0.151217337719742,0.117955611238022,0.217972952745605,0.0938886698682891,0.112895142749173,-0.0403615008986714,0.284976311386552,-0.446707369218956,-0.0154214639816871,-0.396857108078671,0.328840224845947,0.0721326413932476,-0.105238312091294,0.266378569486726,0.0571945377525782,0.188819450533216,-0.128932818227035,0.094880890587738,0.0575213304862626,0.171593665562158,0.151767535561226,0.0744809107207847,-0.0716922781982461,-0.247137307047453,-0.503405782068661,0.294525595271966,0.159157799624881,-0.171144464947003,-0.535237309282284,-0.301134389069713,-0.200464024628751,-0.0706230441256872,0.413143520983288,0.444853340667229,0.0282766326721134,0.242616730751673,0.0848446895300945,0.151811664574407,0.225576580784558,0.113659598059755,-0.0379631014692995,0.269164626907756,0.0669119299541368,0.172802660417046,0.0424866966104323,0.115044603664629,-0.422209940638704,-0.3087864583891,-0.344937804350318,0.0310340741728746,0.104931497986269,0.284100278431468,0.161505709521135,-0.109842048226092,0.207340105172662,-0.164755693185124,0.126115821108526,-0.0642198930020611,0.145075718704586,0.231628025849585,-0.108408145591805,0.302855035271603,0.0860650000548681,-0.394971247231814,-0.284124839962719,-0.35202212444823,0.00627309524273302,0.104687797430014,-0.106899837176757,0.145512532190594,0.0891309351757837,-0.12688358198456,-0.00594244680952407,0.133801868369166,0.0268670616928765,0.133609764711253,-0.454405157544064,-0.00120852238513068,-0.138609337281127,-0.00598162240749393,0.323951920389341,0.0793739359233233,-0.0774688585081879,-0.0889660782417049,-0.0456475860313002,0.253171255123198,0.484882931414938,-0.114977982500502,0.304194343006706,0.0559571876319705,-0.00543179899602761,-0.179504962570661,0.203163018410971,0.29100631477301,0.249395115818033,0.0913708318529278,0.357383998438465,0.124502537549269,-0.289039379823441,-0.214472649782591,-0.0311094824228516,-0.000781358857822061,-0.346014093686008,-0.0649592628639164,0.0523594987709499,0.241656060091371,-0.449648751548385,-0.221296417059518,-0.265706601384242,-0.259404189060349,-0.315810203165582,-0.0545080836120616,-0.17240585540169,-0.172029869565908,-0.352924432900075,-0.453925736008397,0.036492903495171,0.117709652620998,-0.0651682513892705,0.0367125632707825,-0.0251886463499346,0.304340061768986,0.311190640829925,-0.0732434144799236,0.0350701320772998,0.130042163566234,0.134361363123005,-0.135381538480762,-0.000876614382491922,0.0454776172859293,9.3499980610413e-05,-0.122395792922376,0.206061045559008,0.0660723090527538,-0.0141638565294867,0.0861353158748388,-0.403549914794123,-0.548977815740108,-0.486089351281107,-0.595070201858683,0.119799883800379,0.0655496071715356,0.368226568485567,0.393309548242911,0.195856425620037,0.140395134099432,-0.454317226545285,-0.461572191729795,0.22969779261693,0.112701803092716,0.160640008622439,0.104013686452907,0.00781852208057289,0.0143287438803573,0.0676682999789026,0.172685661137271,0.331896417986441,0.214639166087381,0.107283992406289,0.0978020138734126,-0.00914973149347952,0.376053927476485
-0.458306270042549,0.527854560931405,0.753558286208647,-0.255287408807937,0.0733354420710095,-0.142718394748192,0.214369767073549,0.600933651576432,-0.0736563592760278,0.32932781771342,0.0294563367741816,0.0257248408474203,0.172089951377689,0.0655360023372189,-0.00794052721395401,0.0963703047912084,0.430389176380179,-0.148093941991979,0.075570324795624,0.258958324354334,0.846980932882624,0.854124697150873,0.196164275683208,-0.310878844991342,-0.160000258149349,-0.290715612027246,0.385174227227602,0.237621920996174,-0.396513415055332,0.772299346020263,0.178000530472835,0.117136226438812,0.0811698869775801,0.790003203680387,0.311432613674659,0.319020301992104,0.558329648051008,0.527885417414207,0.309416133188775,0.211626089148231,0.690422400262653,0.678177132283676,0.270061615110606,-0.308694543043895,0.283098669301471,0.174291141796876,0.369276936596123,0.402957311530136,NA,0.587469003341488,0.017920918918385,0.0346410055066113,0.269750331643269,0.355826590615377,0.454130670109365,0.44064862886521,0.553414960473695,0.617301423137723,0.2684465663914,0.296097123640779,0.0690634023509874,-0.0326437175705538,0.623057589269651,0.339879289195715,0.217110929080708,0.665755170783163,0.396753320197136,0.580757080014513,0.274485671137221,0.110593624343777,0.0450341375972263,0.0449854493112669,0.183815384548121,-0.130665920258708,-0.350550945775255,0.433959762873138,0.455334989736941,0.0537892596062617,-0.18765381449294,-0.179818695911021,0.497240287849563,0.616055093511242,0.168753285469226,0.149176611386913,-0.478639858522649,-0.4674689768604,0.263469018366494,-0.0237889174478289,-0.0300804654943975,0.469691330332076,0.451134949269857,0.166659999800706,0.420891897450071,-0.346158214724285,-0.431917639044624,-0.226860403509029,-0.21525819559407,-0.119784937906381,0.153657349144553,-0.103217693995527,0.543789113426334,0.17881165893616,0.925903351062372,0.597856268290801,0.647132817710014,0.456880135741007,-0.268894829655932,0.00226958436163693,-0.154872755231497,0.20186875049432,0.804494478885558,0.375578393102521,-0.0711759729518703,-0.0609793079026728,-0.300675825074485,-0.584493580896657,-0.348301758122633,-0.34497518013368,-0.334856540168154,-0.135725534082891,-0.193217142588031,-0.159314343017531,-0.0327897854150554,-0.142987389705962,-0.317900536915417,0.0596026998193843,0.0358424715792278,-0.0198192421694227,0.179558148660967,-0.0806412484083844,0.539938634975008,0.332472581511991,-0.137552872389151,0.353083799815215,0.114419846741019,0.201129973582498,0.387924064791465,0.224337820054573,0.194168398737122,-0.345213104053709,0.0169355159170389,-0.0862598124823983,-0.160166473012094,-0.151387012367364,-0.218316029489972,-0.270951732333662,-0.0829978388116932,-0.196815866748412,-0.094009294071831,-0.413646610739937,-0.443948183682296,-0.298537926210695,0.60149540298268,-0.314005174264158,0.654664998452971,-0.444126019477922,-0.267973844910546,-0.228821911999694,0.0301482492480129,0.659818154029034,0.18522484364934,-0.390409292446344,0.490819897257869,0.502512557723205,-0.456977384858212,0.314668451032064,0.149781977799271,0.130107838754215,0.258101866564958,-0.446481207843618,0.294753998040185,0.122486060755254,-0.011354116329862,-0.175359586436771,0.277093044423428,0.275225530498437,0.451425968505146,-0.0428584360742572,0.090150823620181,0.923459310441819,-0.0154233234529768,-0.370758493698544,-0.190117940360623,-0.547849398274288,0.41790394354579,-0.247804768226026,0.675844390593181,0.545503987623525,0.53239921290203,0.189520830816472,-0.0140689544445134,-0.0040420936322708,0.137449332128944,-0.0406133380154774,0.0404329780304183,0.647045585936674,0.729864139473338,0.309759263802616,-0.221908315481931,-0.494234363716148,0.227679047629503,0.423801309053677,0.353841205407579,0.183902798965863,0.119653831485007,0.0830048269061225,0.750709540010281,-0.110944529649512,0.448450959379261,0.48064393321406,0.0823172512726557,0.0304698310208517,0.149840484584755,0.150922023732976,0.278312344674876,0.318449481097516,0.304140805765981,-0.0140045326196699,0.470238281605893,-0.428827625856441,-0.0151927937201879,-0.317615592130499,0.856812309277006,-0.228989594587011,-0.0330602817202584,-0.0750786185413869,0.332027544708726,0.467376569164317,0.150451409281233,0.574173294627858,0.0434359330859896,0.00696414285364009,0.372818044732127,0.217635473978801,0.141426583463257,-0.0250942430129889,-0.332623404412304,0.504956395109354,0.569620601332536,0.0956280299193503,-0.410698185073103,-0.314593233797135,-0.119672414773055,0.271790424842687,0.570923490396638,0.887938711629328,0.0219286491771297,0.467238994155336,0.216977052593809,0.175555770370259,0.401004098778948,0.250656301919908,-0.0208200221492061,0.414806665104219,0.568258595150717,0.361077903897533,0.153693831735912,0.183258393506975,-0.382880052726768,-0.181274230244135,-0.202168944032879,0.263336548243866,-0.223323102446613,0.320809597826912,0.0449793128487999,0.198831229255045,0.275134757682867,0.433650691751044,0.64957525350154,0.194675185617633,0.466901543941025,0.520363115684267,-0.146433373522903,0.69632444496559,0.385954956558354,-0.318540464075354,0.0365944017348742,-0.388612662377086,-0.505526195118829,-0.199537388256383,-0.425893663231804,0.287615781674199,-0.176753504557398,0.0622218839799289,-0.165002112802709,0.0346016119379043,-0.3863364050841,-0.420941374112679,-0.28416735028691,-0.124209778634088,-0.0557731934018985,0.0867908946979011,0.406757382277145,0.0190321332266961,-0.146581056662366,-0.315883648111724,0.389057992363975,0.392776598281102,0.524790262821521,0.319049161715716,0.370350283301268,0.0181683315933312,0.362372191251775,0.183970294833611,0.325394924069791,0.18614626030816,0.299825455998917,0.399686345225003,0.224417224823387,0.381336600531899,-0.0558500794638171,0.189016264816136,-0.263122243902568,0.203030017365184,-0.636274750828267,-0.340741002371841,0.0235176032562015,0.460486739028166,-0.467070520480147,0.0143941580223559,-0.382287769351655,-0.587094758745413,-0.555348211457537,-0.215638191597359,-0.392607899963056,-0.226284594953746,-0.287657693198171,-0.33322003231912,0.143070714153999,0.396900587954343,-0.139125417583322,-0.0795788665975266,0.136336038621336,0.0155354234409148,0.0871421057802102,-0.139829460087234,-0.0352779803818824,0.0395019233934545,0.0312069183019029,-0.189800508068505,0.0691491620832016,0.0408297131445369,0.0277902857853262,-0.137659445350924,0.436228527656407,0.129801806840251,-0.00710695392268308,0.232603438031562,-0.154665249400165,-0.206650973313222,-0.402450497860689,-0.444077196592024,0.138526019954068,0.0700944493180998,0.198096092213877,0.373949667591822,0.515320412842118,0.745866101902324,-0.333440545980006,-0.278880222918716,0.561405591567697,0.364985504060101,-0.100538155284335,-0.281395222935371,0.0189908670935193,-0.18755513976693,-0.0750019625533469,-0.0571679358638872,0.273744348926272,0.611446202576326,0.455646518504226,0.423690981389104,-0.0520003079790141,0.181982163117365
-0.186536603121154,1.1070713484571,0.541329304971999,-0.189373238208157,0.050764765646162,-0.248751836819278,-0.026921019637804,0.476113578155472,-0.21344456796897,0.312039084743003,-0.115788220130933,0.0486800354354219,0.173725412970492,0.0275644023301335,-0.37317864851906,0.0461669166600769,0.105735404584009,-0.0763733252588619,-0.117142307327356,0.210068182619444,0.865807402482209,0.562376676736152,0.0518940475749801,-0.464594390108033,-0.263944709912994,-0.30957234991291,0.205010577653028,0.0138317419273076,-0.126664438838147,0.437502964492697,0.440547517581208,0.552093458214636,0.248748547722684,0.41004677763762,0.368571701132146,0.570216447544054,0.64725230885631,0.692479340793136,0.431857814410564,0.0547130385339799,0.727548132966348,0.285823246923683,-0.201472456815599,-0.205680899585762,0.313179224383644,0.258650724708182,0.348954763911114,0.511185414291441,0.587469003341488,NA,-0.099557030933962,-0.194051157660259,0.254475809482511,0.531131207039257,0.539688017532839,0.80028502818574,0.822013547489664,0.73120861918882,0.10909288527226,0.0586849317696964,0.114067550594501,-0.0922875823003319,0.00567196572265137,-0.0337821702836084,0.255348988261949,0.445900543338531,0.382584486421981,0.444112199926694,0.174629785157864,0.128439330268807,-0.0291732336652809,-0.124979022701464,-0.124588366063163,-0.236003618131058,-0.356342572985968,0.334315638548874,0.538686600301209,-0.230830497340237,-0.310354247359455,-0.23688586944171,0.201975078075342,0.10330763278744,-0.135156700663307,-0.256458626052764,-0.503441135326324,-0.435774525558056,0.448052028890789,0.0724346736835614,0.147894626201678,0.612299825814922,0.191454733235944,0.0337274125325276,0.394476230208639,-0.291644487736707,-0.336489390002768,-0.29261759127129,-0.0246848259297294,-0.236014377950689,0.416471783851721,0.0521320033281611,0.319258892653026,-0.0444711518883193,0.538540799635957,0.586923598758156,0.396579090733156,0.0818054310544122,-0.33707767995781,-0.0126087132458407,-0.325554193386115,-0.0703090137020285,0.29503095431127,0.0154983241680126,-0.232604792667202,0.0935489371606731,-0.0586998489253407,-0.32744009844728,-0.125736035576249,-0.294309522062327,-0.248478480534277,-0.218023802907199,-0.21602356478985,-0.35016187525883,-0.0919238990375675,0.0226995157505459,-0.067792549984852,-0.0158011357361106,0.156246035843674,0.0268246318620292,-0.0812713691080252,0.0360673368789919,0.400264862873883,0.283694965682338,-0.254059177594504,0.221545717089199,0.00405618086278668,0.25682875253201,0.228514850665175,-0.0747011105587245,0.192659200791205,-0.574456043373931,-0.329749173551987,-0.0376836037209368,-0.0776130961377708,-0.00723261717695488,-0.102819200295587,-0.147529480454114,-0.281160400569616,-0.0962356335227206,0.0597813016452888,-0.17965910766797,-0.31014083425551,-0.125553458355984,0.210981153634164,-0.200307077890136,0.187488550875292,-0.473279849466719,-0.360756807785696,-0.0584725603688276,-0.0739034947418977,0.370280901058702,0.314015057834859,-0.0924632974374017,0.849407578548158,0.293699000009247,-0.238380399588727,0.345727003814448,-0.239274059871889,-0.0806139488547173,0.135972646974342,-0.3491386122356,0.135210530687421,0.0103477067753934,-0.00532662461819278,-0.00662842830195264,-0.0436545328857544,0.180614707224873,0.356205000968561,-0.0445958363964268,-0.216424534554878,0.86632727181209,0.0333100930223281,-0.339355144474806,-0.345701256726563,-0.236624846041861,0.40514964443532,-0.0729944742905821,0.170285090908703,0.300757623170383,0.573190966599844,0.56432355710354,0.181196867669414,-0.0803014429631115,0.3133109991693,0.0406459565983111,0.30418342431565,0.430667030539881,0.581655279563016,0.416661969394131,-0.165406589159644,-0.395819710881867,0.360861131655396,0.289194740817984,0.780381221790542,0.185090484802137,0.310127205032062,0.126261229114586,0.241452151809794,-0.241540116637977,0.581592181557418,0.66366683635424,0.408566017085854,0.216918230387615,0.574972614333913,0.44681017944862,0.465086028600962,0.536798796572551,0.828875087783205,0.416345849968144,-0.0281049957988336,-0.432906397678546,-0.11226389821461,-0.541889708596407,0.767030598453063,0.101408147396938,0.0384341675017514,0.214769326787026,0.291121191819203,0.304651697657953,-0.147018247346943,0.310050107349283,-0.0759069071598595,0.308032349969462,0.325620062777142,0.287496626338806,0.0664995484043386,-0.294437692281247,-0.438775219735051,0.468367381403978,0.463607162489166,-0.294834579203771,-0.511323711756019,-0.530944745528362,-0.210191640001876,0.28407632770368,0.269078290887549,0.466004312501954,-0.272133156930716,0.0702692843467035,0.0279141679013454,-0.151352535878268,0.596222405070355,0.428778262354173,-2.89254243794526e-05,0.292687078972546,0.680753671080853,0.281666228359328,0.0869043021804252,0.266108487480413,-0.264447338337132,-0.427173551031348,-0.335391000307583,0.00920911335920868,-0.248922806599395,0.663963410682782,0.352409294540491,0.104543645063638,0.279057012572267,0.20171869024577,0.290748385287279,0.373651626428232,-0.0441429681167214,0.150187005125357,-0.201801920431702,0.201364893447724,-0.0303078321211526,-0.395224270556164,-0.205991038936033,-0.155689206633612,-0.213593916335039,-0.385825952441794,-0.319117431241344,0.100188126582612,-0.25592453019225,-0.333962060046979,-0.016480542812577,0.0259393514095462,-0.340528915218785,-0.0854824362534298,-0.30562364907848,0.104544865736285,-0.00894903795629637,0.00879657872598995,0.207541779375602,0.110892578002147,0.0962330804773858,-0.154962491580904,0.125339027405145,0.237814355864018,0.288548429040302,0.173382464983559,-0.0662604579421733,0.238294717863738,-0.0016037361281112,-0.136226708021783,-0.0220051669316829,0.111932185533785,0.193649673671921,0.10684997736026,0.00425273149628082,0.271997644193521,0.121346990783061,0.224859699924266,-0.269697198350272,0.195757402974079,-0.305179646748748,-0.0451087660351365,0.099240526993588,0.0457205087650747,-0.3168488835305,-0.215921341852632,-0.346417428509621,-0.24496004378515,-0.282141599213572,-0.116186988898119,-0.170712336898755,-0.184317276608975,-0.420871707871967,-0.625193457940275,0.287508098287957,0.168020755565563,-0.176400760278774,-0.165060566845873,0.00205040163843853,-0.0625604788911015,0.0274416182589859,-0.316191785443513,-0.23181035370376,-0.136932246625152,-0.0940853508107217,-0.157008222277855,-0.088069821072692,0.179946035302336,0.0403742117148157,-0.0560366504257961,0.0466621741332309,-0.148848276795112,-0.379848412034145,-0.0465501202304921,-0.316579181206482,-0.289168516753491,-0.262591237051302,-0.354246410453617,-0.0664516495180822,-0.10702420881289,0.346389077068333,0.326330744785828,0.232373324860977,0.233597300245938,-0.186248081170841,-0.395935849916904,0.509232690229049,0.172791814249284,-0.047599474270352,-0.135715245414319,-0.131203959502177,-0.0672510779640055,-0.298466570199945,-0.0654847810987476,0.482991784362858,0.400732474982883,0.183241471777157,0.280777643138843,-0.0455556685011052,0.0979020501517506
-0.282951292482859,-0.0501318546453268,0.0606588940100544,-0.0738397489587788,0.359229515572691,0.236781476734584,0.199452920714951,0.0128459078271436,0.417319430935121,-0.267126758533209,0.0783480497910968,-0.215073245236255,-0.0925133566422223,0.0495020160002701,0.302543183946569,0.149369694132861,0.157140203300581,-0.144743997215613,-0.22784135109655,-0.0222184555495808,-0.0951498540111182,0.00024892617897439,0.278791256467219,0.7215909354229,0.172148920308529,-0.118172516048602,-0.113799583377294,-0.150514266287438,-0.112997775947607,0.240583057378151,-0.0330040594510092,-0.0806350321771243,0.0596266457928623,-0.0413931998031545,-0.136120281692926,0.0836121755713737,-0.0849894844663235,-0.236455159213428,-0.0183631541762863,0.0365982002385968,0.0808906885414915,0.162360413894732,0.798650922025111,0.0458470133336221,-0.103481650631821,0.165135602825315,-0.0479628806199932,-0.158688685724659,0.017920918918385,-0.0995570309339621,NA,1.0188398547641,-0.017410822804225,0.0802640359593763,0.368052920675335,0.12661074855158,-0.181514792827052,0.0971061674433666,-0.239122680105631,0.0949380285805473,0.0333449841532887,-0.187019882559774,0.193859092310566,0.0279494414696401,0.117929963874641,-0.0632372239597788,-0.174606826359119,-0.186963661787441,-0.0755224444228864,0.0246971455537646,-0.0287137936955073,-0.140271900332441,0.00356362336153625,0.374406158820414,0.378828393953174,-0.164641550362647,-0.0894594247653968,0.73979989899226,0.118690861572616,0.154413357191895,0.136442069147487,0.037047197630044,0.166561428651742,0.142590214427611,0.237777026169369,0.302284318308961,0.397420074018158,0.649116354159291,-0.191239682021323,0.0581549399710597,0.477849445875766,0.646353186890575,0.0998497869011555,0.263965611652295,0.137892371821754,0.841753174551111,0.348576373039033,0.224599355323827,0.120054080431782,0.665724669253273,0.014304969827282,-0.0588655593330125,-0.0310966082941355,0.135787654228755,0.247832184618857,0.813269720202734,0.421193399006771,0.331226284314679,0.643359921493023,0.627613284608751,-0.061108968215238,0.392686260284602,0.357922918453032,0.0612552789394716,-0.0148834017811159,-0.232621779064575,-0.143223857011753,-0.0451297742673121,0.386563546348766,0.222575526568603,0.466553751588327,0.67784603654958,0.337400733458915,-0.264236524726016,-0.00680692827074666,-0.362677478372037,-0.459521668557009,-0.179202203121409,-0.427799899328266,-0.346516126998248,-0.0724732706487392,0.147609090705705,0.195555820442901,-0.118295863830244,0.0841070327181127,-0.104999276964453,0.252024343075706,0.21037016973136,0.0166432026739205,0.161560037699867,0.227225872844389,-0.194113623742714,-0.265245122323513,-0.226552599817001,-0.233470382473713,-0.089849106658014,0.281217900446758,0.0970823361738972,0.0887664907922251,-0.13374021002777,0.153861497182452,-0.264942299111866,0.0759941599956694,-0.0508428493753245,0.317589385671604,0.37993057023623,0.618067710119483,0.285756255381285,0.0707888692419467,0.102251834034035,-0.208600581409193,-0.370448766606778,0.0548585228806284,0.173015078782013,-0.168186572433205,0.240407350950285,0.0977750594020379,0.0647178697059292,-0.144309373073577,0.155204517367697,-0.342592195373991,-0.225987659560853,-0.269128300252972,-0.215931264908455,0.274322348342126,0.0584887651437588,0.0333779176280205,-0.268586873966486,0.127482496751357,-0.130706429658837,0.205867789838114,0.277712693548679,0.100938900879895,-0.282521921319308,-0.136864137023272,-0.309176290110529,-0.0196812475078051,-0.0500157892568904,-0.106507944829772,0.0575925689441501,-0.0176756564116049,0.196541128042824,-0.20477127229028,-0.0610576908001641,-0.218254190559455,0.0472479172392421,0.21114850307667,0.0844454729830863,0.182859018677785,0.398570746391631,0.0222199969843983,-0.10459127598451,-0.0975122809552831,0.21553972425492,-0.228896629862823,-0.182571955441226,-0.156046160544088,0.228858264531524,-0.0446455836398326,0.230871225940289,0.229037976583317,-0.00211526337133262,-0.0336737839367687,-0.189811865176624,-0.0260922738326343,0.0188218843983666,0.0835082025331741,-0.0376670676185818,-0.0183722468380806,-0.0045660697282948,-0.34665149785041,0.108877512985692,-0.069080706472516,0.262733621368336,-0.0230114980676995,-0.0633147687633722,-0.0579684070370743,0.0245308227355335,-0.291628614502396,0.0310386129043504,-0.0162233580364204,-0.347837393858887,0.0577220649787282,0.104408451973328,0.256547565702145,0.316924040754398,0.117254774090405,-0.361078943981589,-0.169683119002767,0.0502763063481547,0.212949137622157,0.247654037451116,0.0713613072017222,-0.00554538092529789,-0.154248274112035,-0.2488279193518,0.129666400252461,-0.223351418789107,-0.251699313370382,-0.00259959592532316,0.245176143977426,0.342437685081673,0.304411085153093,0.0940980568013061,-0.0243350655997936,0.303350345129243,0.135115889401936,0.227552870996646,0.134367600246753,0.536905138379198,0.61305918681832,0.2812033146652,0.235289094286549,-0.00549567237121573,0.128562966578232,-0.0444665633143026,-0.302577046658471,0.161041769173752,-0.0385923763237525,-0.00747726180720569,0.332740473464561,-0.0279236212055317,0.437133466973496,-0.00433343707486497,0.00368116377336961,-0.259154413449189,0.334770596367781,-0.24243571762736,-0.270547817228024,0.104583800488348,-0.10318974299334,0.192417000669614,0.0952204104346896,0.0687300829009539,0.0828849810884963,-0.159391964744469,-0.205316803936929,-0.160988143342309,-0.0578453078550405,-0.460894343918608,-0.167361466464591,-0.412772142064379,-0.100929749763076,-0.239361473090798,-0.204360807016579,0.151640845492447,-0.0313382570748975,0.00868814914313451,-0.216616385842223,-0.193210292256047,-0.0276680841897534,-0.505961284947163,0.132734980705526,0.0362111577602562,-0.0195490841807254,-0.185086835838604,0.362299099064367,0.161381559321625,0.17213207235472,0.0797538166021391,-0.134280567796891,-0.165378659700482,-0.113259110197706,-0.0454014666898376,-0.269534412156513,-0.489386696866725,-0.163858814892472,0.0514212976153019,0.0752624461980543,0.35209384820106,-0.274084173385661,-0.338821352492783,-0.0829908247117526,-0.383171727647986,-0.240801560178618,0.0614494668831759,0.340406489939426,0.160810197614574,0.0902029034337479,0.0617978665549328,-0.437957384371951,-0.0612297127621602,-0.317501899052763,-0.100073222875475,0.0860876672138582,0.103140749541987,0.0708387615704343,0.113844423997301,0.121445348528419,-0.03175397657416,0.0907788308814937,-0.175927797016962,-0.310107350755892,0.124933258779306,-0.211606266910312,0.152666270070885,0.235267993936164,-0.102658674806923,0.178783957148437,0.216022801522341,0.00943900633357034,0.135576089289702,0.0892742488551904,0.0895663813828191,-0.0214813557360244,-0.0145675219484317,0.218880453374441,0.394832352163074,0.156545961334775,0.448608179783728,-0.00974043314241627,0.286609465952879,-0.261975879808173,-0.108265184297472,0.026530795896782,0.239869184724784,-0.0892738902735909,-0.0510713119839236,0.0228251796283597,-0.0855846663751358,0.248620285126375,0.25109798542705,-0.0258155790936142,0.0116944281433332
-0.196053245405665,-0.122049017588278,-0.119739905356793,0.0760591001745567,0.232504938808906,0.518130605323625,0.164597128103837,-0.0302444627895558,0.287690211977835,-0.251690638749981,0.00434085685279496,-0.0894713979180899,-0.188803971884966,-0.133771989710554,0.31511416843412,-0.000793601255843688,0.00294469361656574,-0.167941243380876,-0.0949225917109677,-0.184385194742864,-0.0422143651058875,0.0181981771160576,0.298965497872363,0.744831604467191,0.389784395297202,-0.0246969331037934,0.0108422298466482,0.0164172828861535,-0.0981516718121694,0.326126853747288,-0.150849281473468,-0.149426996057144,0.0957667899446801,-0.0189980868078405,-0.058857493413877,0.065470551549812,-0.0276685217297399,-0.13889411180131,0.0376670801354694,-0.0102486665215217,-0.0489523190864791,0.0720197742767107,0.931373323866977,0.140887358714572,-0.0844352566651282,0.0542871584350267,-0.0413325248815212,-0.154289545990327,0.0346410055066113,-0.194051157660259,1.0188398547641,NA,-0.115127498188811,0.100902816898556,0.266493849338258,-0.0651065572254502,-0.262426045100458,0.038909211654433,-0.175513745417479,0.157764041596067,0.146358863521538,0.00852319744872182,0.383724452915806,-0.00163943018849965,0.0516676130710195,-0.0460970842224777,-0.0491350795342065,-0.196726847176961,-0.116246851847487,-0.137526116405887,0.147605997957624,0.0689724665903089,-0.00328317890504707,0.342846899231757,0.345932749749224,0.023632491051691,-0.0467702423114306,0.683159430538843,0.0342264416911729,0.303506462469318,0.0660006664221002,0.0958455125945878,0.258703561104633,0.154558113578227,0.156834444385905,0.228124553735867,0.17958293714961,0.372616549857307,-0.243028546035671,-0.0301628599367011,0.462743577542905,0.632218495714624,0.0962219460128899,0.404848048514823,0.215279374853394,0.845379946631441,0.171375797958334,0.0970448224702723,-0.0616192702103291,0.522637105739972,-0.104797603316251,-0.0790508502028218,-0.0540497088721612,-0.062771767982561,0.260737789279145,0.645432194476237,0.445369314488728,0.481587201937956,0.509698032623742,0.587005362359444,-0.0310007482908991,0.394049744884247,0.401396393074772,0.163022688933862,0.319868018013774,-0.0960712371065368,-0.0997262822196827,-0.00397615790424647,0.235274085589528,0.0834681232320314,0.582534969852205,0.686158713494162,0.334020154947534,0.0127248641557996,-0.0146420847424794,-0.0560563273129762,-0.252399974504573,0.0339522467312532,-0.186632528005154,-0.36578597914605,-0.0946885794081463,0.0416414909851819,0.173530835547392,-0.109401202374242,0.186728732025422,-0.0957883989892452,0.245981976791358,0.279070212594961,-0.0696298631022029,0.244501655898757,0.339368159304806,-0.248277918060571,-0.210615063527504,-0.254587647351958,-0.0873437570511348,-0.0300739886535293,0.46359754276868,0.0828596839720599,0.207980903716362,-0.0912651544258194,0.129321201094891,-0.12431469301606,0.158991198596003,-0.22152038360774,0.329232262883174,0.368134345135623,0.727608729864441,0.179689288228923,0.271042540576119,0.244547226605536,-0.0492583503910704,-0.229010277425843,-0.104768090021869,-0.0120874756410599,0.0763153862743229,0.126147874539935,0.275803527586967,0.12827359321956,-0.0201336113471017,0.443656041453655,-0.530723007753157,-0.266879666365676,-0.134183729860685,-0.276827647222536,0.167885328837602,-0.0978603442917087,-0.077517893518243,-0.29716498727538,0.115019138054533,-0.0920531606756952,0.103734898354135,0.404851106855276,0.239343106222747,-0.0159333716817246,-0.209234709601057,-0.247246896379673,0.107291765419616,0.0886796454133948,-0.0262359520261687,-0.0347766106884245,0.0272620368360583,0.252116804244908,-0.209572258686243,0.0177722569647394,-0.132428921589493,-0.0768707352255419,0.104719143383887,-0.0895983599793268,0.297144116429516,0.483568746598788,-0.0412668995477609,-0.0745599666313148,-0.352800227869491,0.120594214687304,-0.278178414863704,-0.200758395171156,0.0374951224441534,0.315608552154959,-0.227209353537676,-0.0514371077645117,0.0260750650216795,-0.137143799812763,-0.141494583781914,-0.139958540371021,-0.0888134507392951,-0.0772858573744584,-0.150267363225714,-0.170495049742093,0.237509046355877,0.279210298131783,-0.204120178411492,0.334318316640115,-0.170541089719083,0.0943807515628037,0.259851660716918,-0.0489878223033394,-0.0135913828020441,0.0152085781550487,-0.189198109755171,0.106057052852668,0.0951483072627668,-0.186051081217757,0.148467288154514,0.180277741287505,0.237306474652232,0.387523345295295,0.333219663007676,-0.411040374003912,-0.23436904427057,0.332742647518208,0.327404541036365,0.353552716944464,0.19104197993798,-0.126640189804102,-0.152075169095947,-0.314537172541629,0.2583812016277,-0.0742782615207509,0.00374897086023026,0.181390607666136,-0.0238026773881305,0.096638958713182,0.230756975712117,0.0932250107215048,-0.044268845608279,0.236910351541371,0.174609670401452,0.0976396286387156,0.208848621230102,0.678728421696808,0.740154429331123,0.208923406421461,0.132029673044512,-0.226487183883699,-0.0671827131554999,0.241487511125773,-0.304115139006391,-0.00409929946482483,-0.0739172471546297,-0.153635747047222,0.293573483317987,0.25256594487449,0.392888092736783,0.0102292358254687,0.0166083151161827,-0.0914058650086658,0.482498357126265,-0.141481278440173,-0.328296857044578,0.352437266420535,-0.149122797546432,0.0462990578043334,0.158639571589777,0.270650313733246,0.0419158930270026,-0.0709703416734511,-0.151351723486655,-0.129642470561968,0.224428382561278,-0.368383097716922,0.0807448983762117,-0.349083193819349,0.0110100076044519,-0.453570947200132,-0.339742084880143,-0.0688348655125101,-0.0588166917928471,-0.0257555775566422,-0.136441872054174,-0.21977233538636,0.047404587017274,-0.478782775878922,-0.0372336129664286,0.195450674571849,0.0036087858104727,-0.0548151903615213,0.29461457427312,0.2517872366986,0.103101283450201,0.100178035466305,-0.145155295015415,-0.240935186290482,-0.158537266827554,-0.0866532746966524,-0.0830672089547166,-0.16413472549867,0.122712267393517,0.160567863610112,0.166169124811455,0.408881791041944,0.0722372442363242,-0.218653251838092,-0.0244978793856889,-0.0789542517859746,-0.126056587871804,0.361264384650043,0.500962606858438,0.300154532897704,0.0682014217751566,0.269682099517159,-0.252259048054722,0.127657490243335,-0.193933961422886,-0.0514947551258101,0.114870854045981,0.191123839870942,0.0319209388324817,-0.0017323692661159,-0.037234604168923,-0.0522974704655425,0.0904790350844786,-0.473974138695149,-0.43565229677617,-0.0785008775301854,-0.154072380148039,0.224976064441258,0.323605757060068,0.00667993751306036,0.407615862768745,0.315515986951864,0.249018942099227,0.246332734816778,0.0735482464077265,0.0929879700774073,-0.106950872543434,-0.0201025742202892,0.226818550318147,0.347201663464173,0.373961253957424,0.501287674908048,0.0446444417469253,0.328128185827721,-0.124983312267849,-0.0280214552306069,0.0761123473705629,0.239846796398932,-0.0875230326170559,-0.0782024120522819,0.0196585995661292,-0.121210947147009,0.159447703044596,0.218900590404288,-0.0296911619836011,-0.0914551573970689
0.230146932944235,0.325015634377684,0.871929136643389,-0.18104369947831,-0.0241041837838254,0.148325220303004,-0.114128997563937,0.431788790940539,0.388692331068271,0.250442446976171,0.0380927397074299,-0.0540826909878624,0.356016804331371,0.331304024580755,-0.223397352956182,0.360107163600474,0.314170891554185,0.0102793520064916,-0.0339087235784841,0.482848457085992,0.255771904850834,0.182576836713292,-0.0304078519965066,-0.161561795595911,-0.018581733499881,-0.165186231213172,-0.107901888004617,-0.201060662618235,-0.386217347443457,0.0283757437227077,0.361826451892561,0.236551770522908,0.26860497717844,0.074287739602483,0.298656536705284,0.26885299196841,0.123747877088831,0.334949140912561,-0.103074053870536,-0.295621255683416,-0.0211281225910893,0.0928520153144544,0.0634604371962704,0.136922872290842,0.244883403583935,0.378658273907103,0.254600960564647,-0.179711307121672,0.269750331643269,0.254475809482511,-0.017410822804225,-0.115127498188811,NA,-0.00716111368116848,0.220250204466821,0.0583842287949134,0.508535473833992,0.2297546227997,0.158919043967959,-0.107966561983011,0.151861302653598,0.153528337462418,-0.210185435772891,-0.236263403237094,0.414308998313916,0.521414280762363,0.334803798162971,0.50845675056905,0.297884069593475,0.475205049918385,0.143757002994847,-0.1083355297418,0.223343030524047,-0.364287760941219,-0.0430623446915606,-0.14399587202605,0.627705039690643,-0.0601881716595306,-0.230497455954193,-0.20372689492173,0.0120317643744165,-0.102729036218387,-0.301185376805256,-0.458375232804149,-0.320679465632867,-0.0530929726391759,0.142112042731837,0.101319241491018,0.161724598174393,0.397851887924498,0.196303019673289,0.223147537850484,0.219043854735715,0.224308456138894,0.355784265104432,0.224966831065841,-0.295601888392291,-0.272919957240037,0.415672264830507,-0.0468578487879454,0.54648317599279,0.28756426998862,0.241560965033538,0.0996780168336979,0.194543651514849,-0.126022992271868,-0.000985032490338702,0.084956198909108,0.000788930043752245,-0.0841279259060081,0.0978071730104497,-0.190530591117869,0.118807652874735,0.381196509259715,-0.141219845212482,-0.208410697155667,-0.188542410095618,-0.328883028570421,-0.0899884198682791,-0.272473748028746,0.0774508128329298,0.0769387305617738,-0.0428366715948884,0.156594859406215,0.0313610518857226,0.000872128516354466,0.204112991144601,0.377843306844345,0.0300131936624841,-0.0345447685232218,0.283115726737882,0.0533299639801696,0.10809132050981,0.11812522965747,-0.168027104336078,0.0986594554372827,0.195186644378609,-0.00540005058861035,-0.00418826425836361,-0.666793075626184,-0.293078901861878,0.0106988432851618,-0.0272585800659838,0.174720029194412,0.193555294165191,0.23499061365996,-0.136335871768037,0.314785339040155,0.0921647096506522,0.00605503921096272,0.178023303166032,-0.330187086812115,-0.0304183136857405,0.114885325708687,0.0871903925512076,0.146210185501722,0.164925935469531,-0.300008276273352,-0.192095031751171,0.154526338828648,0.222789945314438,0.316138496259805,0.382846018043211,1.01123679545825,-0.205217216332931,0.296486891440536,-0.246775654745212,-0.397771130798453,0.0822147028494588,0.157296220085375,0.474558669279206,0.0686875609494811,-0.148425180925239,0.276550728099609,0.123488517546611,0.491179750943195,0.588923638257958,-0.0225475014158931,0.0177398513024517,0.200964340613066,-0.196575068092573,-0.250445918029164,-0.321686759103387,-0.299225722929717,0.208162528457141,-0.0113701848418524,-0.0564396723972737,0.200710190420409,0.463754726652619,0.264894080920235,0.185818572296762,-0.167982936755602,0.471634089311606,0.0160431491221681,0.243355272824156,0.198465860301167,0.557269530332272,-0.00645332780181713,-0.0319544969255837,0.0483681987566829,0.473558741682159,0.261154703570678,-0.0430321121440366,0.0938741481627096,0.0821655023023502,-0.00837979033178321,-0.124739392231168,-0.0272662090535922,0.356914162779412,0.13923516654233,0.117682221416986,1.62397640922632,0.402272949253094,0.322796953755353,-0.0425359976139493,0.455848721061536,0.464367919103214,0.154887544367066,-0.286370417250297,0.117963705511051,0.117941323447582,-0.0222644871351863,0.449019945090292,0.0240052476860787,0.122918923490304,-0.0513604969650519,0.503158107600543,0.480655977071908,0.167160692884273,0.375315829984868,0.356042149815004,0.169381578946129,0.372090573792991,0.0515778005906284,0.03609627259443,-0.40644281253937,-0.216620708305637,0.263133324230299,0.294520228982211,-0.100578670413046,-0.215121478144507,-0.489166288153229,-0.452188857117548,0.792803878703762,-0.118447405466421,0.173972913010923,-0.352199606347135,-0.297042591301144,-0.359529177727777,-0.467449351012671,0.230435859159153,0.399832867392474,0.285157925364159,0.220436707216878,0.471423840017979,0.280926207129562,0.363112202709239,0.225557604960819,0.324074868731892,-0.16790102447857,0.0424255832719829,0.0539852692673943,-0.383090779051559,0.515411729385294,0.0665345066553169,0.363731518831099,0.321065036907713,0.834280575742906,0.405782910769944,0.348785360147224,-0.0725640179125085,-0.118329400764901,-0.325117729925711,-0.0258487289745375,-0.278755224714644,0.0415875691233038,-0.186593676747359,0.144504618593349,-0.128315454312969,-0.212182851991463,-0.147566026128021,0.0472211648027386,-0.669480839451669,-0.284275545914264,-0.0706710274420372,-0.0200087529700374,-0.205553712515086,-0.0485068336540407,0.0926040189821995,0.142915560349345,0.181602926852089,0.148050771009354,0.0396711313167825,0.034019135471503,0.271871663718243,-0.105085696329671,0.436258755990428,0.217039207175168,0.0986123914732273,0.348399149170058,-0.322933928302801,0.19168563010675,0.173039057485014,0.0648597793672611,-0.157254942866005,-0.170257410073951,0.213087133016338,0.157344573341507,-0.127031678964105,0.265126157248103,0.520444534955947,0.530972277033773,-0.110666246630221,0.272251700780459,0.0273090044178829,-0.013269205566976,-0.189430238911282,-0.0857612045708038,0.00288735890277949,-0.00261072841207667,-0.124348280848741,0.00220574360489286,0.105722231229583,-0.253274519072451,-0.0121543879768808,-0.17626173074354,-0.0158753043703026,-0.227365522428003,0.114453302022279,-0.0760051958072261,-0.0197768397469615,-0.287561421858689,-0.0300192276910315,-0.422958094574139,-0.426999544407503,-0.542445524888338,-0.352262813488407,-0.396154321359432,-0.440359290847176,-0.272879099479743,-0.060591766085438,0.249631121791136,0.344424853140606,0.126193723049122,0.0936265832157103,-0.382824625150583,-0.45649099400234,-0.0112531833546922,-0.0606351419864702,0.0641933748256432,-0.0944666434538489,0.0319388557320312,-0.292156165380028,-0.224109091494595,-0.0160904087954287,0.0714250345025503,0.151035817664194,0.253308293372252,0.0315188039881998,-0.0232182965697846,0.511690737438985,0.022279526476729,-0.217654973278852,-0.305329897063943,-0.222059253724232,-0.203503977091364,-0.470255530769992,-0.430677676041917,0.0585923413994817,0.22006460854144,0.0907432502503656,0.0312623581887712,-0.506421358662209,0.0516072911576616
-0.311488296011933,0.670969690211998,0.257444970800006,-0.202710792340909,0.204587347870213,-0.171800662934252,-0.133299099070774,0.334782804563061,-0.20414899876833,0.366808851723262,-0.0391817526803201,-0.13958107627219,0.142622870347778,-0.00462207925699849,0.17994766223319,-0.0217707005198417,0.225023391423833,-0.0704810043589956,-0.101691975235969,0.172513956769417,0.398639110192786,0.434808546285778,-0.0514603440638669,-0.18756677138509,-0.168121147990807,-0.254718066785693,0.164434565880321,0.120999794183688,-0.055734487758684,0.327657144242876,0.315046833542401,0.210857688911265,0.424859162371804,0.42607952094266,0.389669185444234,0.590478206104204,0.376692332939804,0.584357365757401,0.378626292181631,0.262362490140712,0.393906987703535,-0.0295393272808463,0.0554785281411449,-0.116647520261545,0.41811143162797,-0.14970749204293,0.291587796264344,0.200165875481964,0.355826590615377,0.531131207039257,0.0802640359593763,0.100902816898556,-0.00716111368116848,NA,0.51424315493736,0.662346509727022,0.288062232653972,0.654114588756093,0.117133338293554,0.411557889035613,0.144638896186793,-0.359766808501532,0.0663252521013129,0.05998601883963,0.353042732762012,0.400170397198809,0.123663329440154,0.220755651312255,0.334646734476031,0.0551492209281215,0.146491579770096,0.243021287242806,0.00550875518931052,-0.0653204955714874,-0.324297567768261,0.297588087060673,0.334851384162659,-0.000985659864950525,-0.330964155056146,-0.0127590026357552,0.451989179826436,0.161785877965931,0.12378101329282,-0.0770342551199359,-0.166569518399234,-0.353329809660172,0.403225799982414,0.0813876720150061,-0.0672253537956946,0.390254119048616,0.183483156451364,0.0292188451355434,0.186700981002785,-0.298665611320203,-0.382737552525286,-0.0928475384683208,0.200481457677849,-0.112250705082647,0.315276115320958,0.169485870909815,0.260974036247732,0.126814251328301,0.272328582562263,0.698195825081021,0.421185335262766,0.358267383204545,-0.299175197959667,0.019457938637908,-0.136392475159055,0.30135366034537,0.347191240423638,0.173729143799453,-0.15739812907629,-0.0912010157156807,0.104962558109168,-0.289040230310856,-0.0308922259529054,-0.169370123515367,-0.148738383987533,-0.028366170918082,0.0350605437885545,-0.114442983625737,0.120865395380231,-0.180040688925248,-0.115816913904453,-0.128092780988919,-0.280985804363171,-0.110580808646794,-0.0517027095407568,-0.191345714523461,0.237475802126363,0.273409906577321,-0.119466057867243,0.0647586246358684,0.312212894648893,0.105850449398372,0.378948048673663,0.293218131793065,0.244573953172583,-0.140483780664317,-0.0139191286235053,-0.221165649672037,-0.0958433144440912,-0.131187030736893,-0.138816441682703,-0.148831882149368,-0.102833729699774,-0.224991104341799,0.0353050134676638,-0.171241773631374,-0.180110641501135,-0.139863665134411,0.215720674846136,-0.206501600753758,0.198478506542305,-0.245215063446138,-0.251266269338154,-0.200442700430902,-0.023624996101511,0.356915442770804,0.427093373038825,-0.192304998760013,0.450751351099195,0.0290452096353261,-0.260669469911072,0.306942008331403,-0.0622738971086183,0.32235455280002,0.211441745423317,-0.183320118318889,-0.0258547896012118,-0.231090871187805,-0.115654546186373,-0.0636809430016138,0.306058585813421,0.199519971080538,0.182288090666007,0.0538552841353918,-0.18282617362317,0.282939071223164,-0.0148860520619665,-0.142501186879227,-0.0445974353330419,-0.101707218772678,0.256255266120157,-0.192185978136738,0.138882530372971,0.222294132762343,0.238376469445472,0.33649949444323,0.309727888163428,-0.312305267528959,0.251224750039001,0.210689251792495,0.401674322193517,0.270200184616202,0.50332562566107,0.456699293779835,-0.0425820892808548,-0.219289634592907,0.274853105010392,0.0508131469684438,0.343256978749069,0.21552408429962,0.170706293432901,-0.0284234149420149,0.279449997269157,-0.113580800141588,0.31102749281559,0.491426535319726,0.33374966796199,-0.0607918620715173,0.309469218003568,0.113419811786231,0.624018181232351,0.439585190718056,0.485801713442274,0.170686016421809,0.0887866914133469,-0.3378358429137,-0.313373938364364,-0.422391012225752,0.600776643924114,0.0237304266604574,0.0064139467990202,0.239367222863441,0.279286732442517,0.29782516790501,-0.268155329328266,0.433899499472427,-0.0936841457108267,0.0591356649653383,0.256354561489019,0.515259432283791,0.330225642865434,0.0213792282132882,-0.0481096400654242,0.415924705387077,0.399147580423655,0.06867062273452,-0.223273398275647,-0.0845160024527153,-0.015360113667354,0.0777726297388879,0.349006372352563,0.368060859381666,-0.151960571202698,0.135962084731292,0.134747783427687,0.127468070418805,0.430548419703621,0.267638288520308,-0.0569850061616496,0.222776467206707,0.527411253269618,0.374527092361996,-0.0146350149471613,0.230048190593325,-0.253098566629579,-0.211996284951118,-0.187611077655769,0.0715877196526372,-0.0923340637058633,0.299589034291839,0.393337114478782,0.0846140197834125,0.0819489237344282,0.0137250211352336,0.187872544484141,0.497997389614262,0.102316998397769,0.335004875203208,0.190700391605852,0.257532578127108,0.148812196836201,-0.35096702444344,0.112474686453966,-0.135581876775828,-0.083317202102556,-0.251713640189824,-0.154526569775683,0.192055565235132,0.0473396986260061,-0.058486245376959,-0.144741144888435,0.116505962991133,-0.285302417287647,-0.0642869148725776,-0.194289338119996,-0.155489599480288,-0.20298841288101,-0.0913482638797,0.192371761056954,0.0098254971388426,-0.201265765872823,-0.219235006202077,0.271972444143432,0.306524343572103,0.167772284427779,0.214621868526621,-0.0261076546134676,0.123976731594324,0.0604090026169822,0.129685189973071,-0.0332028053571664,0.133075391119438,0.318498444215129,0.49549865132814,0.0664823668850924,0.310799666148362,-0.0360834345304588,0.0517966893490817,-0.00318530644969121,0.11030397714788,-0.209043824982408,-0.10769946423053,0.123187842056249,0.184372770860588,-0.125117892251051,-0.0160852001354008,-0.191221570736618,-0.192169873931523,-0.249825563524123,-0.254635684767457,-0.150597313884473,-0.0366990705175763,-0.195106391798412,-0.339169315513187,0.142819116633082,0.428846644734697,-0.213473038320503,0.211768757732326,-0.000662504424653679,-0.246914433019535,-0.051860155344697,-0.264055606661763,-0.317113159076854,-0.00258845114909298,-0.0120828825848407,-0.119500233592101,-0.0125306529373847,-0.0219872634460447,-0.151500782138223,-0.142809038489672,0.152047420751794,0.0471247034308161,-0.135380366716657,-0.130942207195769,-0.0826790177450302,-0.154314459726737,-0.176370524448075,-0.250550218573574,-0.0811424537308629,0.0140511471153022,0.403684585515889,0.376275089062619,0.367070363039509,0.318519262699237,-0.0226092313993252,-0.175070482216499,0.496850534158229,0.245464620946406,0.0960849328752852,-0.0500844816967304,-0.16246284541327,-0.0304833168446606,-0.190231594348716,-0.0481415560155116,0.496116672968838,0.455842114897664,0.294018723055125,0.590508415140626,0.119448881516651,-0.193594313591239
-0.292564257498413,0.521720634320436,0.306933769737521,-0.393282236058356,0.280485688387027,0.0853666539136711,0.0189549196262885,0.379128953253275,0.074610499962679,0.131759080911534,0.0894401224897775,-0.094969629415377,0.153896336165101,0.0743955267249205,0.0866495561954981,0.140798434428829,0.364052715303696,-0.0805257244159153,-0.289836951005909,0.214939488879636,0.451036442166001,0.488515833039906,0.08333280308998,-0.0765624757169051,-0.106910397218755,-0.349939688293695,0.164713458169369,-0.0543967001153005,-0.236266448136474,0.415878561503539,0.086631640583379,0.143001978110258,0.106442927999511,0.228930760951148,0.189494616941109,0.348237808221163,0.308657884707095,0.446818261920445,0.257700032501669,-0.129178886058212,0.422022751824067,0.0777221117022861,0.175374295961078,-0.169525707599645,0.146559948196059,-0.0994585645295705,0.143778567240589,0.137037882244712,0.454130670109365,0.539688017532839,0.368052920675335,0.266493849338258,0.220250204466821,0.51424315493736,NA,0.662795350253941,0.442153957240704,0.72089604415892,0.021656090678251,0.313620586696779,0.0324943033287058,-0.0684963951345073,0.0836928701051202,-0.0748668982481214,0.150201354369456,0.43984040888667,0.192283064853223,0.385298630403452,0.228714061707996,0.23285455176954,0.0327297336857809,0.13681439629084,0.0225346962007668,-0.152278049535653,-0.248347490964818,0.22306945101529,0.464226918966668,-0.0338276265471814,-0.388908849959425,-0.0690091886134553,0.348479347794785,0.197974534381968,0.19188787567906,-0.0272335613562214,-0.338486050752057,-0.350554122915212,0.64781016750142,0.249706783030721,-0.105835825861446,0.469281059836454,0.420191535394194,0.360064891948796,0.332220097864736,-0.0647435842660637,-0.226464574793817,0.160900342332403,0.217432138921264,-0.0704819263486892,0.435870918772498,0.319047903979522,0.290249212324802,-0.00422294634980801,0.452143436579463,0.54420704633848,0.479507426379178,0.382201138786503,-0.216711039393669,-0.00974132987409207,-0.145631526223484,0.175298568782779,0.0976673901021238,0.135830910460093,0.0016906754320814,0.126442545792447,-0.0143761893687482,-0.48122882520058,-0.239934127497199,-0.189398950117158,-0.162567313721262,-0.245659166296703,0.008920208443021,0.0905892997802695,-0.0217124583704662,-0.0922470105847146,-0.0404940817609409,-0.0975426170084325,-0.0323335432140151,0.0480367314466547,-0.0393895044414929,-0.120987541324915,0.215999375851648,0.210155444448009,-0.0328259797692539,0.174114548905534,0.224568304738052,0.0308024059383226,0.345850913015412,0.195902762631293,0.210639547735293,-0.309817212356718,-0.140240406011481,-0.194901218723539,-0.106880314502175,-0.164574432593701,-0.256887639439513,-0.228925440594865,-0.00262904164603983,-0.0287502078547188,-0.1226786120489,-0.311810666841897,-0.217531784237111,-0.324063470742845,0.236834427927361,-0.384114222554779,0.218264651512568,-0.286612164961506,0.00233380918232158,-0.11967363233959,0.250600139678881,0.422374991408284,0.167345942964144,-0.0686330542655563,0.532729998561216,0.229640678440825,-0.326266263413214,0.480593236771375,0.127498990215302,0.0644237430165264,0.0731097595472052,0.00733370300360029,-0.0910466559589786,-0.111787957783358,-0.0482032757536082,-0.0737140278314588,0.28935637408627,0.310555499115426,0.258784834382909,-0.14179074594937,0.00325888883310523,0.39721458819478,0.0705440628843509,-0.0407570127367406,-0.00870764186657878,-0.322980078603911,0.078166800930259,-0.265674621177671,0.0537156884477824,0.169301531346223,0.473755338905749,0.191316963978942,-0.0252362455904216,-0.262255499136657,0.109877816618475,0.0306748793943027,0.179886734882203,0.270429924982498,0.563226499051026,0.370671547996729,-0.145646221003188,0.0146897518553646,0.188942413352805,-0.0688351236374929,0.294477768960575,0.254200450714338,-0.0182647201003679,-0.163446531797411,0.242055343273361,0.0716842001792691,0.561740746718004,0.628766280604058,0.710478173377462,0.110881143188132,0.361077459254408,0.138886012981924,0.453533067796008,0.404421122257995,0.69704147558088,0.128467216472849,0.138318850207259,-0.00879768282659099,-0.19964464545421,-0.174475845411646,0.505045183087396,-0.000512668369017804,0.265871928132935,-0.0280316634138642,0.176320988961752,0.287228761742005,-0.0613210698846326,0.324297458626958,0.0309259948913387,0.0453776736492262,0.226591524411666,0.289499707511238,0.169397441305306,0.150613340310576,-0.0658430736491532,0.138518391104601,0.246528959273281,-0.0261405498668454,-0.232594952034677,-0.137018864031783,-0.0164804646848456,0.216833780500231,0.115949277574671,0.161087793125658,-0.0346142198401767,-0.107400108714818,-0.0417753614522955,-0.0447973372655678,0.576200233555222,0.772333949051297,0.404526643657425,0.482474389892581,0.461619166743771,0.467001063902914,0.35143190006086,0.545004771124401,0.0161002920921598,0.0166159526809227,0.16307315260475,0.399070998235531,0.00734360977779685,0.539772046529704,0.375309652371315,0.297847476003316,0.241842416655715,0.167111112129785,0.243537743437376,0.254227350162708,0.118720144796784,0.299485023010128,0.189963261297972,-0.00261528841135639,0.0559563896335891,-0.262612858066518,0.11989431506832,-0.123436339426814,-0.354301237568467,-0.139321735510771,-0.399282686486641,0.19069229745514,-0.215121740805406,-0.0259705632975189,0.0903957761334289,-0.053782921391692,-0.285969391484955,-0.208535727420057,-0.0556621798329974,-0.135934330680174,0.117365956226644,0.090657822624388,-0.02095786864214,0.033802304160716,-0.170573454495357,-0.0924921011976858,0.210324628643709,0.314578899151522,0.188652426577985,0.186744743607381,-0.131720727887091,-0.106524214346075,0.121259103607499,0.223126123333752,-0.158424959308703,0.0696777564027637,0.415483789450824,0.426391578116676,0.120681780529251,0.412378773190734,0.080700062963149,0.0770107690352918,-0.110449547015719,0.191723470121884,-0.180248455627372,-0.129519672224057,-0.0758259807904951,0.216173238263383,-0.0944202658100528,-0.0776515809160936,-0.252169519894994,-0.397202211316561,-0.123381469514725,-0.182671781793885,-0.324531260903036,-0.0637721071497237,0.105882207414304,-0.215276495920598,0.306368422616971,0.248464870717569,-0.335917693576695,0.0474318709581479,-0.145279329020612,-0.285521811840697,-0.217787876732193,-0.286769434853084,-0.225531975264976,-0.113330538129956,-0.0256511118026229,-0.251079225522786,0.0417381980351189,0.071587982091148,-0.194336900546842,-0.236841489381776,-0.0525977269745107,-0.0773912105444134,-0.0595976723296007,0.0532866768333537,-0.0419168877043383,-0.117653407585315,-0.220858768209098,-0.33458339233687,0.0935554247110755,0.154317580370751,0.30476169103648,0.321687780873144,0.317701483454026,0.453089892162879,-0.0491627623845767,-0.130514910928776,0.247369036429031,0.0426453934386044,-0.152983289290417,-0.286024886653569,-0.201826573505276,-0.272355166495277,-0.237190931423625,0.0485755601632451,0.315033343352373,0.220098012307973,0.213995933702822,0.180615864280215,-0.0344434950012549,-0.101028161399732
-0.221900790757483,0.622779473227476,0.409929213131866,-0.259391056275118,0.439467631660334,-0.220076883392542,0.101041355149237,0.509422516909791,-0.229024286947772,0.168821708181806,-0.0873213379238248,-0.0560059172554017,0.224247663156946,0.0361802299746428,-0.0918393547606514,-0.128771859568145,0.210277451183143,0.0189062966923868,-0.18949589673467,0.269155754140247,0.481077228952959,0.418571137799054,0.0993435716042632,-0.371083109088385,-0.30661622405149,-0.412711489217957,0.14036879081229,-0.0129482838924115,0.0698734856880472,0.26898205995223,0.365766637021687,0.289482619952248,0.222879401140431,0.410199092486969,0.232566511093323,0.332932518253945,0.229122289589623,0.539730990881802,0.418018438143355,0.302980235241883,0.820413155286059,0.152035990991569,-0.158373064165763,-0.262470453723591,0.400548815769087,-0.0468817121503991,0.236334516555237,0.441186643197612,0.440648628865209,0.80028502818574,0.12661074855158,-0.0651065572254502,0.0583842287949134,0.662346509727022,0.662795350253941,NA,0.519743025109464,0.866332625118752,0.0759677709311613,0.16327128217927,0.228957630335023,-0.128782975727787,-0.0163593092589752,0.0193186826366849,0.450324367937532,0.339684344741261,0.167362085305353,0.283508921243252,0.290612869099081,0.1383619761582,-0.119587862774169,-0.0646949091878034,0.0521112707855144,-0.249121607299805,-0.337123115678717,0.252485255076465,0.216970317500385,-0.145090027972102,-0.364546755137452,-0.231851504057359,0.373001186775926,0.202567495562605,0.128305854437921,-0.0734996675313378,-0.399590798051379,-0.392820357346364,0.872704947554928,0.362323036068947,0.0401204467375492,0.363349153425524,0.17695480730667,0.0498834001116366,0.310041420320656,-0.397686855897762,-0.323424834111724,-0.198106469397884,0.377082076904707,0.196569536058311,0.583984062818472,0.225092578742404,0.398556562642298,-0.192417219335519,0.443295940274574,0.687039033580388,0.313225765598453,0.349844063984994,-0.369621457921157,-0.107033716038615,-0.175850701317785,0.146371973557273,0.33278110768622,0.0735702482859387,-0.245155583596962,-0.0629700075074445,0.0220967149773365,-0.224759963731197,-0.060386759795131,-0.234310529583243,-0.152623254680951,-0.0796732142472427,-0.111295450399718,-0.160466280791765,0.0677230326740029,-0.161932322325724,-0.00944245051413756,-0.12359353866886,0.00563310467886976,-0.0814096255737581,-0.00512898347733957,0.123442760721101,0.50348259694596,0.561341862089845,-0.153623020045916,0.105840327254226,0.044610327566501,0.338588970166949,0.434306662833195,0.253914839942081,0.668791694484865,-0.323815604866267,0.000300789847447111,-0.0572421405865023,0.0988680922859573,-0.0118722285567238,-0.238277532943008,-0.263902761177704,-0.0849497384040769,-0.142140117035286,-0.0328642540822478,-0.246947218304009,-0.327238720659025,-0.0809635059805711,0.444849511628427,-0.207740512211254,0.254031208860058,-0.564356108639554,-0.304995764798065,-0.0157216434405968,0.14124652374578,0.369887385372666,0.32412937905368,-0.11387439197601,0.692862339551859,0.147156536980809,-0.371838977899579,0.61518925481175,-0.0549119865566241,0.0835092477925255,0.181116219554209,-0.493893528702593,-0.0793947460086011,-0.170613220051456,0.0313584873300329,0.124740698332083,0.131271060664758,0.151535400141741,0.303967048054709,0.123803484909446,-0.0295180252532393,0.391695874261732,0.220600671505469,-0.159045350991748,-0.252412435499649,-0.18961757511901,0.0590536949096981,-0.175587628338618,0.126567100850033,0.17295047918334,0.341774427464314,0.3180064189143,-0.0333875678125856,-0.206439858583444,0.08874478587632,0.0568072454451704,0.187620026588009,0.30770423856673,0.545496664788409,0.756539354559515,-0.168125494418362,-0.233938570402224,0.300292244242119,0.0703244388683559,0.758554752712534,0.404130829419112,0.116328521441065,0.0349619126389783,0.218229929075132,-0.125462049313509,0.692003948840464,0.744515287391696,0.649279745079135,-0.0043167742325343,0.512476126442652,0.240935402790604,0.604831905962934,0.51459933688775,0.697206297551287,0.216689208074281,-0.0175216016388052,-0.376057803908469,-0.115536227560418,-0.458481611519572,0.514507644551433,-0.0565288176272262,-0.0216255871576311,0.230635974568093,0.281833218106479,0.502833885284223,-0.0505767915155763,0.338715688124298,-0.0982160495261128,0.222578661796929,0.214421473581367,0.165834027076867,0.116129145717805,-0.0823649284205419,-0.249035264698645,0.320642097466535,0.350320389774077,-0.194749680516281,-0.465657104970863,-0.320827784725187,-0.138438160061576,0.0678478897973733,0.225280016004829,0.372817833345936,-0.110577736767456,-0.0350922679431158,-0.0525073722906169,0.0160458548652952,1.01503636449706,0.712902270868728,0.297051304359068,0.427672929657101,0.410682256120107,0.479414943311388,0.130126328032081,0.603626290289746,-0.238786745543074,-0.311372654841794,-0.21073419710114,0.168913068686022,0.0670110298819462,0.819142022373429,0.703133541953783,-0.007433251160619,0.320291707469035,0.0587032238056523,0.230339090475402,0.319749771895932,0.131814751694764,0.100527744607341,0.19858998418775,0.0602259924486408,0.102061684634192,-0.309002236017788,-0.13520717134045,-0.304858461496463,-0.0656419623505809,-0.260042481225055,-0.150486467965108,0.0708894859316808,-0.0735865237552142,-0.215080031814446,-0.129497533067303,-0.0381156563525856,-0.129867943204008,0.0679004148745122,-0.513698568683672,-0.0347051953121487,-0.1977213344839,-0.00187034182431106,0.269572284315754,0.173312683166568,-0.0159915909676729,0.206839395323659,0.162645026831967,0.563510885221492,0.458055805481157,0.0162931686944285,-0.100366147855697,0.0661578987044512,0.064606180206383,-0.043344615120776,-0.13885415646854,0.232952239635173,0.440242990764669,0.358984788495361,0.231123420259775,0.295791585567661,0.0424405626453582,0.0259654556370963,0.128750055088992,0.405843347199174,-0.316938476458637,-0.224846307714448,-0.0355307166564864,0.236377592231087,-0.171601599605459,-0.256300725498612,-0.338676897094741,-0.288096583775705,-0.162629806880656,-0.246382982318323,-0.323217145846188,-0.109198661768051,-0.162503584015914,-0.442345460248709,0.247961109888393,0.265253301874404,-0.133294246276088,0.147539512866678,-0.0209508083278941,-0.288593745265539,-0.164161593812306,-0.221954218148903,-0.164081287237113,0.0980726019791739,0.22452444360535,-0.10421160368779,0.0475064662006465,0.224990804700073,0.0284719796124649,-0.252122737184993,0.016266036587691,0.0806388684697132,-0.270095145484479,-0.106476814551619,-0.275072669040413,-0.315100038283357,-0.4984401235847,-0.555635866321828,-0.00413867325384771,-0.0163246713911577,0.566236919747659,0.452723543712477,0.512022308784047,0.437895934723673,-0.26272305692995,-0.381459318774894,0.411447673585366,0.196781184306337,0.00740176143295984,-0.142095612931482,-0.185534799138851,-0.0983449287845906,-0.0825672810330024,0.0444659861424221,0.435803737394765,0.289447718699652,0.242085047461267,0.288673070558685,-0.023418123401531,0.0270604736673783
0.105564261220276,0.861382733610744,0.499007648778182,-0.0529930833586151,0.0501106676043948,0.0425997850596376,-0.0571039615246627,0.766939633175784,0.0168934682900077,0.463251528614834,0.0497302371715616,0.194782355575878,0.417571819295294,0.212773841753583,-0.407408995295421,0.327809449871018,0.284307205726098,-0.0289377359305252,-0.019453511353246,0.42643209099613,0.863061349454717,0.278862353097641,0.0228717660497299,-0.414199043023427,-0.00916907531395951,-0.118612227101665,0.33336116802295,0.0249262643604313,-0.152749385475766,0.42194160550248,0.64627631059154,0.498283856550136,0.222126108167174,0.483888925520661,0.537681806118188,0.611623523385193,0.623959195239518,0.665417115027332,0.258001951053955,0.0172419097631003,0.432625627127757,0.261071644221808,-0.177833778222904,0.0165059900288097,0.262277699467192,0.385009711846376,0.650040477568714,0.427382439809462,0.553414960473695,0.822013547489665,-0.181514792827052,-0.262426045100458,0.508535473833992,0.288062232653972,0.442153957240704,0.519743025109464,NA,0.479831885679086,0.116842414727504,-0.106971437332693,0.191408043972737,0.167200038476354,0.0506779263802643,-0.00212222466883273,0.355617058578248,0.396656713985243,0.399557631148585,0.520318405946047,0.300177390783727,0.580675538020717,0.175147944589985,-0.100686351326851,0.179608631472793,-0.273763123690756,-0.206341715924245,0.336609640134944,0.624364844150415,-0.17131838560158,-0.326897501984662,-0.171072733577813,0.416052357848861,0.105831252794145,-0.0147982942480856,-0.251852178363735,-0.443389145234659,-0.336527826186389,0.40890100576929,0.185193746962054,0.322878867088627,0.706381659059706,0.213861159959953,0.151236064451057,0.520940261150806,-0.0531767732596027,-0.060983445166009,-0.260345945608532,-0.266178470086117,-0.316222540232136,0.511405832992632,0.0483836188005373,0.472216733356536,0.0627171759461409,0.731197191729741,0.379275513379601,0.358901675255592,-0.141266800730616,-0.328682869686237,0.119393010031164,-0.0745318564751715,-0.222665166650559,0.429305470263689,0.0297943953244913,-0.0254585628503833,0.227868463517856,-0.119673647679881,-0.213208016946145,-0.0774844684940643,-0.262308330753049,-0.14219707378588,-0.204318127310353,-0.209910839321508,-0.251652630891824,-0.13034308307105,0.164142150033891,-0.0690280881426837,0.0286360530982705,0.254603349625786,0.321326607168938,0.0210199243661861,0.142518215629785,0.555282195696336,0.372838869444586,-0.130252050258019,0.353743741474623,0.077020349467177,0.448744279301321,0.407122492052969,0.0526491134086242,0.194012504058057,-0.845708680050232,-0.368805654677015,-0.0529395049685186,0.067406364505658,0.140320214401898,0.128709144034796,0.102639137183634,-0.201573576622989,0.031969463998989,0.0779372914970568,0.0470262286219841,-0.150049525981752,-0.0386843531844619,0.311379791611222,-0.233983231631405,0.176332696636523,-0.307360418782768,-0.254671865343018,-0.239192686786217,0.0618249898115337,0.430628173161044,0.395948251861865,0.0571854077060223,0.922868358829898,0.475633385780121,-0.192650649183216,0.400842210948909,-0.465326548751949,-0.291305294713092,0.378303656327755,-0.274760034325049,0.507022669148746,-0.110350546157306,0.0348051812829276,0.140301223538427,0.0444230145649264,0.451407105610726,0.749608511390393,0.1671086565689,-0.15069772708218,0.882840675187734,0.121057234162713,-0.359679660142578,-0.411554561110431,-0.30138483092299,0.438036172628217,0.112455311186272,0.143239139818348,0.362590750876799,0.738972991019079,0.671131235958384,0.231415625378217,-0.0300664124986571,0.499897325216697,0.338458685243184,0.352983924085997,0.42566464166463,0.60121323236385,0.157002575795674,-0.239181913563867,-0.499831248238564,0.460015317225678,0.488960733382144,0.438094476316079,0.0692133731748778,0.410062896600603,0.386765573372565,0.0884568530545499,-0.429996575602655,0.678702089356839,0.540284321132338,0.229341652792192,0.438810821923069,0.704164623571415,0.769987015362914,0.331101148352885,0.589107934259405,0.672202421665178,0.238751555783832,-0.0509918943769469,-0.271273172105059,0.14910978215128,-0.239617562021948,0.794665055544544,0.103146925913614,0.266022383863425,0.186277542356064,0.585681999269393,0.389385759030916,0.0654271526793022,0.587282290596324,0.141382782094846,0.306964210925444,0.557968063047167,0.280815520029273,0.0685792068137317,-0.665184620968517,-0.423736483685612,0.744490899794429,0.408328620685261,-0.422757564093304,-0.474856712416667,-0.594687153359796,-0.486959584005673,0.56098163668811,0.216257483848973,0.53067218108959,-0.364078354796875,0.0171641918379213,0.0658712670339126,-0.150332449124253,0.528604316355671,0.505477975438103,0.116398222770833,0.382425640298883,0.687944088776773,0.388700647603662,0.216068742494723,0.345735119217459,-0.242786898689373,-0.575150360743443,-0.353105836604396,-0.0668558632426364,-0.35431419880372,0.861785285467834,0.21165495024442,0.320984130138854,0.589025756357555,0.462061148882895,0.61020583082099,0.451377042029329,0.0225696452897297,0.0969549318894986,-0.462814536030512,0.215133425621956,-0.0119888434688185,-0.115979528347509,-0.509297686297177,-0.125378696306925,-0.221865581510766,-0.472389800062453,-0.229755491455818,0.0153546849135695,-0.512746453509173,-0.35591362858149,-0.162588584764671,-0.00905343597212182,-0.254038621503378,-0.10256746647473,-0.236904470645564,0.27562739666137,0.200787746903853,0.197960048138653,0.385883835086622,0.202920342576314,0.0659036469709121,-0.162447950357748,0.363818416392353,0.385805057459785,0.330344953421469,0.265691740617919,-0.11833864557673,0.148648549324613,0.145391201634516,-0.00195968500528072,-0.188477220467671,-0.0886501549602141,0.272104720932418,0.325685986555318,0.0108635300677315,0.368505518833631,0.285440472149277,0.074969429255605,-0.190997508972574,0.118963110084444,-0.284524677194738,0.105622941856884,0.21239254887231,-0.147738957598174,-0.442017992610104,-0.411505708983708,-0.215473201133304,-0.154475584792236,-0.118033202047447,-0.0120374280130718,-0.129631933526128,-0.325516916363665,-0.573151964494026,-0.864245793550131,0.441336146267191,0.290782075197282,-0.0175095269908573,-0.0295380319844211,0.0862913948393354,-0.126098380067947,0.019150835548513,-0.398413674183064,-0.292359600227811,-0.417184010705669,-0.319935096415347,-0.331712371705575,-0.247265143848563,0.261128226581046,0.236079593299023,-0.115733750543703,0.220563243179911,-0.294296382107345,-0.492408603998338,0.0262140212206775,-0.262974956087651,-0.145713030233483,-0.378639044736748,-0.152441022585825,-0.276842790478728,-0.0843559290908523,0.40756284373585,0.438251588064677,0.216555084496734,0.326338634742119,-0.431614763096088,-0.305534637288458,0.444054908743374,0.105665377796687,-0.0652324056998585,-0.138412223511825,-0.291625076808358,-0.279360428724644,-0.251474824216403,-0.263204332489454,0.344109684570695,0.391821869061981,0.191833571941282,-0.0471550280960408,-0.315944810988282,0.134214264856924
-0.321172819135029,0.742828517551399,0.54139636550257,-0.371562437409202,0.29596900606072,-0.151770594039096,-0.0354916191082952,0.543909864005488,-0.195706455107458,0.322192355782193,0.0878887215178626,-0.232618639883008,0.359795434708306,0.223856646601907,0.0443712175300266,0.0434819424498588,0.359073000797247,0.0356790381301059,-0.275647848048052,0.326718071751549,0.451624034164517,0.662904245069985,0.165349477613738,-0.264446748212934,-0.234416729625407,-0.516740050574441,0.163421922815402,0.00444490327014128,-0.274428596903043,0.374906289217464,0.291771061086497,0.339269144087688,0.324746904532728,0.34858141031681,0.536595711442972,0.535166745799876,0.377563498522193,0.801560047983725,0.252976111904846,0.0194514394322202,0.619503496105067,0.0839716526611371,0.0252383588798652,-0.227443805401931,0.635261562687893,-0.113518794452777,0.212061439466782,0.292277924079018,0.617301423137723,0.73120861918882,0.0971061674433666,0.038909211654433,0.2297546227997,0.654114588756093,0.72089604415892,0.866332625118753,0.479831885679086,NA,0.289726027848626,0.270082939373496,0.121114157428234,-0.0521106421737616,0.0338274816711491,-0.00743521585014074,0.32473388984844,0.580573537918343,0.354772382075412,0.461548954118532,0.287457393606483,0.210450136145435,0.127910183909763,0.0626610465894356,0.0807065201680877,-0.404220224796154,-0.257608537246266,0.187538100706178,0.610490873505157,-0.0962080708016806,-0.329313962483171,-0.219901858607773,0.370300932723253,0.232076699508267,0.187825072736794,-0.143895625699741,-0.409692100424788,-0.394925242680926,0.575711002146961,0.104829148011057,-0.125204313438844,0.43448128249726,0.331719114039903,0.0980936085628823,0.216124450669419,-0.268024816044902,-0.194162843436198,-0.056439136357478,0.134837061998542,0.00850173013266632,0.347758681288111,0.0131687297279762,0.337736666594567,0.00974379466705747,0.39731227398546,0.567243830416061,0.297922231017294,0.261032420329703,-0.160984568939149,-0.0591984143907966,-0.265576313412388,0.156984152766297,0.356167278859509,0.12529943801343,-0.324691267772634,0.118632171995614,0.0498047778316458,-0.357546597672568,-0.133572287383624,-0.26572980189247,-0.293416648263595,-0.224065462490086,-0.136593903126417,0.00664002471672986,-0.0283722938835053,-0.193952072541388,-0.105404676113651,0.0421086676537493,0.190067244282955,0.113859491480441,0.175881497611214,0.196294200891098,0.573153207795047,0.425640418206652,-0.104160959411643,0.305072620681332,0.200646781487191,0.32913957421839,0.490589614248298,0.307056838726508,0.471737974664444,-0.364781975151428,-0.103788610360745,0.15237312561011,0.186281146035894,0.0416820695586878,-0.15073798215422,-0.152867134356387,-0.0497693426543097,-0.0636503081393337,0.00713360281862449,-0.304918078632935,-0.236861254824206,-0.343315095777802,0.462457488008799,-0.255510881573297,0.278942322441913,-0.500609417793105,-0.140092220660732,-0.0639797869438835,0.206488919179879,0.557824799765758,0.262914944246317,-0.143659842143022,0.725280891752216,0.180698650876951,-0.39287250179873,0.477857285796708,-0.0358051420878565,-0.027505874664797,0.426747400011406,-0.193453203160661,0.0641968436203354,-0.0696765840405611,-0.101577217015879,0.195798722169584,0.329606021424732,0.349723999255797,0.490979044960823,-0.0679954006171204,0.109433854663702,0.343645667579,0.0413586720464924,-0.221879157678243,-0.341601890253549,-0.385333969237447,0.161518126559643,-0.364892599489074,0.167475339151562,0.235981127945838,0.481509981002023,0.472175158904871,0.244335938845928,-0.0739386005410591,0.343612305967949,0.0748459630827265,0.387462827277494,0.479692431414661,0.687741540518028,0.55823449433106,-0.267136476621642,-0.109678884618744,0.504469798442843,0.159861248648124,0.447274388581507,0.297805417330558,0.204242899006482,-0.132186167018207,0.346324556991505,0.0527495172241249,0.700468427493347,0.603398139944651,0.380486393324505,0.0747501760455163,0.301297680525164,0.309308377726933,0.483935739344883,0.807643511077606,0.718398721967799,0.213477293029506,0.0635863536563411,-0.208384001487859,-0.109548462124657,-0.411283249515625,0.668001053802214,-0.0878230397547589,0.123228445811411,0.0479497191136158,0.29184774824951,0.607733628937276,0.108420816272545,0.604455125455919,0.0859476401326115,0.162511230222321,0.280228082507456,0.277880065080519,0.143147765379841,-0.0542402569888509,-0.202026336634891,0.320490587750864,0.562959369220584,-0.111022138729414,-0.422650202863213,-0.336867123497308,-0.10392772729573,0.133112885499404,0.330825198509952,0.444111559588999,0.032374954571883,-0.0182040239097799,-0.0612874613732331,-0.0486820693838151,0.606249714445498,0.523469654299725,0.174603322087568,0.380183647042697,0.500553096179375,0.492286103435591,0.203743063239494,0.527680026339312,0.0171752478600069,-0.133881575512197,-0.0254506291189522,0.30074202650162,-0.120123280248292,0.530746337194803,0.629362327001379,0.192842159649965,0.334888134754416,0.239998769070703,0.387998924536574,0.354166248272393,0.120365149185841,0.342550915770803,0.0285931375060427,0.231125608329274,0.109860134725259,-0.369282827993911,0.00989665134761662,-0.179647248567011,-0.124980908168781,-0.294206848307493,-0.22044550506382,0.192638901155404,-0.272225522628465,-0.183321409937585,-0.152571731167559,0.172544706325223,-0.245987561908795,-0.11430743323379,-0.286517144678459,0.223335562020705,0.0871717749246131,0.251606061207569,0.394276330561037,0.176582247868714,0.181317862872543,0.0102110079484361,0.231973147940649,0.523966773324458,0.651941358143141,0.137928797664363,0.0093167550969511,0.229369326176998,0.18809923051336,0.0820677767490574,-0.0684397665850353,0.23923960241485,0.500451555383446,0.363071801281319,0.109450007533934,0.402328226729138,0.0696668393269222,0.303553994484878,0.11117259803103,0.364949153196871,-0.245059107488567,-0.242989893110029,-0.0845784176125533,0.308243467953019,-0.0291024907839592,-0.0516000168708838,-0.225727696626383,-0.184151829231617,-0.230869631484897,-0.187615660784959,-0.301678577687104,-0.0663449740429574,-0.0164547831952259,-0.294247675501672,0.241685568098684,0.450730448237289,-0.044236307324601,0.089782439833381,0.0718540369920301,-0.353773099525094,-0.234286577615072,-0.383833715345043,-0.244321122066367,-0.0594534484299669,-0.0597551125503364,-0.0941395142232364,-0.0721096278497841,0.294244832679331,0.154000768681976,-0.12103864752005,0.172414791245654,-0.0188073857022302,-0.270827154871549,0.0459771648040498,-0.0118228224343062,-0.158323162800162,-0.246214724215732,-0.41760663967798,-0.0122184932757177,0.0239426128343432,0.454951312666904,0.354771249956811,0.513478256211793,0.434699408965697,-0.0362670057509277,-0.332161692759351,0.523297972323842,0.307210772195871,0.121508318636152,-0.251527543249927,-0.130698707198006,-0.0465272109012857,-0.228614826890884,-0.0508698356055698,0.42445316874214,0.326528070485322,0.284509245839714,0.523103799464164,-0.216398161973427,-0.016986070426649
0.0757745611813859,0.248699241254539,0.297257884810823,0.125437835215488,0.00126128208401853,-0.0210761489080995,0.153408288964919,0.229350751983978,0.021495422848833,0.322649858896214,0.0301326770448436,0.0858566500765189,0.223198596566422,0.284676395600586,0.0590989291589902,0.0164786067169452,-0.00489112207188447,0.0501092148211267,0.189934382700379,0.260218914884253,0.124617845012546,0.405731758422056,0.355229631343686,-0.0363914558366266,-0.0538337800358471,0.37525628121151,0.124173501851785,0.221754601630242,0.217925723625545,-0.0042727940726246,0.313942967742191,0.290368451445027,0.307376322282987,0.150441549507096,0.481490280998695,0.464573374126058,0.354194615127216,0.644529918564561,0.392813777592642,0.0436331003330632,0.183567766795677,-0.172647471259451,-0.0394647896062234,0.154877619874495,0.622353151477875,-0.018014727390652,0.414241586553793,0.115229771728155,0.2684465663914,0.10909288527226,-0.239122680105631,-0.175513745417479,0.158919043967959,0.117133338293554,0.021656090678251,0.0759677709311613,0.116842414727504,0.289726027848626,NA,0.169861156943236,0.178622112143383,0.024901718094731,-0.0193370741599265,0.0892902087655926,0.241592708788516,0.253117601653539,0.172900545760083,0.175308632672245,0.156329762087891,0.352130195712007,-0.101962461720425,0.0330311040352467,-0.00948194807775965,-0.109920507269919,0.0186262179098534,-0.179360037534839,0.288046089235066,0.0600541421350936,0.083930701736715,0.083573773335574,0.104868703049571,-0.00675798520833983,0.184307089329461,-0.149596516014174,-0.147712716290331,-0.0225517657516248,-0.0822281003293783,-0.218233405286032,0.0330394465195372,0.21681655806756,-0.305917920732124,-0.302305293548756,0.0172259368559962,-0.0607945866937767,0.0854558748435865,-0.0339276680742814,-0.127243682556011,-0.079324399240691,0.0833856026361348,-0.206594933674055,0.0709664701570152,-0.011471149369746,-0.0312448827886441,-0.0826758968347833,-0.14414048199148,-0.133101369862569,0.0934073132454967,0.319932020187534,-0.0519276861085017,-0.0979770809783024,0.144262976724396,0.0519586855177598,0.018632337490812,0.0791991805091445,-0.00263658018053856,0.188803667483788,0.304101897859306,0.149680859630243,0.051429188301385,0.0750956082323792,-0.013311938505256,-0.0445892683141963,-0.0133310398262861,0.0567736826259252,0.11913362578168,0.292445726200875,0.0892926079989841,0.321401544396977,-0.0499399320189906,0.0513998315692658,0.2089100060638,0.074732486738754,-0.221934314777458,0.0593382329066119,-0.110741647233792,0.27767218605171,0.158087835211189,0.00623888655285756,0.0472549009893701,-0.189192078541963,0.00536067465547713,0.0513433514306032,-0.0611577301294046,0.113254804862423,0.248215508072169,0.195985070214981,0.135960947699116,-0.0933967577362108,0.0129117741850774,0.14791361132472,0.00565857480470708,0.250555416552903,0.166174727823459,0.345722167767949,0.0492988558585314,-0.128297053559637,0.0192640456593913,0.101402018108052,0.03200098317088,0.147957667831956,0.132030760239732,-0.00104286104849089,0.0661324651405431,0.0764210162868942,0.0832017550638567,0.117654667899065,0.0199821833226786,-0.0389256858442484,0.154030146007237,-0.144635956377413,0.119144932187423,-0.103047261357116,0.170507592573198,0.311154222435385,0.232316252612048,0.249182050806076,0.304082162719184,-0.113476880708857,0.100141895059798,0.0557354384459739,-0.253917751370652,0.0189876287355204,-0.0517573082860883,0.128926244177495,0.0643307737193193,0.134608614385311,0.164499723115033,0.0879443377078021,-0.0138658226627652,0.191246959342899,0.250498180936301,0.0285589691790844,0.363427886189726,0.386613129859613,0.586661562025579,0.0399462508124577,0.318666483390063,-0.0616876867791867,-0.275127652841977,-0.021075533997079,0.465364269284519,0.26688648306233,0.10684337935309,0.144924663810767,0.552685212109672,0.00618269751473191,0.20692236196122,-0.0733638296612547,0.0805164999123416,0.138440352367711,-0.150235764016123,0.0123131486801035,0.225671063027934,0.273771845965633,0.17628024332192,0.505639678300231,0.148021713354403,0.0482278470230748,-0.178508532336755,-0.0451879977472446,-0.0961821389988388,-0.0649734579216747,0.0916887761222627,-0.171553311269941,0.131500713614945,0.187616448880465,0.12093934573011,0.22932970081517,0.114804253398126,0.241927246982266,0.264108427999336,0.520488388895759,0.0944207624922791,-0.0441865328081171,-0.052378439457984,-0.0540808167796694,-0.0814406326596961,0.25808414166381,0.349447005782014,0.12110467429918,-0.122597029187392,-0.100629552960933,-0.0308716312728079,0.199043421494208,0.0478406701910551,0.166409654797455,0.180312307843617,-0.0700721915931721,-0.0788889467330677,-0.0231384956400008,-0.133657684564693,-0.180722771754512,-0.239699348885045,0.014493875281399,0.142508979815393,0.133109173006381,-0.115729054200043,-0.167096415597893,0.0218727535983906,-0.0922259315465494,-0.148669312869194,-0.302250612126239,-0.178101769455463,0.116683369600432,-0.0659720179943372,-0.173783533605175,-0.0381698150680015,0.158170691539845,0.112435419676146,0.0579284104520732,-0.147234514832219,-0.103059611952401,-0.271841675982841,0.138922950992798,-0.113865245626004,0.0247158246869883,-0.0985073886944132,0.0322526917797133,0.209077956020068,0.0197939174208046,0.133402018323123,0.12240414875486,0.00197037360430058,0.0126082841158903,-0.203928049917595,0.142575524187242,0.0737387641789716,0.103692302582103,-0.130516778286307,0.29511313726442,0.152785608900833,0.127947516643247,-0.00380280499326786,-0.119289958237169,-0.0190657143501138,-0.0356382664099649,0.00980307213562697,0.110954981617496,0.254998848475348,0.0138415687700823,0.253471140470067,0.236295214989315,-0.0582072485850568,-0.0931628155239467,-0.0674973360370426,0.00759350577682057,0.194099284213818,0.199220475086716,-0.0248353429157823,0.261537618776512,0.225353861027243,0.150270930537758,-0.0919838360671846,0.0643920986319848,0.132542236116702,0.12706947169844,0.0899600689292983,0.106303888380363,-0.0402518177244909,-0.192092273252395,0.112129475271055,0.189898662355903,0.0014151808464827,0.124632045490777,0.20707161853566,0.0241868675857947,-0.0428856517986607,-0.0398682860674156,0.0328826589040701,0.0802002932530661,0.316907232298992,-0.0225941116883597,-0.0960914326539147,-0.0761739083942335,0.109192104900666,-0.0503698374231904,-0.0148230110207878,-0.0639698539716644,-0.0324990088989462,-0.456472294232447,-0.087224649440451,-0.0443809185797231,0.124779338501656,-0.248111168283298,0.190732668708576,-0.0425095157073751,-0.0954584470145542,-0.0288555066115526,-0.149547725473001,0.0256185923323841,-0.203112702541262,-0.0220324054956944,-0.116549001012219,-0.184867044896909,-0.0550386308709891,0.052223598777968,0.0986055460534664,0.00408519566648153,-0.16866884743465,0.109198514873215,0.163721960883631,0.142769813564482,-0.135628811826826,-0.18056274003934,-0.143805828902223,-0.0589810952900848,-0.0878074813410937,-0.120589140653334,-0.00234520041419396,0.259989601216874,0.0723395861656577,0.14082686892004,-0.187719310628681,0.139461558138237
-0.46705591397157,0.0251208365221875,0.0331932150149727,-0.166581632392585,-0.0644388310198658,0.0949993819616343,-0.116134671376169,-0.00300115041908993,-0.070396010873096,0.344040032630609,-0.118330458514298,-0.297014877701248,-0.184713808248329,-0.237565788645118,0.175570269310859,-0.0894671185715101,0.021218626612952,-0.178992062737133,0.0220990292940434,-0.187846866251898,0.0185808282375511,0.525132584154223,0.181441036409055,-0.065984533600096,-0.0653218056142061,-0.192184012046482,0.11238252769243,0.0794291075663519,-0.208750645717819,0.219057536652714,-0.0787432655640916,-0.0704185535501752,0.162515051840442,0.230422976782879,0.146927032304057,0.181144279596186,0.0891949794709982,0.199134935772196,0.260819312665267,0.0974301716377795,0.206731966581507,0.124637623678271,0.234284713164134,-0.116293507376813,0.24916672423148,-0.236471415634394,0.0553583272232114,0.0551077632859898,0.296097123640778,0.0586849317696964,0.0949380285805473,0.157764041596067,-0.107966561983011,0.411557889035613,0.313620586696779,0.16327128217927,-0.106971437332693,0.270082939373496,0.169861156943236,NA,0.171200669884302,0.12394951661147,0.35706537641892,0.651353694410229,0.190055846712382,0.307091770531513,0.248774681580814,0.208399730133025,0.393157270691356,0.0146686612009089,0.00923893875953434,0.44115134392944,0.0242987128185867,0.0524449694370539,-0.0383149580592332,0.171769175544311,0.147539463655785,0.058826559182127,-0.135272980184243,-0.0215129853106637,0.396473852435118,0.382843772702154,0.0284073688471683,0.327567199082068,-0.0199355913999538,-0.173145484838651,0.0159539512275605,-0.190405126324104,-0.384339900117751,0.160353878259881,-0.0652473192393469,-0.177645213892495,-0.0931017539953183,-0.23898003462398,-0.409391897703384,0.00483430920487463,0.0807210909394425,-0.112613958752637,0.00320819639191846,0.0687045709304782,0.193126784100127,0.215843314169672,0.241159829986347,0.524094862313236,0.329608282792583,0.360116826084197,-0.023320093127255,-0.0406447266441623,-0.344883508726334,0.0959601894950907,0.268003930161857,0.472616281433882,0.0872964240955934,-0.127954250883748,-0.0396845880232941,-0.334772509327735,-0.158138944827239,0.0956731448353985,-0.109720617522128,-0.255507709187123,-0.0641006365974629,-0.0209689437758332,0.0256273677608656,-0.109453336110121,-0.364277964161535,-0.0321527725829374,-0.0156292472864334,-0.136188890976689,0.131160811036576,-0.331739157860776,-0.0647302528423616,-0.058783795754031,-0.0591862813175934,0.0297668514061055,0.178855434911213,-0.0873159575353139,-0.0120670026375631,0.0323327995563361,-0.0305180498453049,0.11051934089911,0.0768744422666618,-0.0403446498647533,-0.330377727558944,-0.525026401328822,-0.120206606686685,-0.107677396808488,0.0350012180648538,-0.0184000556175184,0.111002934924838,-0.288914061127708,-0.158704737332204,-0.406615252511691,0.173876863593448,-0.397367372279575,-0.0284928064481598,-0.242801072480732,-0.0304905134685294,-0.191439076069287,0.0330337140049765,0.312141230312818,0.193029463805342,-0.369408272777161,-0.045451053094243,0.0179624198154549,-0.062432769098783,-0.127791732339148,0.41028253495412,0.24687806503674,0.0509073135987013,-0.112179625892785,0.113621694289348,0.267658251877707,-0.222000121093999,-0.401668145439897,0.0655020351683141,-0.0583211315456672,-0.121786777750956,-0.125932211777707,-0.0449769915979627,0.0217363935197876,-0.115302296679544,-0.026797878408676,-0.0693158193471759,-0.219787879562947,-0.0162434717498473,-0.451226202700348,0.194785700131434,-0.0741193429871137,-0.0231974882967162,-0.103591741221391,0.0184241418868805,-0.0923597579680848,0.048366012102482,0.00507651251411067,0.115478424961636,0.0556795250951853,0.152770663185444,0.104673328503936,-0.17806671092236,-0.109218726632927,-0.106809891848153,-0.0927077375917207,-0.00999016412407888,0.0711449775507123,-0.00630906924788738,-0.124935996001479,0.473032691874047,0.184585005487791,0.198428579799075,0.239922757209254,0.119039566622832,-0.253884735831239,0.0619614092809537,-0.127919170241204,0.486078883701323,0.057834920812358,0.135687101757946,-0.0234244965618306,0.447387638600416,-0.00596265863718003,-0.0865225494377235,0.0211561180302275,0.318328457293828,0.0136257113468125,0.0569415248918101,0.0154983521718326,0.0829038639577612,0.190329553132544,0.205154130457091,0.243425449405169,0.173259637924023,0.0962255199406204,0.318426416038803,0.0389802962068514,0.296635432810202,0.364743863146822,0.231359819338858,0.126410802855042,0.180404218009977,0.107996747581226,-0.0279438304932848,0.226807886346909,-0.0164543916094466,0.0662337259583204,0.439260002606616,0.177718359597633,-0.00677561058065067,0.295427210629472,0.282533262492041,0.329086811306524,0.0437157713551272,-0.0322220918775378,-0.10812511453353,0.0271441132997459,0.240823244032933,-0.0303110895104904,0.0201222777587882,-0.0603257867020842,-0.27452656870489,0.0716180862977351,0.10463770730677,0.377529294705531,-0.231841829041276,-0.10930074353094,0.0332924115368243,0.137174208355759,0.0462026527552396,0.0992411768954254,0.222874165259986,0.20028144125619,0.307504781863438,0.176824868648262,0.226440511031735,0.308718189587476,0.509058812344653,-0.128964734267267,0.393658209245684,-0.0275518483119756,-0.360573412171645,-0.0448513819849464,-0.177953167749809,0.20320388933674,0.0889591614672828,0.429846911803377,-0.13818242391897,0.0477595899332797,-0.198748228568832,-0.264945850660794,-0.0578655534870187,-0.17860877308387,0.0649056525607245,0.0648936876081985,-0.0372640855573095,-0.255628730731482,-0.264584720440865,-0.327353434267281,0.144083640922853,-0.0944921159417607,0.056477463316997,-0.0246586735278777,0.325728846039245,0.063106640380909,0.0941914990943904,0.206108259173554,0.423591088466629,0.213445379450973,-0.0557527060491578,0.0564427284704285,-0.289288069070197,-0.025786686534749,-0.290007486446594,-0.00470786561180231,-0.183413387381089,-0.068504639954994,-0.209429326946153,-0.0925933576459973,0.0340269505143127,0.294736650119015,-0.0054673524441417,0.37965277899037,0.0752005068193224,-0.269085213447453,-0.211722360405645,0.0568868044005895,-0.188408612505837,0.0479780428565063,0.1717690703349,0.185755448405907,-0.109018356264671,0.266072540930189,-0.0594493734746676,0.202854945309724,-0.0373749234485294,-0.0994200682429578,-0.0292159479709082,0.0317714818194042,0.0131530330435503,0.231368656723202,0.266825466307951,-0.00236252285707814,0.322566829142074,-0.260191825198375,-0.3466148658531,-0.185660886325666,0.14968183978828,0.365163721186279,0.159782040914097,0.0267778686821514,0.0460179911863342,0.0474321874018441,0.0571363392375923,-0.0947388896650908,-0.00171388824642726,-0.00487202450677635,-0.159527738675667,-0.020787870394799,0.0982076754194283,0.156040028032845,-0.0847478419488994,-0.0726488899882696,0.0746629440004117,0.139518013606192,-0.141319075977683,-0.229132030273684,-0.013902505120938,-0.0918693788376826,0.00854752436251241,0.00788342730407957,0.0474360058589429,0.299367273166163,0.0843282829900579,0.351259521414542,0.131635774273002,-0.231768789800206
0.336585612242574,0.223956443905411,0.132399170070067,0.104479438322637,0.108000312971598,0.30718195487704,0.242679936223233,0.294952326374907,-0.00825484655062979,0.327808252417697,-0.466835025920748,0.144410695383455,0.240597747362862,0.0178969026585481,-0.152853147972517,-0.00249729380364046,-0.0735014756888719,0.276144084061276,0.256663994830227,0.19614290804194,0.214963342834856,0.184593541779316,0.199744651210888,0.155113410293726,0.279174158707857,0.126829151266356,0.12568703572561,0.185423479062009,0.283589460219744,0.122671006375728,0.125049171533616,0.145642382688733,0.470663620345626,0.0668396596065867,0.289809296092535,0.26468247698714,0.134091882811274,0.30003102720531,0.177284333990061,0.0314192972183027,0.0649376687366982,0.111062891646768,0.123245795021698,0.154253347307877,0.395619965067797,0.0996062338500091,0.423227340184664,-0.0620601589106655,0.0690634023509873,0.114067550594501,0.0333449841532887,0.146358863521538,0.151861302653598,0.144638896186793,0.0324943033287058,0.228957630335023,0.191408043972737,0.121114157428234,0.178622112143383,0.171200669884302,NA,0.396566400926978,0.0234158754986691,-0.0457648528534256,0.730348643704995,0.126125449893864,0.381009140535433,0.0111170974849628,0.363147465464891,0.338693461051761,0.240348686150347,0.0536116234006712,0.0226460264482948,0.0123105645009295,0.216000350709527,0.0502910132316608,0.0873656755232982,0.0823784967116594,-0.120651599801838,0.0926487162061355,0.0545920707915487,-0.171574715636359,0.0675635910486518,-0.126321486607978,0.10352714493885,0.0901097018561003,0.156712827919011,0.278394573119564,0.342068399890471,0.359485050746901,-0.0730132486275203,0.123003108316917,0.417173818505836,0.0975166679757335,0.26544965170149,0.208583146623787,-0.0699275014278147,-0.153390844495804,0.216829111707849,0.0518171099216641,0.151074227644864,-0.0809875797577299,-0.0121961611313121,-0.00377316096596548,-0.115477297800824,0.00601364420551934,0.156344490477765,0.308479413200871,0.127060320167521,-0.037960661703135,0.143342821146332,0.0240097767746124,0.235803023308307,0.27267987963008,0.128076723822302,0.0340048954810046,0.086327151762743,-0.117280108491983,0.160580621604856,-0.0935643064138807,0.137824328884788,-0.0286353003739426,-0.0726435615436926,0.21284731625775,0.0802418950318176,0.176527780700965,0.16266712731954,0.201489414131106,-0.0331442428823291,0.0526847935999208,0.387428254635954,0.075049251879932,-0.0234073185760764,-0.158103585948303,-0.0686780136364437,0.390469531658281,0.310252360059641,0.0416259956606779,0.159307345437408,-0.261231212824845,0.0738287311799405,-0.0686733051365506,0.0848491942633982,0.0466775811889926,0.098728060364455,0.158473077723531,0.248519378498188,0.0927539310539909,0.495788227922809,0.0644680404762716,-0.00828175316799189,0.110014675114807,0.220304193949569,0.0500456551096952,0.150266401138154,0.0536076042915004,0.182199799333207,0.088803684279148,0.0971822984986716,0.0804086633700124,0.422816706725101,0.24368748711461,0.144681267145905,0.160306497817359,0.299101778242266,0.206799341556824,-0.0394486687781679,-0.292923248530661,0.191442464988082,0.0207009913281853,0.0182975634695857,-0.0685325196267405,0.24117879461094,0.198133171458818,-0.0664756813044628,0.0247363630554693,0.183643672678061,-0.0147435589418257,0.0862369911294381,0.0529513599355615,0.00703903333340359,0.103977816695908,-0.132416388920887,0.192543339185195,0.0316405496079507,0.0385887474602957,0.12698789660911,-0.0363241025115066,0.256959291360515,0.0371107273865184,0.217200200642749,0.215331534909893,0.23678072566408,0.214594068368087,0.133833307928526,-0.216662029913745,0.142952035927217,0.0588680935504721,0.0410864959085315,0.128070129117628,0.262869599740345,-0.000412522511714907,0.115079306395862,0.0425405775936633,0.0597112242040476,-0.0842787205014299,0.0735102397669688,0.139173788730485,0.158685904144708,0.192548102157719,0.133878440294305,0.160226957308378,0.452401368551968,0.167220549205315,0.403650700467239,0.185085146662221,-0.00334502965616708,0.0358467988465421,-0.0141741694112313,0.253939151806911,0.230468171466279,0.367844342368938,-0.0573861827286131,0.121826081188948,0.360090139502408,0.258939297298375,0.489994984768492,0.260481196322593,0.311539197584824,0.185453884148843,0.344784205651958,0.306727217066507,0.451976368315493,0.0783538748344903,0.204937604598258,-0.186203705098794,0.320886563333357,-0.0208281224644004,0.16041099439875,-0.165245870679079,0.0621540586493724,-0.042537108558351,-0.141784608559132,0.414429407784763,-0.163738818356871,0.0427959325290474,-0.156743354418515,-0.0226270826182203,0.111285882190219,0.0523164496854651,0.137604614279708,0.0712305548468879,0.23034193889728,0.251703505730865,0.409298309540382,0.303144417763835,0.199210324757333,0.153019303448333,0.11268349115124,0.0331888345171989,0.209251008323041,-0.135236723278072,-0.249000242512876,0.217833049980754,0.00747877005436671,0.176938906848122,0.254322703781644,0.0927697118546651,0.150002594246677,0.146019187082581,-0.0220806623686588,-0.00829019285207763,-0.0368171246201247,-0.0798212115940045,0.0289510428557586,0.342405065458468,-0.0291432342323139,0.00240284879681843,-0.130382805794074,-0.100073648718573,0.181520483119464,-0.213827799702021,-0.195182094573564,0.127129610584245,-0.541207509004364,0.0285927836491979,-0.0599481999107949,-0.00846755360735756,-0.0495234076949231,0.213970640244436,0.0888012324407459,-0.0848406095901833,0.221051943150509,0.102865934325591,-0.021552603290275,-0.0128290157249782,0.153668782291736,0.278800847420359,0.0481612069018597,-0.0587229757115428,-0.0518748411355041,-0.0969114601509592,-0.111282634525934,0.341718484441744,-0.219226319387464,0.15460288511116,0.226734562460147,0.171535436223253,-0.103504441958104,0.329105249032329,0.40084575380498,0.150994239436794,-0.0194800265055815,0.285241187431597,0.179273676971344,0.262456243718019,0.315647758733172,0.0367616629319474,0.0639454839629256,0.1727413722543,0.244532765959761,0.114985436690142,0.100134237987508,0.244498708225503,0.106010206678866,0.326238267289445,0.119671387395912,0.0763907448808723,0.178898365850401,0.166661251135807,0.233712978949077,0.343433947979838,0.0334888903821116,-0.298490946801688,-0.102964139958055,-0.104593792221744,-0.189867216773857,-0.0966432822565751,-0.0302752083218399,-0.369003591652609,-0.264641123163306,-0.0136092235707186,0.134292803341587,0.102386766515046,0.247277799764766,0.151954719330002,-0.433712430443451,0.0112720305901675,-0.071451086696303,0.0622273693084411,-0.0123739096302615,0.0464983774160781,-0.331672973099762,-0.112012444983291,-0.013256646915626,-0.106234926820418,0.0489812534878772,0.0239533807730586,-0.0378109320533527,-0.0523708045494186,0.0175583547472685,0.0628864034990772,-0.0350218633737089,-0.229723212930812,-0.0473429115155524,-0.0526671251577458,-0.10756420131211,-0.14652062569379,-0.0421964969729746,0.0182129996489276,-0.0335122012404708,-0.0304043205144574,0.0125598946700435,-0.15981039511919
0.551127419515643,-0.111729480150093,-0.103798829979495,0.29189105143286,-0.208710296137651,0.826173227380675,-0.167890776230558,0.146260770042727,0.280003446133947,0.0842218880920245,-0.138819432794024,0.0214904282150819,0.0509902419561096,-0.167761722964875,-0.380571298045661,-0.257956673433201,-0.249543511960615,0.144943848462092,0.0323260654571708,-0.114679792138882,-0.00114109256662154,-0.0315669102058277,0.042502876057881,0.0335140813920938,0.464567257721538,0.196315644734052,-0.0365286676753391,-0.200507532776851,-0.0538786795934608,0.0671875321808322,-0.0573989947251936,0.0210993806504821,0.0941914311934639,-0.13615760543825,0.238727324809697,0.0372683255064703,-0.0363549370516996,0.0811179571173004,0.034260488477625,-0.3252417811774,-0.129179026767658,0.06459108419609,-0.0227774402982768,0.3489964240787,0.134105930774512,0.0138185480376872,0.0977129016927994,-0.0795792139509566,-0.0326437175705538,-0.0922875823003319,-0.187019882559774,0.00852319744872182,0.153528337462418,-0.359766808501532,-0.0684963951345073,-0.128782975727787,0.167200038476354,-0.0521106421737615,0.024901718094731,0.12394951661147,0.396566400926978,NA,0.0941893779170619,0.156576186029689,0.106937130484525,-0.0257769927608833,0.299504926713913,0.113412782373191,0.0539776790834735,0.217783593141805,0.102829823293705,-0.0721931182968079,0.0487763641540358,-0.102451994974316,0.411384255166211,0.0120134609917802,0.086298465612648,0.0764189939202799,0.123529155269704,0.135558420495092,-0.0756577843314537,-0.198382229443182,-0.192936899252262,0.027565201562188,0.154737269711321,0.242090015537055,-0.0633359473940504,0.0977832504487344,0.143684964322366,0.00375711663993323,-0.204153706441438,0.00152307665147994,0.108169679785213,0.387478828233194,0.400294395324986,0.151618397676404,-0.192874189496775,-0.0915476899377957,0.179125270677848,0.137421205349422,0.150014199203324,0.0729959723219294,0.0546353316236994,-0.211724948096839,-0.260906662358026,-0.384375594268467,0.322772975957751,0.0789142995147767,-0.0295447167449918,-0.509565587079155,-0.0264370979039399,0.00554837865237752,0.414393185114135,0.525891653489613,0.0820429533987493,0.240544218881221,0.0464981860492364,0.0772426342056115,0.046130793622063,-0.217507948894335,-0.123420357760726,0.0638144070330115,0.0951006694149663,0.457122556347813,-0.0393169995609516,0.439275334179851,0.893573477506997,0.387569156774251,0.457628599672941,0.142473347734863,0.235009890430041,0.132854802705346,-0.11002932973098,0.262546908355703,0.0190745329170116,0.363232707587113,0.0558453790699553,-0.0903200977696183,0.115912874609815,-0.246888014022823,-0.011856606376868,0.145996294120957,0.323351765221402,0.0405221499311965,0.42498705795536,0.531703978628721,0.307637987218273,0.496615867183781,0.619527669164861,0.321958916777428,0.276822712561225,-0.0185673365360412,0.0540175953537814,-0.18984347592707,-0.313251410861666,0.0864069626701993,0.283755860644894,-0.00444620766613581,0.512813207376328,0.205198912021988,0.127557655025833,0.358510873983926,-0.0478381017755928,0.108333242698317,0.495533140684011,-0.124491962526961,0.103473869368247,-0.534821532267514,0.389336647755375,0.26671673089211,0.117555859144173,0.168412854572188,0.0852517640675568,0.0764138165672556,-0.356752392865253,-0.132769777133147,0.182409497588036,0.0722660284032486,0.0228528174385468,-0.00920918957965047,-0.0812102493907471,0.0202038116297456,-0.293019774740733,0.143578865813467,-0.215957100190573,0.0128847845335931,0.0362843255995788,-0.0756993140933093,0.323713051668881,-0.0163490486640627,0.0769235010869641,0.214590556993289,0.250483452061219,0.196698347694298,0.0900818311638828,-0.196062797912834,-0.0772456910247757,-0.275596181060207,-0.161078138040656,0.101091491531217,0.0111476645905676,0.0390658654004904,-0.23692707960668,-0.18849573591082,-0.058567939216319,0.081253377405111,-0.0258144124698709,0.0355268543856105,0.351038752280824,-0.0868802534231382,-0.128090208349426,0.198278713499103,0.261915999156616,0.228599113010761,0.0580476531329815,0.104050718009632,-0.00132023909208191,-0.0442942268407085,0.211326564097914,0.645814200263448,0.784517025594667,0.711281010140752,-0.0127466415777578,-0.0282497562823909,0.609890108461351,-0.0139651043431595,0.250123462079625,0.285752804840928,0.786334287261909,0.237144004657657,0.742275528610978,0.324262266807524,0.425182194124498,0.0251353274821747,-0.106722549813534,-0.214948111775387,0.315626410006857,-0.0468879544995649,0.138711316448306,-0.0172895466068439,0.223984697110517,0.0262159404389036,-0.0600496753753252,0.382574254292667,-0.134828523887504,-0.0825940156731271,-0.034877754961433,0.102135613258837,0.260799918387861,0.0342724156604197,-0.0539890805451802,-0.0183838659735369,0.228128913490514,0.0807111755940832,-0.0488867003677642,-0.0892446727597867,0.194709833340374,0.164867428191469,0.094972126333044,0.0108183740166176,0.147869545654943,0.0879924472982107,-0.256017185384108,0.173879802019157,-0.211573148177033,0.443801284144845,0.564142957865448,0.153028277543982,0.195536848364142,0.146559756973994,-0.113158858573634,-0.114153596301542,-0.160760122709448,0.0110432696374058,0.097155805640876,0.850991846032006,-0.106819722920352,0.322696610138363,-0.187283460634633,0.0774792031727381,0.110277477649268,-0.325903317158931,-0.112734123556224,0.110732943177201,-0.119110593009633,0.343395232729431,0.0935679958520787,0.00538144287188626,0.318968644089388,0.599539782692514,0.759032715023436,0.645040556861719,0.249596991375661,0.0666262280673168,0.234954522466756,0.0262962192239412,0.060335957092127,0.158501126027796,0.287985024360871,-0.0603401876108875,0.113335425439953,0.102691305952853,-0.0152913766703452,0.277155826003291,0.0115411820814421,0.031690127932277,-0.0697496238481119,-0.0873694508975598,-0.18524746647114,-0.0958091497827999,0.134787038015229,-0.0901530256063804,-0.0823853348653824,-0.102593046909717,0.187923054029909,0.538025951920129,0.383163817582144,-0.16908784642581,0.197079628163495,0.0346295283052262,0.654622230257,0.302158843749004,0.316969714833473,0.720001308348847,0.202827793140265,0.371369196297374,0.212078356410193,0.21906944690219,0.0160110253338363,0.158135333816895,0.500042817953894,0.257887152559066,0.0629154484155821,-0.164092035571249,-0.178319900810206,0.0243833083569161,-0.0273834829173645,-0.372561477525518,-0.2023651917426,-0.0858431698182172,-0.0992929918599443,0.186741887254458,0.223376901585648,-0.132279238434652,0.114827461730551,0.04120747386568,-0.179217983736111,0.0577400883706523,0.362791814021636,0.415565310870459,0.342118662435331,0.363453086229713,-0.258094549211966,-0.0196436334221225,-0.0710812579712979,0.0498875522400187,0.0254580131304658,0.0484445993471415,-0.0618451395146611,0.143606072578991,-0.0759059303372802,0.154169409538829,0.140767766385836,-0.0111222822982825,-0.252158558939142,-0.261626656103456,0.0139106777486627,-0.0975904012357282,-0.0859611896995991,0.0366428076118453,-0.0793087683424507,-0.442469857346034,-0.237203505581823,-0.219587617656101
-0.484761215714512,-0.135193513142409,0.0221455030650094,0.134781097352691,-0.138535580011695,0.145713924916715,0.332612146644304,0.160398880363478,-0.147897171793669,0.0814831270285906,-0.0206432679166036,0.0584224842106176,-0.234432096807322,-0.271151360361366,0.014109718157033,-0.17439737411117,0.0684337270196419,-0.191481496928136,0.291409089896851,-0.14553960512549,0.381526728177674,0.310822066459958,0.24408689425223,0.0550657107506828,0.0675477491636606,0.0415745923221594,0.453429366624954,0.418414558303324,-0.0657844701205944,0.451707517504607,-0.162847183781504,-0.0472273584996956,-0.220869261505055,0.484419694715792,-0.0468160234164586,-0.0525987550103078,0.255377940013724,-0.0314640505071156,0.16492513246778,0.263039567862267,0.315244635384295,0.519404551464932,0.467077506408611,-0.246669271123895,-0.196156787993063,0.177106431978698,0.0735104667012913,0.203148507233129,0.623057589269651,0.00567196572265137,0.193859092310566,0.383724452915806,-0.210185435772891,0.0663252521013129,0.0836928701051202,-0.0163593092589752,0.0506779263802643,0.0338274816711491,-0.0193370741599265,0.35706537641892,0.0234158754986691,0.0941893779170619,NA,0.642978603691067,-0.0333880887106042,0.186738737118465,0.222419813567373,0.17634451027778,0.0467063286499849,-0.0743547232982809,0.163496583007873,0.173112959817347,0.190698113126105,0.272396450237621,-0.0143818229480268,0.468747868153645,0.135074658502957,0.323535655230526,0.229767600986572,0.150006135603612,0.480175042678805,0.64005144265893,0.266394980633235,0.488637849494381,-0.0435566658270323,-0.13973064226487,-0.11151563801163,-0.175390573085473,-0.150808945167936,0.0684239375321748,0.401853898368152,0.208791886213989,0.247661178351665,-0.168976282348347,-0.380043886487894,-0.066650277352752,-0.317183428027623,-0.167898297967671,-0.255803007617135,-0.018834552298334,0.0915054619724551,0.0911174543259752,0.53464772296296,0.235299772033098,0.603208472571252,0.510365560183218,-0.00467446473719576,0.238386078337422,0.103913675277437,0.301319782959051,0.533472861501474,0.592079394191102,0.176021187073426,-0.223119084138019,-0.21903090352594,-0.366732495315498,-0.148681160900761,0.0151366554117781,-0.171812583551308,-0.00013647386713885,-0.0666230412113538,-0.102576459579957,0.10845394807673,-0.253807560340288,-0.354345656428222,0.0184918632667849,-0.10069388286718,-0.0795021603823326,0.0974592973526857,-0.24086021230857,0.165304384118798,0.118470447399185,0.133510281979303,0.187340953380055,0.199713407531939,-0.00643815441100633,0.178449255058394,0.110537714360346,-0.0933630441754258,0.00167093459311369,0.0782341355046529,-0.0848326310718461,-0.19072519553112,-0.382321819358014,-0.266358894534635,-0.291756431202877,0.213672502200778,-0.246972712042348,0.0566676871420435,-0.319053986460899,-0.394507059465256,-0.180303811988419,0.560595331658251,-0.474591090106491,0.589018501567326,-0.1522184863318,-0.0567437896115735,0.0396097774559749,0.141919635279208,0.607499105996771,0.031679149541587,-0.523679561368699,-0.0264524548829413,0.135974819734269,-0.101909343888461,-0.11579075383248,0.39359862518708,0.285902387681156,0.0783736458176359,-0.189407948475258,-0.01352028430833,0.116758798427974,0.0900723932698932,-0.53386567338342,0.0493658140340261,-0.0970313862907693,0.0165665983016881,-0.0498480451854167,-0.0691717960882514,0.506432907223974,0.212147032994222,-0.00236621526619918,0.197223289750532,-0.210865207784772,0.177154497958888,-0.114233370003916,0.738355012486255,0.453443473460859,0.112559919459133,-0.132111111582535,-0.225560993729822,0.155012675939253,-0.280389037707666,-0.0745136131573608,-0.241924313170309,0.330018858560466,0.107502435468708,-0.0548577344292174,-0.0576115835838,-0.276278932175035,-0.229286967208156,0.280606221538746,-0.13191973876259,0.101096338421791,-0.169489746840706,0.100915217036374,0.664053782755483,0.0416919829578648,0.0176294972273423,0.0133254552803412,-0.326164065358456,-0.360335875978099,-0.182358424033119,-0.0548847963466972,0.00659104988940803,-0.170970807935612,-0.183343170839456,-0.252243889432804,0.873482893393368,-0.160223327383832,0.135386359458003,0.144941822377647,0.29669774588883,-0.172971671050005,0.0213729933238062,-0.179376766540694,0.151493254709448,-0.0428149273502012,0.0403803231061288,0.288265894225628,0.067472412769287,-0.233484114464463,0.237294481511962,0.221363450124774,0.227720381762786,0.28739188286185,0.0515608285219584,0.115191693142826,0.124352668314937,0.348461740133077,0.0113057925605893,0.144567045716994,0.125260323691134,0.0177809959319381,0.472839693709368,0.382604412785135,0.224075541753673,0.692461231636733,0.450714891654755,0.744486443420626,-0.0406717921767071,-0.208412517328461,-0.239399398955245,0.125344671580771,0.143088140205906,0.0378534796982515,-0.0275808477846264,-0.107304944097306,-0.368660184471757,0.166478384530563,0.0211210104509919,0.213698241713402,-0.237592197642973,-0.237276052582554,-0.448300500663321,0.186569833972883,0.0243587908546197,0.0989945782205622,0.304487225813166,-0.0962488674387947,0.503292077584677,0.582864412920117,0.0732904485438608,0.653750769364832,0.578570024191771,-0.193208022917384,0.317061255500446,-0.443723637923002,-0.561204441075204,-0.0266569659471703,-0.362970750543003,0.180066708940652,0.244016946397132,0.50654939082743,-0.110729731171375,-0.0972382811593183,-0.280600055724643,-0.4408767470783,-0.0761914448070325,-0.391313961690956,-0.0252123682395436,0.0126422371171101,0.266718543894153,-0.231840432935678,-0.317597901800535,-0.232374951116026,0.293588311121958,0.0824516837000205,0.0633948007906803,-0.021427596857864,0.732811494201626,-0.274339080143034,0.327414796033882,0.084519144221228,0.401805341133801,0.225793684491497,-0.000996607566919347,0.185851104467258,0.0904853748901802,0.177432469140248,-0.242698085062527,-0.208222665877325,-0.241228417315534,-0.0769895529450994,-0.563840160996261,-0.1577963406434,0.349364347611832,0.520069610267957,-0.385327000791548,0.231396496177753,-0.0296509259442121,-0.59731048463262,-0.504204369628021,0.0495002619093965,-0.392062072907613,0.0610297216747069,-0.0420200532842756,0.0677429484289127,-0.0805590093258424,0.475779156669425,-0.0933193360224459,0.141480079712193,0.0273743638336409,0.354443008279272,0.466532858644939,0.310628697491231,0.167887300050613,0.262030946605957,0.278753059899181,0.0959979522738403,0.278337097089813,-0.2997911950032,-0.343119944710457,-0.141645891501477,0.199772726034698,0.314360495213387,0.253847325451184,0.206813590350841,-0.0403313886742696,-0.0762939375501396,-0.146435561385065,-0.135150155863232,0.223616783984795,0.21482463474055,-0.0725006656895289,0.0607829921024037,0.218308926456454,0.428236494582314,-0.235658486741961,0.00445545159018302,0.159764818015343,0.436457297012347,-0.112237134252124,-0.172108086518341,0.224696225307492,-0.0648343576406143,0.181171697110085,0.0581509451476053,0.0509743658916335,0.321027017913893,0.297549289624929,0.175168615686276,0.0629184801755673,0.0798357151761653
-0.462525409591519,-0.141835433339872,-0.0332456334976196,0.262617002158885,-0.127263476119118,-0.00128603652978534,0.0150548960858663,0.0376438370843648,0.00509267280380302,0.285673801592955,0.114585138151104,-0.259798599078828,-0.1065433990423,-0.108497951256909,0.134594243317675,-0.0412261116446819,0.0301861622288904,-0.328882855894282,0.155643535946642,-0.185858112875086,0.092902587735933,0.410328246466766,0.384760944277727,-0.0156424187914718,0.0357580878392439,-0.00204596643306586,0.385509358102484,0.281189565259682,-0.0381745553344142,0.220614125682678,0.0858410741270454,0.0875480620714302,0.0518987139594781,0.408238376032642,0.132533897341938,0.0890197993712377,0.19938250180749,-0.0199390171711244,0.256108889140193,0.437943082841097,0.287004727599494,0.270386615430527,0.3031352936578,-0.0290789774505026,0.00422384209993173,0.164318206445308,0.131468402044975,0.157694899113296,0.339879289195715,-0.0337821702836084,0.0279494414696401,-0.00163943018849965,-0.236263403237094,0.05998601883963,-0.0748668982481214,0.0193186826366849,-0.00212222466883273,-0.00743521585014074,0.0892902087655926,0.651353694410229,-0.0457648528534256,0.156576186029689,0.642978603691067,NA,-0.0548659837944653,0.0725369087212327,0.0299087410310752,0.0803041160690673,0.148236531547737,-0.0577842055740811,-0.00417304271436774,0.143385847637471,0.156135340413471,0.343474872395116,0.223698463437657,0.217340451905544,0.0170246932439067,0.30201807698163,0.375075320601187,0.180095677729501,0.478202629407916,0.564467541521681,0.0843472273310233,0.576982185465674,0.0969998750340938,0.051568990435106,-0.149774247973257,-0.156419157788857,-0.387701870526952,-0.0440040629378252,-0.0540745460784694,-0.279687202040149,-0.155704756633708,-0.300021435240457,-0.437877961423002,-0.315642367219453,-0.0779005577397642,0.00436842503265711,-0.0694612062088157,0.100417357267182,0.147082899017298,0.116896317064661,0.439468891796769,0.394169573727612,0.336946609789874,0.392364776972821,0.117062624430083,0.0577672059180756,0.0463022501091262,0.0267981229484768,0.493676355573962,0.975953215469543,0.222250235162352,-0.412556382847556,-0.251859409989624,-0.146067680369948,0.00172277285009877,0.14134694990851,-0.00769501958911985,0.107455661924526,-0.0970907286761862,-0.15894780367181,0.245971494382665,-0.184795508843389,-0.283372989392531,0.0836897793086338,0.0705842618882214,-0.215188135031737,0.0924264226578146,-0.333683183490434,-0.0870629605223524,0.0726454839788387,-0.0899619616536331,0.17788274747431,-0.103186859662445,-0.0672843236391917,0.00777092749071235,0.0843609101001299,-0.126729469146141,0.182013436418411,0.039594921186097,-0.147279270150249,-0.168249317539488,-0.419395330595095,0.0212641729243908,0.00679734265991106,0.171639293841115,-0.124901105608445,0.0966163710148604,-0.0324494260598773,-0.171261908777874,-0.107434448025357,0.196170030099191,-0.197719550745041,0.110904424716635,-0.101452918277123,-0.0742242268738771,0.127182053058778,0.0503509910845301,0.490970285481145,0.0190158440342353,-0.773248932999125,-0.104446550201135,-0.00209105678217752,-0.107508637695097,-0.154878926390612,0.137018175067737,0.300228125073187,0.0191567507012237,-0.328321739453367,0.1630456504383,0.239812609052703,-0.308716151378218,-0.45256112160441,0.115466717736152,-0.0332896375475626,-0.000831221588834465,-0.0462267283099389,-0.0694262894803553,0.187050411043734,0.308939473759285,-0.0732679567502517,0.000371177426158677,-0.329492042767648,0.175664123521623,-0.265153562723671,0.458336072031522,0.163699770353015,-0.126884280476725,0.00298586519445824,0.021593913252105,0.232484498534487,0.0263310446991063,0.1813661500557,-0.000402988262362454,0.370355082604511,0.0467825258309298,0.0199873398641348,-0.159546880969991,-0.429716255167062,-0.146685923735821,0.345277988071549,0.0361303667633126,0.00981986458684547,0.121675732929377,0.326416423446451,0.353099206422602,-0.218180993003503,0.15000249397342,0.202348893047927,-0.0865855316189785,-0.373475831067993,-0.00586312516284674,-0.0453331046629245,0.311998076629973,-0.0133736348169638,0.03040488872003,-0.17940187447985,0.485204876076197,-0.370189597390534,0.038296241972692,-0.0920341030906198,0.393070833521602,-0.040064155211948,-0.114474511559571,-0.108065638787146,0.0630511155950356,0.0758738131776521,0.149510091521203,0.351606933773894,-0.026785147081389,-0.0295382519965927,0.108269467952556,0.185691714345961,0.250568228621374,0.173915157415702,0.021968716181569,0.296425854412415,0.110373055065059,0.108350927659122,0.0489596481401608,0.0688164070135928,-0.140721140654628,-0.0369941787955558,0.778801912295305,0.392734679598758,-0.0960956641340533,0.5768470385121,0.305780460049303,0.63470046011987,0.0881105371032065,-0.179473195599701,-0.311911943849188,-0.167799257568971,0.00837306918127214,-0.100169229982192,-0.263492344410142,-0.15179348529289,-0.548143505520189,-0.190095868466221,-0.264341875433642,0.221911440100161,-0.102241658006608,-0.132120852586106,-0.130617217947031,-0.034016388280228,0.0692393998211684,0.239334293855814,0.312360744803817,0.174144742098314,0.657132272406837,0.110865546059965,0.102066214820549,0.709789311151369,0.824801353642153,-0.0752260517437567,-0.0149259270742519,-0.38383607287593,-0.286568452270798,-0.0565022522711639,-0.147576484940059,0.347091484157769,0.19468228347395,0.333249664526528,-0.210699999777193,-0.0344072296546385,-0.139673645091405,-0.279634132033734,-0.237705334672948,-0.108085602238362,-0.021821591700125,0.083406164938013,0.111587513255167,-0.336689672960677,-0.258886057903415,-0.213899041283062,0.0604364318333775,-0.144498043525878,0.0841360070531116,-0.0362378094128043,0.65177559822175,0.101375380860419,0.278473684773033,0.0698290782397601,0.41514536442316,0.171090416713042,-0.0639380869302561,-0.0223572852081254,-0.195757610478007,-0.257233431143498,-0.480586700108396,-0.109615350501576,-0.303081815821711,-0.0305871425695009,-0.644834251362187,-0.296377178453465,0.165652445186613,0.131387535322725,-0.481076378880521,-0.0352007341984164,-0.165386558461318,-0.322722877563044,-0.370956378655671,-0.00765322543295323,-0.343308003335108,-0.155490439775656,-0.218444271176703,-0.00461505702315124,-0.214579503053059,0.342517073937793,0.100829084259594,-0.0171333506790433,0.0574148334389659,0.243750408625331,0.362552791923827,0.342823330734869,0.245514136763863,0.208201307855412,0.267796466114729,0.138753412392617,0.37511814708449,-0.122135761546911,-0.270828820983232,-0.0952418818593832,0.183182879433065,0.371864652825339,0.248190105927497,-0.108329683560106,-0.0761618046295897,0.0397549231879767,-0.108649058444772,0.0048672368693955,-0.0760118447079742,-0.1672488472495,-0.187599476076698,-0.00691683650875192,0.039003057104008,0.175626542159085,-0.421428575165364,0.000684665950995603,-0.0465401637319591,0.269896972354482,-0.199583361729172,-0.160527516361121,0.0194097400914461,-0.0501177025003434,0.0615316951252606,-0.17155248669608,-0.0717797458932107,0.236712888199311,0.225202981511938,0.194444623618819,-0.00775785059472566,0.117007838139317
0.221927904390238,0.373335777303385,0.553750363887884,-0.180064162185255,0.243499418238032,0.0155421146972064,0.254054578061929,0.510548549525756,0.0897869070910182,0.533449990309615,-0.276136386630519,0.284650202290541,0.506401701259277,0.279064701533374,-0.1194032266525,0.0802127796285559,0.198376191360347,0.259941817406448,0.245910825051203,0.406862629306224,0.316185554897426,0.23002716092285,0.0935164161676265,-0.0543048420346853,-0.0414134011549281,-0.0582538882429699,0.143394380835217,-0.0185465096409187,-0.0193777252582446,-0.0112971866335826,0.385484914304212,0.0971512423772778,0.374840060494761,0.231762157339983,0.310585431350423,0.380018421778226,0.166793032917567,0.383689167672858,0.249060079189244,0.166219735128202,0.215799371967558,0.155475070277061,0.0299298283646393,-0.0669329619339573,0.509429960852282,0.147836553057843,0.419461962456,0.00174292090794776,0.217110929080708,0.255348988261949,0.117929963874641,0.0516676130710194,0.414308998313915,0.353042732762012,0.150201354369456,0.450324367937532,0.355617058578248,0.32473388984844,0.241592708788516,0.190055846712382,0.730348643704995,0.106937130484525,-0.0333880887106042,-0.0548659837944653,NA,0.344527172065345,0.441863651191095,0.165455842399404,0.454927030321859,0.565865286186104,0.21356851334971,-0.0629140638096058,0.20903279119499,-0.101489351662611,-0.0467308422397807,0.0237892661487613,0.266070958952189,0.00936485137861704,-0.275920728858787,-0.100295342143287,0.227994636536333,-0.0828532368190274,-0.022471095417939,-0.238936392026268,-0.0681648436086723,-0.0741624911572431,0.38514382828141,0.433780017046249,0.486797011171598,0.413814996227268,0.0309050456526901,0.19726396351992,0.559335020442497,-0.141426598384959,0.0820774082396063,0.127276575408335,-0.0720752413909465,-0.146635043342384,0.373882032897715,-0.0126359092337417,0.525795747103526,0.0641380679950373,0.221521465655984,0.231914436296445,0.169182699358196,0.152808319469833,-0.0176874525873592,0.0973648050191987,0.170364442444035,0.115247892181502,0.342164488479628,0.0551348905402451,0.0251223697132684,0.223462556542752,-0.0251357171688873,-0.0278154610695325,0.00971237764068847,-0.314184308451947,0.191761742985119,0.0361542543474949,0.0149176869686925,0.0147242947841834,0.103537340923373,0.0158944723453875,0.0563452704989512,-0.32626494237405,0.0244220233758261,0.0941073679452337,-0.072648811569942,0.020858515492937,0.4638286152427,0.244777886620854,0.0637144846911102,-0.121278123909398,-0.0532437358247904,0.348758625957708,0.44790483790035,0.133355183762311,0.236529472275373,-0.476468733675114,-0.0970557582794375,-0.00653601482044133,-0.057106985694228,0.0622842780674139,-0.0552510459325155,-0.00902772430266776,-0.131991359892721,0.0130350559908893,0.274477814976157,-0.101601523753201,-0.0127652075266326,-0.139691285370293,0.30014010324954,-0.0124381848550975,0.152090784710316,-0.0674237963816525,-0.0308094518829215,-0.231139679107071,-0.0960881601086522,0.0725106712765262,0.375864631417409,0.167071597257925,0.408512039223134,0.34517051235882,-0.165148340312469,0.445178537201396,-0.214324558319851,-0.228289738500632,0.279609087050415,-0.288308832711353,0.283124166771035,-0.0673582839063632,0.192372520879427,0.336995326372802,0.157216631832989,0.40204991789547,0.50816180024667,0.24653983897432,0.107884865366446,0.140602201564445,-0.0550838386992589,-0.175859189470321,-0.328244866886313,-0.0525025174573328,0.208707452821377,-0.0440131232207584,0.224382482963334,-0.0100476664774981,0.238747166227787,0.212731758892794,0.268714584608718,-0.0129642908728496,0.296210020506777,0.14951906286246,0.184823091550798,-0.100011300508641,0.459070181744555,0.103191094475209,-0.16157219998635,-0.107002679370695,0.396144634076473,0.205463476091635,0.169967766349206,0.218768322345703,0.167891094006406,0.0139887479652454,0.0835733654366792,-0.0580245317909316,0.342495708776367,0.392945556173387,0.263119512919865,0.331686272216037,0.614285050578275,0.244408365291539,0.475113066332141,0.47312255708707,0.347162297784565,0.228672556908361,-0.123578322264178,-0.132717209404415,0.0764357112507753,-0.0179320170685232,0.228854365873029,0.245584958996918,0.012104170766104,0.241088985648401,0.655882499253798,0.397348608319702,0.15433132628837,0.21873442769488,0.206574183926041,0.298147056799744,0.475873259048941,0.0602578917989143,0.231893707208276,-0.30497310659643,-0.0516550921395342,0.277178534561537,0.354671733137701,-0.297797152219651,-0.232757696191337,-0.294665143313736,-0.2657641849695,0.452454035279298,-0.0642444330692121,0.141619053664525,-0.318467815013516,-0.0808027477418411,-0.157149177367679,-0.0965008296223792,0.399029166101303,0.267893466895223,0.223084063000284,0.384690572565265,0.573086540399685,0.491331009271447,0.262642699863683,0.216896069043723,-0.0854995160417945,-0.203577534845482,-0.00836216456518215,-0.097741561794889,-0.290082275089639,0.369403762653413,0.122153706178575,0.0306854304433049,0.209055393108895,0.291052700564837,0.290632551217145,0.387716881936879,0.0792471243942998,-0.0988958319599724,-0.13230196900791,-0.0509501270979537,-0.0358890825550266,0.0719386500840005,-0.182167502497985,-0.176839509433055,-0.0344439684082649,-0.413436522422965,0.114417785321369,-0.0753730031486064,-0.261606206122065,-0.222157864035679,-0.412683800224786,-0.0329114585059295,-0.123681453670218,0.0533464801375446,-0.334522931623302,0.0646523049566538,-0.119638694840759,-0.155090313189383,0.277783551012222,0.15187325018837,0.113818363911086,-0.0736215379036969,0.236989573426164,0.358326933089005,0.143081693450521,0.0852705393555204,-0.198321768125543,0.0188257277738642,0.111587779597864,-0.0410235430037691,-0.127569926013691,0.0894601096410785,0.296865025299425,0.323656024512021,-0.0990299400079371,0.507866362047863,0.572906568864154,0.236339093506983,0.133420907295565,0.28612466172233,-0.0771028138885922,-0.0642172692488348,-0.0473231742048735,0.0719498874278637,-0.0730620235862977,0.0302812083311765,-0.109561499488794,-0.108001907618346,-0.0712269283899898,-0.189657516187747,-0.166003812485774,-0.0768202743224671,-0.115268107405303,-0.290032473944927,0.131087039135937,0.127453023518122,0.119700912727697,0.222803750594838,-0.0409076418872269,-0.383654852908489,-0.124801131746686,-0.440182989045218,-0.40358335610827,-0.110345558062811,-0.0292363822099926,-0.576432066208101,-0.196719353799495,0.0866353343751493,0.223894556611604,-0.084682049322482,0.312247731358156,0.0313357690678531,-0.443233459566784,0.0641502097387044,-0.348143374061966,-0.15226891260594,-0.400699159646838,-0.156762923072851,-0.347429030710394,-0.179640451021276,0.184279026801087,0.135424520541156,0.257059569999406,0.273293340562619,-0.200714265826384,-0.185557620119969,0.373298912872808,0.238740672412939,-0.121623362542147,-0.22168885771047,-0.131498920739412,-0.0108918269859819,-0.303023071546013,-0.372199861303056,0.140059522106947,0.276617614989504,0.12693891670169,0.224835917886502,-0.00827579938058597,-0.0252661237125463
-0.128038739343961,0.388586018639951,0.701839416736164,-0.335343834888467,-0.0127266119372517,-0.0528980636595513,0.166779144856627,0.40296842037369,0.0997840491690581,0.479691173503969,0.0840329005434062,0.0142567627594061,0.232859029362569,0.230169107013908,-0.0111614971641828,0.198309119357887,0.367280622439907,0.075124312532325,0.244586991266535,0.360916918021015,0.383806077304505,0.619031092475754,0.0700658655556661,-0.151541257924729,-0.0628237548359864,-0.249462101365625,0.267298941262558,0.1821469141109,-0.254251438553924,0.213626269357375,0.237458917607443,0.107501101792707,0.143770644645447,0.518520302924802,0.143198825530022,0.248462323287474,0.387585278172469,0.44909881831011,0.206883336192864,0.0794873928298861,0.413020073966204,0.147193729429887,0.152981573952536,-0.0569292876782916,0.368644025325209,0.0609180806645449,0.319572080335371,0.185910092969289,0.665755170783163,0.445900543338531,-0.0632372239597788,-0.0460970842224777,0.521414280762363,0.400170397198809,0.43984040888667,0.339684344741261,0.396656713985243,0.580573537918343,0.253117601653538,0.307091770531513,0.126125449893864,-0.0257769927608833,0.186738737118465,0.0725369087212327,0.344527172065345,NA,0.675257448545014,0.974720600941131,0.363289025551303,0.315560312453081,0.403627843985922,0.133053161133764,0.323495531750129,-0.199603153413415,-0.325516981257566,0.230163675857729,0.508293799063767,0.0603276950127472,-0.303948313816849,-0.119226103606439,0.440435117327132,0.333950330743683,0.172432653133731,-0.0388467584809177,-0.318040190447303,-0.241357540144706,0.0473430714754937,-0.0336841800939803,-0.158631476858254,0.28446909999232,0.182295333665719,0.0226567375488169,0.16518925124016,-0.0422104296553795,-0.0594289020847938,-0.0423127656921158,-0.244422911627163,-0.178080448873069,0.198943954134717,-0.087506852145114,0.809811345202227,0.19472145303396,0.666676930777099,0.527928471366414,0.502986890126978,0.239641468478373,-0.179691948934375,-0.159262006903218,-0.254767229310714,0.291102659545631,0.54725063872367,0.0308069345763421,-0.129959016644367,0.159870263083492,-0.0193922526292149,-0.256988336189176,-0.0426549786298386,-0.10915733625315,-0.0795501200235098,0.00951185056048557,-0.0993848193220666,0.0878082289602593,-0.0642690771081316,0.0636140983484941,0.00182450822102596,0.0160007012966194,0.193093038766958,0.0226615412003793,0.152521756537466,0.107863385825433,0.444986635506279,0.166677519567992,-0.121152190204426,0.13440977160646,0.152446988052337,0.265478516268732,0.251602060921569,0.0732516649184709,0.226457581358961,-0.288404260326361,-0.047577069629325,0.13573893353081,-0.0507707968485052,0.107127415905455,-0.00993869877691879,-0.100135075224106,-0.146659494457123,-0.0041204954894133,-0.0158993361780632,-0.18535871997944,-0.116871189874776,-0.111374267070957,0.30933972963248,-0.0154231027089406,0.322602509209288,-0.0974729657450409,-0.0667918582121925,-0.299804898333256,-0.0910565478878054,0.699482543069729,0.662165004033837,0.0371125647572073,0.247597163715834,0.538727217381119,-0.214028096219678,0.2704832844001,0.033356914712017,0.185713304106445,0.15762388133237,-0.0800640031512298,0.377287479828663,0.164914933799193,-0.0114654913024374,0.138172566360769,0.233240825163128,0.367687451145083,0.339484398679274,0.00830505247225381,0.20106086235395,0.356622326491496,-0.0888179334473039,-0.134080816858473,-0.0185501349685766,-0.119254070291741,0.33876012557911,-0.11232310093684,0.266695022669141,0.364535002938987,0.288459034697589,0.205838870390262,0.0466891009506622,-0.304715846208095,0.159389187868025,0.0870756428948355,0.310419375761545,0.293697065413763,0.66455686354673,0.20885018927259,-0.0770130967902679,-0.050948789847657,0.522303502450668,0.364019103070165,0.248621428332089,0.0798119768978248,0.209862850796089,0.0363651438393056,0.450657711510816,-0.0879978747990894,0.328806854245237,0.257051118290613,0.186735248152157,0.29106514493995,0.290135203908804,0.179411143195178,0.176081427527351,0.340160785182418,0.426896487032886,0.134708338697939,0.125540920741967,-0.0888964950544076,-0.148698691806878,-0.2069796532645,0.660499633397605,0.0782865748791254,0.214897743045217,0.311501098293952,0.844996287895165,0.49226814952986,0.0934997976213238,0.434375991029243,0.219013092286529,0.122140345048974,0.548729678882184,0.446610882619349,0.312203631961373,-0.0423898088047328,-0.124594428471625,0.38042416867402,0.200385152798864,0.0683619655512902,-0.34067605940614,-0.107109805202716,-0.302244669009816,0.437599239299221,0.353620528273947,0.633202727471273,-0.139139946321999,0.134095964090274,-0.0793690083639863,-0.158579221000037,0.196428335155254,0.194060953973099,0.0483427254528677,0.102064153706796,0.574359137105135,0.317900666759834,0.0778477834474488,0.203245517459691,0.0390415168756811,-0.0300863858734259,0.0639011450125555,0.12321601510839,-0.274435789076897,0.353501401544267,0.15282541480443,0.260299784962395,0.236698133629685,0.60492506450341,0.354080615673616,0.321297805895699,0.110465079662536,0.213264717997859,-0.0639538910294053,0.316933720886643,-0.0039673456818253,-0.189199703306257,0.150408638724817,0.100542395929692,0.0375649302722658,-0.176194308961626,-0.0869228961784075,0.184747005915035,-0.256786159156393,0.0425591314769427,-0.055386927180819,0.0183398009416563,-0.0214041352287894,0.0219516984930411,0.121453204816893,0.0459812779862478,0.0102779675061441,0.0990886374781313,0.116547717497107,0.232279168793487,0.0495417212033105,-0.268893809993247,0.447177959724306,0.33473249003805,0.266631461140002,0.407717294551339,0.059850527321553,0.141139562373565,0.320261985686011,0.1078107900481,-0.0334529296957315,0.191088177935791,0.295142851469488,0.311333915945724,-0.116636696257993,0.259588485255456,0.0611089544628706,0.312023256275692,-0.0866460142535978,0.486476094422946,-0.0341692992783899,-0.0353680965538436,-0.171004280080473,0.276580062016564,-0.0271792935641867,0.0934832336257233,-0.142809227397406,-0.135498036606628,0.0198309505486399,-0.199446796746664,0.0444974814480308,-0.0804967521088796,0.0437164288901078,-0.13336310300199,0.141903958324217,0.397057343150898,-0.117953174351875,0.0768238548489253,0.0124476069401165,-0.230513450516618,-0.154906617113579,-0.201363846975821,-0.165192099596103,0.0752690082508557,-0.0254924645949866,-0.148274520538014,0.199284889284179,0.157293668556637,0.235081494971195,-0.0979671892621454,0.268443314109607,0.02975577224162,-0.127674844550021,0.296800621147623,-0.0709327780212746,-0.0966183909711711,-0.165004764724097,-0.237798045131573,0.0873751851945193,0.0469277296560598,0.321427510677883,0.158542297299841,0.352972824373807,0.423756400695483,-0.0890443539748899,-0.147605020294623,0.675930284815032,0.0221045011431252,0.0923433847900276,-0.00369837368686551,-0.0424267103259801,0.0517665707707864,-0.19007187451731,0.0939782965122516,0.27263928140786,0.474131392867944,0.251319295893081,0.390236898105494,0.0336249974494036,-0.0313327515285994
0.0415074341135937,0.328748562544052,0.294192787719798,-0.0945025875093514,-0.310458753767014,0.0485582959941228,-0.00567276837390307,0.277316218525561,-0.135405120217761,0.492993598837938,-0.42796334186808,0.157335298890236,0.15969855872841,0.0723779023370587,-0.418758886867646,0.0258879489947095,0.0277979927059672,0.234727386159167,0.333633298449182,0.19352111882799,0.442031086428042,0.513242190504454,0.174853625387599,-0.208486668699388,0.0382421615446691,-0.0972762563638783,0.485665895580089,0.232328279862329,-0.113721027342459,0.144181329661167,0.149756976396199,0.2108903742354,0.131030608042017,0.402829711923541,0.308339687593532,0.251603268073802,0.475199373952553,0.410506039912831,0.255675569881554,-0.177379649118062,0.345799549849884,0.121907769592753,-0.0527724932974899,-0.120580252630132,0.335320774271292,0.112795075486792,0.258259845632899,0.152863243435703,0.396753320197136,0.382584486421981,-0.174606826359119,-0.0491350795342065,0.334803798162971,0.123663329440154,0.192283064853223,0.167362085305353,0.399557631148585,0.354772382075412,0.172900545760083,0.248774681580814,0.381009140535433,0.299504926713913,0.222419813567373,0.0299087410310752,0.441863651191095,0.675257448545014,NA,0.821169498080696,0.38199473557573,0.412862702702875,0.286256833396862,0.0578568106296257,-0.0892288089636743,-0.242267694115191,-0.210882228698105,0.206854087864761,0.395460700118704,-0.107369799447824,-0.248724976122315,0.0151834338474071,0.210406696394398,0.0443189132902694,0.0827277472752484,-0.0708824742483178,-0.270149488062347,-0.264745077744536,-0.0147527107623976,-0.096274224692714,0.085706490102619,0.347148806270334,0.0423360753820968,0.0308710582811311,0.276191290648876,-0.0348697535704327,-0.0104818402696445,-0.120739100383907,-0.488713758553916,-0.563783646377281,-0.00927223738192823,-0.244657532025572,0.417939925847957,-0.0427612019522388,0.443094947384169,0.1065148804997,0.353194870998238,-0.116713648085978,-0.0848689232546054,-0.027708503368826,-0.36349940579165,-0.059101328629994,0.443374639421604,-0.00102519566328403,-0.0762078738679864,0.221770538539271,0.0667321009916588,-0.0963578478250238,0.0927543565217864,-0.162409247537426,-0.1965388337979,-0.188269935466306,-0.264852668279817,-0.115622265312315,-0.0231912599665271,0.115910830551135,-0.11346818842669,0.0821724424497302,0.341028489070076,0.163369589609058,0.121799377471694,0.295953594931986,0.442832268199214,-0.0273189480433011,-0.0860836057131308,0.150836728219536,-0.058242512384916,0.459941948095428,0.0462320510572321,-0.0248268193112661,0.025529714798561,-0.412755850942622,-0.34047471523305,0.316500275003023,0.103290738806043,0.0946500588954567,-0.0415476295500393,-0.0711126139746072,-0.137877010639833,0.102056099303802,0.144623321305999,-0.194368714458445,-0.184320199476482,-0.167339447268954,0.242494689004374,-0.173842726338855,0.0497407748655225,-0.243284588226924,-0.162612904954358,-0.242934069347499,0.0101822080362345,0.357066614259061,0.374006032188505,0.115279962149527,0.336493773093286,0.247495360406573,0.143647364687467,0.0207664636916652,-0.0234716917891863,-0.175059548900094,0.417011407798869,-0.00741724599519039,0.354954612667648,0.155239711368682,0.158307256333707,0.119989561914015,-0.127110371678865,0.147061320446487,0.308798889957047,0.227160283678395,0.0994190512503034,0.390089210965942,0.0660224693949211,-0.246947817118501,-0.231447163713213,0.0881598998424293,0.297641463334561,-0.101252501191557,0.284294353719585,0.366034433634049,0.336438951341176,0.236700110841492,0.158642633561149,0.0270446053654433,0.334586377988334,0.0427411043750009,0.138203369000382,0.141625082824914,0.240491884573771,-0.150657711370696,-0.162906125105008,-0.214152724047224,0.247388584949951,0.295396094620511,0.07996560589728,-0.0573040469159717,0.0828332708160985,0.0528468384940279,0.274790241047991,-0.0320436981052498,0.226548485453807,0.24626184610249,0.0193729912926371,0.213281028662142,0.406007056647087,0.295379351581634,0.14815413204832,0.162514445114293,0.184349904605243,-0.0319853966610802,0.191802457664329,0.0447681367951961,0.219322622118721,0.130278108973531,0.412728998035969,0.185715114480426,0.210472620419276,0.101134940812134,0.616743574663731,0.16912602827948,0.432830217742891,0.198060585123731,0.347068847331486,0.214727139358089,0.709902505836522,0.276680915966044,0.220509814109328,-0.269440882190813,-0.0483498832422568,0.0598894274248861,0.295259992449963,-0.0734932842193709,-0.147495858353075,-0.242839453649863,-0.0522073969428222,0.591006209113569,0.149365951493222,0.270034393687662,-0.207290679491078,0.13703245705653,0.0540910473860545,-0.0442017533614258,0.0577227091720674,0.00696024641715758,0.0294667209394241,0.196992329077625,0.563667798834271,0.0900446264269582,0.236803348682447,0.0619080927687581,-0.0532770654353539,-0.0218051240704431,0.109187047885193,-0.0170856023191516,-0.588641369585476,0.116791309004725,-0.0580148542558106,0.364749059749816,0.281553476499623,0.296101832158066,0.161652414441313,0.245775690005173,-0.106690256772738,0.0904128274299803,-0.283711193775347,0.118531780271018,0.0299237209730204,0.0360221320369891,-0.068603466681862,-0.0439684516111678,-0.122631989095958,-0.306770107662411,-0.0249640072490337,-0.0817265779455674,-0.129768579867712,0.0266648756643728,-0.0549047147025779,0.014020241010996,-0.133108640768907,-0.0610895311228128,-0.0486669818662392,0.196325323938375,0.271367022614589,0.172778493142945,0.18203663526874,0.193663887523527,0.328476849782441,-0.425915971730359,0.217171818569869,0.146352803796108,0.216692775683321,0.16662743755386,0.137679403004391,0.261984996843527,0.143536315169354,0.0795544991760503,0.0347319155552979,0.230206162332856,-0.0560646680890816,0.208298563615053,-0.251909528077175,0.221044275454968,0.176277120388228,0.314393685879663,-0.105815409057322,0.355163600554926,0.0463129064059805,0.197373115122097,0.153661300877374,-0.00967907278083318,-0.0962509050346605,0.016163784554667,0.0551003309401175,-0.122190262626941,-0.0674110362350928,0.270419821752359,0.00461264316793254,0.0338873193310627,-0.0854564683082395,-0.155308801703165,0.228115298545164,0.354292717785452,0.122035553501235,0.0932245536643829,0.059433788523286,-0.0948243502192836,0.0518288541935868,-0.244701332920772,-0.239642261604817,-0.164079735829212,-0.138589311763318,-0.235873732376045,-0.0161498525134844,0.118217807420162,0.139199523805652,0.0591095417113637,0.196519547458002,-0.0486028900606326,-0.243878691428118,0.219212917680825,-0.107451078647634,-0.0580060311987851,-0.060948902513416,-0.160726052472794,-0.134081994219117,-0.117740250738156,0.0119024145168468,-0.102294726286907,0.00992678530629672,0.0748888525387677,-0.124975457711983,-0.319007766065777,0.414136634848615,0.152447904374757,0.0232505817362597,-0.125877295356212,-0.0652465956638981,-0.0707480392397125,-0.304026729490692,-0.141381014037414,0.176029769249485,0.268769774987837,0.0511172339162875,0.192634754071737,0.0773708088062325,-0.171954741882913
-0.100516078109799,0.395996644412439,0.605262707615051,-0.155041756525245,-0.226636856399031,-0.00374727084503092,-0.0761833115809582,0.444804055075737,0.00100507829624996,0.417515162961147,-0.113300532924958,-0.0408370383346344,0.126713096109377,0.134706715432078,-0.225817128599871,0.245033252474533,0.33060723212722,-0.0587674819701917,0.0786222471682075,0.410842972308248,0.454647941296575,0.538249525016919,0.137637844312813,-0.291628482894401,0.0395639444455768,-0.243029384534038,0.369860989394247,0.0854591764399829,-0.328286345897203,0.254401777933994,0.26219364660747,0.326496058903248,0.108020474841191,0.552344037783305,0.287730166848498,0.291925307962271,0.467716269354489,0.505286815025159,0.176997909642702,-0.191379961180301,0.381165217163031,0.199386388958666,-0.0229820790682444,-0.0531844532875115,0.256192865739401,0.114155007475545,0.223770994340593,0.123153270072944,0.580757080014512,0.444112199926694,-0.186963661787441,-0.196726847176961,0.50845675056905,0.220755651312255,0.385298630403452,0.283508921243252,0.520318405946047,0.461548954118532,0.175308632672245,0.208399730133025,0.0111170974849628,0.113412782373191,0.17634451027778,0.0803041160690673,0.165455842399404,0.974720600941131,0.821169498080696,NA,0.439594136413211,0.417208759814808,0.1679373982927,0.137033045856436,0.206109140375118,-0.279144566843298,-0.319004439688201,0.239220298407225,0.582938216903148,-0.0726429721044197,-0.233979789269413,-0.123047276963535,0.337908931806225,0.270535638856913,0.0557887486868871,0.00561844800252534,-0.406606632221159,-0.288205017824353,0.0823252851893105,-0.131287094881999,-0.143541618065657,0.447824430786626,0.087170004723598,-0.0928923602547759,0.136506883484775,-0.065836284514238,-0.145242331146951,-0.151499448860316,-0.38237391172043,-0.312932888375926,0.135307636421848,-0.170223724015731,0.694190296416296,0.176673488885143,0.621019634047029,0.425223045098488,0.500787195833654,-0.012203322648707,-0.151079111432068,-0.173350887396207,-0.386136389361304,-0.0324299431518934,0.442210298653526,0.0466544769114076,-0.0801624647603217,0.185932129029845,-0.0370549563941003,-0.366879718209556,-0.0637923192273629,-0.214972394459875,-0.397516837076765,-0.27048467210309,-0.354901799732557,-0.0358711837403423,0.0562257656592642,-0.012826821985436,-0.318537773519162,0.168717547022123,0.270397998661435,0.252700319565153,0.149320530683708,0.195801686273151,0.462307633709608,0.221537124035091,-0.112924721623256,0.31508195077931,-0.0898521462517976,0.302114790391668,0.111430863699454,0.122168981934009,0.198610947039114,-0.437857501930206,-0.30021952322519,0.162467595636912,-0.0455275492971866,-0.016989171353509,0.058728952946311,-0.0624087206412885,-0.126208351753017,0.207338298577527,0.0347504646150077,-0.175252180726208,-0.157795349701873,-0.305084992121393,0.261482606682726,-0.09539534104527,0.114305859809644,-0.27823540406322,-0.103160422689983,-0.225795192352213,-0.0267499718769542,0.669931614482206,0.419297696655402,0.0017136985023728,0.41321297702992,0.578591459525778,-0.0102023416323414,0.185034070173484,0.104464368309397,0.0722106418578758,0.245605430493282,-0.0440401236292993,0.397449786203417,0.0199036219135809,-0.156968196858245,-0.0178481832356289,0.113664892141145,0.343870724543709,0.410848719043511,0.0304460697803265,-0.0227500858663655,0.400837429939171,-0.0129923858721093,-0.229531880386338,-0.216433363703499,-0.174346739231783,0.258748754521395,-0.140627282842078,0.143714593894303,0.380250475492556,0.349462175479556,0.381169779839716,0.0182783579271255,-0.277791412932718,0.313210280866657,-0.0136145544604769,0.162921149281745,0.353358709295263,0.549989023781735,0.143156540085934,-0.205417235037162,-0.180479582382853,0.391876821898222,0.331805673718699,0.233145991335451,0.0459124777877607,0.0722033509164009,0.0397154583210892,0.306712201391142,-0.0827049921523251,0.376805411528099,0.353990021662314,0.101075711634282,0.359952997545758,0.273428856764428,0.243025217126535,0.0173097498339763,0.281695659455254,0.406287154730903,0.142669431417936,0.135416165877025,-0.00688456906239987,-0.044084391699921,-0.111818261484562,0.703647099746082,-0.0696927033897823,0.312077018367711,0.137320067681259,0.617637437268418,0.238730057768317,0.233748568517563,0.483744080286676,0.203847889085941,0.143647589131748,0.615731555102807,0.346536790495308,0.243307471727909,-0.134763684419909,-0.0746191276120039,0.250856290877651,0.367768811761793,0.0977662908728305,-0.226018099047368,-0.137714905256244,-0.173219026205979,0.52908741957825,0.335083884126518,0.589086401826222,-0.232061869365658,0.110878327815421,-0.0165735179494597,-0.163779686471211,0.223533632326035,0.299807540968495,0.0891892361944938,0.14487650474349,0.5814212981975,0.225564015647575,0.0730132071440389,0.247907509962439,-0.0709967075439247,-0.0141310878981982,0.0539513186161744,0.138552635185559,-0.378031310459197,0.381967419415426,0.0562105514683197,0.283691790034967,0.222854586282037,0.653489302911094,0.464368863265551,0.263191007428394,-0.0392775665407787,0.152494169854416,-0.20785873454739,0.205238794415543,0.0929356677340049,-0.0902966221164549,0.13911645314745,0.127676571769747,-0.203611603891497,-0.270304660656141,-0.237197557707883,0.177135574615606,-0.216593488410898,0.0193944075928458,0.125811314524092,-0.0240057364084464,-0.157457010796834,-0.139007494586605,0.145997459468486,0.0154235813081748,0.343762876020999,0.238342475021045,0.142695205570088,0.249073530342813,0.293809612146072,-0.371398512705949,0.363053152513685,0.329967249699969,0.286799341090532,0.425232374034728,0.0838072208463925,0.274052615465127,0.310085513166808,0.143129249215917,-0.00609772089378547,0.0310404148842332,0.126133117624218,0.312251105015136,-0.109688856148747,0.206675731362692,0.0304989173409156,0.300177400246067,-0.256252680706941,0.399342839909862,-0.0545181096606326,0.0589823174890906,-0.0212056467667839,0.111342673702936,-0.0740559676748064,0.0200494977576179,0.0128481493661659,-0.196381089544443,0.0230586310863049,0.00111973757148408,0.0277036304095305,-0.173674926608895,-0.0647815156800413,-0.160964997440481,0.176157276904645,0.49858497786951,-0.160160594117257,-0.121112874387799,0.0194986664243815,-0.226043250436117,-0.112559277876584,-0.167732757669025,-0.0628699349306564,-0.0542779851676915,-0.058949540072972,-0.0555491989191313,0.266123590115748,0.175192475938354,0.0870600658760816,-0.0695028738754683,0.209973637164975,-0.101685285166554,-0.14373835934545,0.170971856496675,0.013018791143187,0.0129835760567015,-0.0261868035882064,-0.218099612065194,0.00827374726848214,-0.0341540775419887,0.15834380350074,0.135607922257632,0.222052326139127,0.359041721490953,-0.136872167275356,-0.256323703818675,0.550115003787177,-0.00215534648617718,-0.0433769773238325,-0.0487278295142464,-0.164132304026039,-0.129172341006163,-0.122626487719456,-0.0713920955508786,0.183270482104922,0.34373278588083,0.216404804135389,0.262198116283783,-0.029114161602779,-0.0864062974280941
-0.0599202699295197,0.30141785450369,0.380288855993541,0.110687142069922,0.13457110780338,0.0295271310552317,-0.0916593818186292,0.507590676390052,-0.00382667166254392,0.515499927182487,-0.171076585015757,-0.133883777724178,0.391490177542214,0.216853266974465,-0.00893171604525213,0.276005401852939,0.457185891920854,0.18911620417468,0.098339389504424,0.555355571004177,0.187759507390368,0.385765668207368,0.285122670336631,-0.0785321522069281,0.0937060448203486,-0.14956599951731,0.19671859873689,0.00201974471079093,-0.100277705743464,-0.000544016240174101,0.423582111736391,0.299213144518249,0.340131540302302,0.353796184711041,0.428430074702893,0.337894488905254,0.331893109356736,0.592754531739144,0.202490819657469,-0.041755331658493,0.151653197494681,-0.145654322960304,-0.0623425038590439,0.0933210641627376,0.554144509707972,0.07026122718026,0.463002759359852,-0.02519497075551,0.274485671137221,0.174629785157864,-0.0755224444228864,-0.116246851847487,0.297884069593475,0.334646734476031,0.228714061707996,0.290612869099081,0.300177390783727,0.287457393606483,0.156329762087891,0.393157270691356,0.363147465464891,0.0539776790834735,0.0467063286499849,0.148236531547737,0.454927030321859,0.363289025551303,0.38199473557573,0.439594136413211,NA,0.498979339592808,-0.108930806012876,-0.00808091246977096,0.168727896640744,-0.174507713828759,0.0122832335778648,-0.00861926041447417,0.304936617487366,0.0532178519346209,-0.145038553833976,0.134195836917592,0.288285095840398,0.0406617510095927,-0.0719525229731234,0.0505951529275408,-0.166131045357329,-0.0816703436661654,0.275323889096964,0.153939204473309,-0.0369943851812318,0.578786506509473,-0.189156674050718,-0.207784814261649,0.151137815343146,-0.245481129577592,-0.121871033084758,-0.184440427526198,-0.140215872921256,-0.210264755194825,0.375190372511879,-0.186688492919396,0.326829005232789,0.0671975122904334,0.331025723176566,0.319843857043369,0.143211416615441,0.0604568138862666,-0.00805283980719018,0.125339815770312,-0.0532473783860856,-0.254980412796443,0.305303592770812,0.148432333621897,0.104426177074732,-0.0328883305913817,-0.0543957449444817,-0.367074782923687,-0.294380979158459,-0.010406968384706,-0.183214697387356,-0.28108326134298,-0.0856656000103891,-0.152874761755185,-0.0216238065681976,-0.228887571237178,-0.342594676131911,0.10490409156335,0.0386380268452866,0.133066999171713,0.0636453810605949,-0.089335566028173,0.300094359858754,0.292611713375494,-0.0836796616960166,0.129261637461298,-0.159596880271185,0.244960204058791,0.387103399695175,0.29692968342683,0.111649179537954,-0.446746374788455,-0.139415199896327,-0.0564186990418947,-0.0523805735325064,-0.112175988790185,0.153200334481778,0.133118081289755,0.0282931152245019,0.191367250540042,0.198009421520813,-0.0279626903973645,-0.0986746783749129,-0.288781833330367,-0.0365915321962294,-0.200216855850968,-0.0805238826794425,-0.1572799799032,-0.0495205117772959,-0.331846994624705,-0.132728426849391,0.24606667084047,0.393227224198983,-0.135125467535379,0.391716176680742,0.257776114032074,0.0159304240788729,0.346370822835549,0.0142054046054775,-0.0709836113791104,0.412441635685788,-0.0769640410114003,0.396161296597119,-0.177592937996671,-0.217842554920876,0.0363032516860865,0.285039012856345,0.500804352053379,0.541360982387279,0.193363976194523,-0.0484120559812312,0.141361209040221,-0.0478442988848209,-0.00824718619219453,-0.29074552370936,-0.178209005245515,0.139736658957013,-0.179615884889479,0.1387738377349,0.0754140931200855,-0.0075696375837338,0.355180214154109,0.269306803653928,-0.0548014637621532,0.474988806742258,0.197739616314858,0.190291760256451,0.195925867884716,0.487916788069673,0.38497225930141,-0.455908750153074,-0.239433621100023,0.360257625527909,0.13486748252064,0.20186191199409,0.36268211665399,0.175457171723092,-0.013901947368727,0.127219312126407,-0.0938927936100803,0.432661536097456,0.481805022506623,0.270176143827189,0.218358632106174,0.335110087240297,0.321570489574171,0.503649575198273,0.389628546037011,0.377289086385447,0.0752298394584725,-0.00548957297337387,-0.0838962480387348,-0.132161279483978,-0.112170871245447,0.415044392008455,-0.025274198284272,0.0967361696587873,0.079927365957491,0.522549724763341,0.184135392063321,0.147749506982426,0.394046542005638,0.0078105746113047,0.0893903178462559,0.446708278075697,0.0790301291976261,0.110804655781625,-0.220301070482501,0.258071106301311,0.341562505235288,0.413379283240338,-0.0293004010250175,-0.122522324674448,-0.016754715596627,-0.270547575545655,0.370904806959731,0.125285014714257,0.427575238641052,-0.390378769894202,0.0789203661359357,0.16058966162227,0.0608932860199715,0.348895115550603,0.294204722862964,0.0666388917050028,0.252626879703831,0.72488110077572,0.412314728937239,0.0239510207259837,0.161568209199478,-0.179418122788671,-0.208237146314513,-0.051295470059411,-0.0493896048910193,-0.369785383150201,0.295099507298744,0.180309991230357,0.0209270702463448,0.183014729384186,0.378048215426388,0.457919837940637,0.423654116451767,0.100411475641322,-0.0824915825258617,-0.140932433888255,0.186040174558961,0.253520274653579,-0.0185375987904176,0.0320649728990762,-0.134478482482202,-0.29771532334765,-0.274904700699256,-0.102538063928998,0.0712431001130579,-0.255116668782978,0.296965357998711,-0.36398928415433,-0.0451866141190292,-0.349777460013697,-0.305225252594148,-0.131827833618062,-0.0947771761825061,0.128520412224994,-0.0311842675795729,0.109504277773768,0.0644217762507634,0.110505463671024,-0.294274529238468,0.499707611627372,0.344190596264841,0.0312698097351567,0.306651955778642,-0.0305247719980042,0.128651912664903,0.373418876273233,0.188165812006846,-0.181500556334191,0.0185140427933208,0.233397429972269,0.497036020294729,-0.0321335719240838,0.245653530611545,0.122057071840954,0.176984497189446,-0.071075402089414,0.28281686370153,-0.165775232334165,0.083062171181428,0.175192856812068,-0.00155566508582609,-0.225412400860466,0.0814155436821275,0.00983139558661454,-0.109933122183678,0.0072221829082956,-0.0525264938198938,-0.0844781158851734,-0.0417162728211298,-0.23475457763882,-0.183399285364092,0.0841728519317819,0.407418104021988,-0.0523298841537218,0.154834606103225,-0.0357672235571982,-0.268626220954174,-0.21798959279777,-0.0639843952950988,-0.0129650527081156,-0.065628934542769,-0.0140705450986778,-0.134397084114184,-0.0526175155381667,0.0154588199940563,-0.0187921335885485,-0.0900557495985217,0.118647221450411,0.027204980288895,-0.260574775500511,-0.165415893842353,-0.187170822930886,-0.0696406676459246,-0.23760544123584,-0.160562045139133,-0.267936483847664,-0.264726830600874,-0.185215770877573,-0.0539755127948157,-0.013968321995896,0.100536923783784,-0.42801823033139,-0.225620464917402,0.176052184427215,-0.09964665140507,-0.285804473670416,-0.443759763956755,-0.412089592324399,-0.235830640297209,-0.153090249482642,-0.153580937156807,-0.0374327912963928,0.130248618927892,0.234862405738126,0.217710369286643,-0.10546477430214,0.0541586424260192
0.264743698817316,0.303480478715535,0.313650499672216,-0.00333668115094443,-0.0171338912182968,0.162998765241686,0.0789358497261773,0.416915541974061,0.304996085575101,0.46200074039167,-0.0792293305283841,0.221764790266993,0.370502605883146,0.284033341884577,-0.204661752848669,0.412117742089092,0.19587321396683,0.305682469711877,0.14313261758044,0.485274490112297,0.203909349643416,0.0278133278858436,0.0936854523581012,-0.00914670221748402,0.0979448528926454,0.176791794256492,0.182765001111632,-0.0292321245367957,-0.0393931498953017,-0.0539751324688039,0.446546820010005,0.219095569430752,0.253598125773688,0.137717496884799,0.381363445416945,0.434289144712086,0.330695803549094,0.453943546534536,0.0248736480617625,-0.231707286700239,0.0182191689055748,-0.0982940291691836,-0.0986081375799081,0.168473203912119,0.349677092557827,0.222462613453015,0.522687435323329,-0.0549760137601617,0.110593624343777,0.128439330268807,0.0246971455537646,-0.137526116405887,0.475205049918385,0.0551492209281215,0.23285455176954,0.138361976158201,0.580675538020717,0.210450136145435,0.352130195712006,0.0146686612009089,0.338693461051761,0.217783593141805,-0.0743547232982809,-0.0577842055740811,0.565865286186104,0.315560312453081,0.412862702702875,0.417208759814808,0.498979339592807,NA,0.197769546603639,-0.100494290297119,0.273978637608382,-0.21807513232202,0.0804962201996971,-0.0366641204673128,0.38390470583254,0.143360328986772,-0.189559712431289,0.102000586154643,0.269952976712967,-0.0847677345921934,0.0615641708405273,-0.0877046084089729,-0.135135871855711,-0.0101184823329425,0.215657048940573,0.180488255638793,0.300424426428426,0.404185034097449,-0.131345233257427,0.0776762845874501,0.358243270260543,0.147084502982322,0.210094892205768,0.120812371235072,-0.226182748584795,-0.210470258139355,0.302021135104073,-0.0106311817545708,0.424314658960815,0.00903115915439814,0.245926254329077,-0.00825060795590402,0.0405026832469304,-0.233232377570617,0.0356889591050573,0.178789201909196,0.0743379520903058,-0.219856012115861,0.226155726589991,-0.030892306932955,0.164352015022399,0.389377420393617,0.014188020037996,-0.10915527872845,0.0296998395986159,-0.159232391381523,0.051460480726639,-0.0846863116796005,-0.111506245395872,0.123865717046031,-0.0153288833832262,0.059475557398546,-0.11604584862352,-0.0696590703098763,0.0906862239379576,0.388177796229316,-0.11087118516551,0.146640699120875,0.336358306215303,0.278671614056557,-0.00264968105357628,0.0553062432130488,-0.0216591068860375,0.449691854683259,0.237227677902418,0.018686857503721,0.0684480307859548,-0.595856387165594,-0.241866632306316,0.145754178572632,0.0300720040524868,0.175126647898257,0.189724522688886,0.244533034001108,-0.130193973370152,0.240330167256875,0.198891619652624,0.103197357673158,0.113977830276778,-0.0749151872943605,0.0664021259161196,0.0575309338914139,-0.101507254160208,0.014633402246601,0.0842940158579233,-0.103758135618482,0.0179612046260387,0.155861156153522,0.175753160662117,0.154087986098661,0.324590486942301,0.331295690128779,0.0642543808999494,0.264147865248112,-0.269908830959638,-0.337342772056505,0.26020798490908,0.01033250583378,0.470129758336433,-0.212058250037059,0.0830417034020827,0.266956555749889,0.184257119830445,0.498407560299192,0.612029803059507,0.226464434982635,0.121220046635741,0.189819367709423,0.0638929644782481,0.0100403605743157,-0.234788826237514,-0.112818811311657,0.153579642092508,0.0816975434263901,-0.0750217188818279,-0.0140641973564634,0.194812828749261,0.457237624074218,0.2535906785273,-0.0410872926544654,0.471173613059334,0.344318149226597,0.324780102119063,-0.0241860033480951,0.392084204222793,-0.0870331026037912,-0.256671668569553,-0.0781679677818731,0.501142227827161,0.301415877971875,0.0593908430584866,0.152284584947607,0.235814261219643,0.112148473163612,-0.196723908556262,-0.26843922602532,0.278020207453386,0.288869412147925,0.184757577249388,0.399638444465421,0.542660297065962,0.495484528540203,0.163125756366146,0.483983901284184,0.349266982254676,0.23247247105634,-0.231126932002169,0.0189882929982647,0.067150907505232,0.111421485503281,0.217828537577229,0.177512625030301,0.268327532503907,0.080690117855496,0.556002586669282,0.130241596719765,0.196227668589134,0.258932548378997,0.2248847417469,0.249210971328967,0.459009006527951,0.229156612738563,0.130139022797703,-0.412585624793333,-0.0601722502784165,0.287187081963067,0.21814520029366,-0.39297474550185,-0.249631618664582,-0.187012867249864,-0.294642770838946,0.540689896560259,-0.140601582566501,0.225160016676422,-0.25143717484456,-0.236318248698789,-0.126893701644171,-0.244984419626779,0.194402601427721,0.284317757592952,0.144889689411912,0.223077785098022,0.388359604873298,0.336160687643992,0.165203003684759,0.201074936370946,0.0303378369104251,-0.0730633514074144,0.0812531368839127,-0.117879457131218,-0.252801719711006,0.399122782255887,-0.0235134426503709,0.0727204651700984,0.267925604231072,0.463737298539678,0.337659779086094,0.262861924364543,-0.151902439821051,-0.21897262555777,-0.357239783453877,-0.0165419937560208,-0.0903600678507894,0.144502746412452,-0.20559705829551,0.0315252634781939,-0.0689445328091982,-0.384541806356872,-0.0113924601446836,-0.0882895117176739,-0.41192635311727,-0.232937805429907,-0.140262416961114,0.0835725938199041,-0.120890442516232,-0.0958335699336205,-0.0786002286931066,0.179390679029377,0.27257081107256,0.0886120690169417,0.104734728666582,0.149580803964829,0.177721086576503,-0.133425922660154,0.414372501053794,0.260170021907617,0.00134711947992193,0.192293844689695,-0.168758583175658,0.0438469113594385,0.228652384206342,-0.0347722855570751,-0.329152351904735,-0.192542618834318,0.237325151753306,0.298671597707033,-0.064286738597582,0.378112501882591,0.496281507089858,0.154983686865477,-0.134868245851729,0.168778926966503,-0.0160375410646577,0.142211770476967,0.0699700297951756,-0.253107145458411,-0.126060420205747,-0.0822072434881586,-0.00755326201672741,-0.00584593782885525,0.0684587399998065,-0.0044455064545637,0.0891414791477787,-0.114685438352353,-0.17623212784037,-0.284270468288115,0.295233227704748,0.162183008284765,0.0302704291943398,0.0703205224016261,-0.207443048528693,-0.33320288478026,-0.0660721014452113,-0.318043401592525,-0.195470998769591,-0.440488340869835,-0.271003931526414,-0.488933347459007,-0.305868000584247,0.230313828674378,0.295486487769882,-0.0371149316600733,0.173128986740858,-0.321102291822124,-0.3184551651515,0.0588934793097572,-0.209357212483396,0.0184907479689569,-0.259462133332078,0.0355571297046764,-0.227699062185661,-0.0740399057896488,0.0345117321849883,0.074922286891474,-0.0362561726633691,0.0563945465016191,-0.288162845809897,-0.0118632107457682,0.130508860003147,-0.118919895837832,-0.248552064145971,-0.303125936261295,-0.319194177729975,-0.303542559524812,-0.12619431075515,-0.27890010580708,0.107723693753285,0.0968903006966667,0.00294579346232231,-0.154675921630694,-0.196216514611063,0.0472767270823206
0.0935785638524875,0.0478506831593075,-0.00180991131804958,-0.294591566624898,-0.0330488701976554,0.0871367951429937,0.156329491379883,0.161385392151613,0.00969435449559201,0.342782938241926,0.151765482003652,0.0973748579519038,0.216796345662261,0.20435575982856,0.133389932109047,0.148039161158459,0.0847517153603185,0.197913162313463,0.28251021912537,0.0962946433087625,0.063092375110774,0.0222145868159738,-0.185240679291917,0.017618110472424,0.0595668562829021,-0.12654790736711,0.247588225829886,0.363799676820839,-0.0618473485237409,0.0887204742699565,-0.0835261855995103,-0.132640211137706,0.0378611478324922,0.0997434639404119,0.072169001987302,0.024159224991373,0.000487000451591926,-0.0267566801029132,-0.145238127441961,0.162095056100316,-0.129797840626376,0.0969267523119723,0.307927392389607,-0.0615544724991841,-0.0681245749131724,0.0470942992760741,0.00542755492367453,-0.0738743949501017,0.0450341375972263,-0.0291732336652809,-0.0287137936955073,0.147605997957624,0.143757002994847,0.146491579770096,0.0327297336857809,-0.119587862774169,0.175147944589985,0.127910183909763,-0.101962461720425,0.00923893875953434,0.240348686150347,0.102829823293705,0.163496583007873,-0.00417304271436774,0.21356851334971,0.403627843985923,0.286256833396862,0.1679373982927,-0.108930806012876,0.197769546603639,NA,0.495096406463576,0.395240676102892,-0.0149432420631003,-0.09860552147246,0.467558497779581,0.329237849909547,0.000802064969105624,-0.213862703145351,-0.0233307451579826,0.373066825501713,0.309089587385345,0.420197294125204,-0.0401659725616845,0.107136823080147,0.0023404754630998,-0.236166549074713,-0.0748302650566279,0.0484671222534392,0.0224662399026448,0.33051958103569,0.251821194009782,0.127046864619473,0.157673821320448,0.166724792086815,0.0934117830506514,-0.319793632837089,-0.276449510277294,-0.156075824769969,-0.0513711250369385,0.251640967025467,0.328358851706925,0.265221958407239,0.180290793521187,0.155965892073972,0.0857137334162251,-0.138924244841338,-0.0903072512097155,0.0156397992351064,0.384290616114365,0.400505045648349,-0.0354412018656177,-0.155060158149905,0.0365386332263747,0.0446673327204412,0.0254570428857083,0.170119386414945,-0.0998078683062007,0.152714516494459,0.0588645009171074,0.0294900912592917,0.136154718229309,-0.102898577599311,0.128789390619482,0.142002174989,-0.0722348628747695,0.240001432933905,-0.0540343226642117,0.146149670784721,0.305309280779369,0.207290600109749,-0.126969703406058,0.142664340368937,-0.0936364657994581,0.392296630488,0.0573277449659055,0.178409181445869,0.0440269093570867,-0.0966310254103387,-0.0292203837148997,-0.128249418784414,0.161271251681098,0.258610408929827,0.221129897218946,-0.0689820678182412,-0.0710260970761581,-0.0494545392424832,-0.189427563011335,-0.041184464674365,-0.0844526850466491,0.0173492574965072,0.0724619756784156,0.30470973028915,-0.0268316719052528,0.367717327658105,0.130256766357225,0.0155061819844398,-0.16381237450155,0.135674175206215,0.366147596751576,0.361530417987982,0.206491579457495,-0.05510652628625,0.167916510632178,-0.105580266428519,-0.0310630876897907,-0.235463353767796,0.0708751200567827,0.0254011639009407,0.180731291301177,0.25750491820989,0.156501040158518,0.0162583379401486,0.169022133546646,0.0780118487936211,0.14170526429898,0.0739522325868009,0.0195481000281381,0.0271851487671854,0.0735518379411736,0.0231917299529092,-0.162949552991528,0.220519064394983,0.0288264145021781,0.217201166659165,-0.0406656504475855,0.139293648490591,0.0431033269626446,0.251804298611074,-0.0410843720705596,0.142228601242225,0.113792188643284,0.0464666614610868,-0.0380429728678147,-0.0282297126229205,-0.0426617723886764,0.0328661235532978,-0.145597784583544,0.347558530185851,0.0928469765142192,0.114561049937257,0.131955705387967,-0.271343070023899,-0.210287105095732,0.0108095209276557,0.0352358788242883,0.230909669247993,0.0760370501754958,-0.111205473300191,-0.154040272007653,-0.127141321318883,0.0356249653240618,-0.0673225857413818,-0.0640363447005095,0.077022035245239,-0.0790876953984505,-0.149595028252659,-0.12123087398122,0.189635419815451,0.120548858880279,0.265396462442801,0.220826577500488,0.109442923159049,0.196930477558217,0.228299105874931,0.127986651546132,0.438951931616693,0.130645409950675,0.175537981514578,0.263338251500398,0.270643563692095,-0.0875937124707988,0.229728701033876,0.5094219731685,0.503303397522913,-0.00757592784158986,0.0463986256941652,0.154928200346309,-0.212176311354528,-0.0873989365206746,0.0413873409011329,0.00869202190769643,-0.166383562329602,0.114882488990592,0.267964076139252,0.19641752284871,-0.00278274743665676,0.190286916597026,0.0913192200519619,0.124486326484314,-0.186652671888197,-0.134304265376281,0.0044579376655256,-0.108203786139763,0.160331918474319,0.0513003165808875,0.229520267725629,0.0163389784486855,0.192853416356862,0.131452344871053,0.274735912982039,0.107118203012333,-0.23874051163848,-0.0922825267226988,-0.0600236174034262,0.366248364187481,0.337549371112632,0.231282390893591,0.174326307977994,0.122588604572191,0.170124222422864,0.307582615595938,-0.0561339813447911,0.217438310887636,0.101811606714261,0.0761050136902778,0.00586619014953121,0.119339779264873,0.181705526593619,-0.219064948776394,0.178335275543151,0.0337226160115282,-0.1396363520737,-0.200182450381525,-0.11560849924575,-0.00166124589318108,0.0775362006972645,0.00996494277208932,0.237283648857145,0.301928132780503,0.0274749205145587,0.138050478567342,0.289944136485312,0.27793348699037,-0.0198328771126945,-0.108497584077464,0.293253541862302,0.0203410018238334,-0.00842869903822658,0.191978700226536,-0.0613838663067712,0.041182163970268,0.0570258273097554,0.166331163416336,-0.132929129644687,0.252771022278039,0.118974393350409,0.0696134371110154,-0.341678030637025,0.0521372870103538,0.146055603938116,0.300574281395326,0.0672011534808095,0.180415107998173,0.144612662698718,-0.0201307439361015,-0.119530338654263,0.104661147454823,0.0926348673446589,0.0138728128596499,0.0905452462603119,0.10656258301465,-0.015838976247745,0.0155096747399299,0.0202596619908847,-0.123421148348775,0.157010278708865,0.0499288460063428,0.04283586190388,0.25902960891775,0.0945654288155865,0.241124086560016,0.40153636335683,-0.0829122696074852,0.0146931323863569,-0.150038594846602,-0.199193058971786,-0.092625257703976,-0.254002145392118,-0.0405719842502764,-0.100091523469613,0.135977299209969,0.413859252071026,0.114582536006076,0.305200054384758,-0.0138175226842751,-0.147011389524403,0.420651366821125,0.12648297349739,0.0278144640698666,0.0914147072858722,0.1221386802654,-0.0165164010118644,0.0845973508257274,0.339239081027651,0.0483131459967422,0.198990566414829,0.131883149918555,0.21913302872099,0.0107284895539402,0.161395674035183,0.00171532501605713,0.383119815437464,0.183260324204229,0.231610826610993,0.251942157119389,-0.151238642566419,-0.0182703782662771,0.213286237992711,0.19000780964744,-0.015192582271784,0.048695455363339,0.0229506843441651,-0.129579398762366
-0.394920547349701,-0.0432461400456682,-0.223381280441711,-0.311842925072292,-0.0702792901238883,-0.0416660266554224,-0.0525019102375484,0.101683101730857,-0.33523965315873,0.201837189282368,0.083633522708013,-0.18231464334425,-0.0684286202032708,-0.0312777691956171,0.385188092254639,0.0551084813910312,0.156146439581418,-0.0371286121873708,0.204764153793171,0.00350637171989504,-0.0994539643504488,0.216481965833999,-0.131237844689137,-0.177487832441501,-0.0926334101093697,-0.239982903846337,0.310189652443114,0.41225497366861,0.029064975500244,-0.0412870483130738,-0.341164633384039,-0.254302758763187,-0.00516911125917764,0.0398647775195794,-0.0354084677511706,-0.0935846641646848,-0.132034829557856,-0.0578048212384373,-0.0522845341806455,0.0755801654869387,-0.15714114634833,0.00395178888457894,0.204930752275633,-0.256766158222333,-0.0714926278073524,-0.321977586784875,-0.200667002932227,-0.0503637980615963,0.0449854493112669,-0.124979022701464,-0.140271900332441,0.0689724665903089,-0.1083355297418,0.243021287242806,0.13681439629084,-0.0646949091878034,-0.100686351326851,0.0626610465894356,0.0330311040352467,0.441151343929439,0.0536116234006712,-0.072193118296808,0.173112959817347,0.143385847637471,-0.0629140638096058,0.133053161133764,0.0578568106296257,0.137033045856436,-0.00808091246977096,-0.100494290297119,0.495096406463576,NA,0.215543589488454,-0.195899245595856,-0.326651133110767,0.513592047893426,0.246268707809428,-0.247362141391836,-0.213845833909105,-0.0146968497141224,0.235633769466324,0.511378285861295,0.405113134759028,0.217270118549462,-0.0493614912039914,-0.340467281479144,-0.120583569744033,-0.390607403411069,-0.223288869341753,0.0661067038801358,0.118619952981804,-0.112886337997655,-0.124462254772236,-0.22499308296917,-0.318054188696398,-0.061008551451408,-0.13209760311309,-0.177439001613457,-0.176794989449941,-0.176055181737532,-0.0445165732324969,0.377339850305754,0.0975272791205718,0.3532670727846,0.1017712843091,0.12822683010358,-0.305407526948896,-0.192139455373361,-0.442964194097557,0.182040878350403,0.204981437218266,-0.0140088348894731,-0.257211618634358,-0.266700402202991,0.076858357855031,-0.172929769861703,0.0594012728995469,0.0663245262049755,-0.288989573598302,-0.487510660261529,0.0123135730843605,-0.0488432696565127,-0.119241740824788,-0.184169852776441,-0.226903055187649,0.142988817308778,-0.0341500436546973,-0.0436522995205937,0.0278858671419293,0.0143986537944546,-0.166898912006232,-0.234271229640166,-0.0280853622929272,-0.14042812190728,0.158270301140692,-0.346219341631315,0.0356679561689163,0.197004793413669,-0.211438730975685,0.0902641655188514,-0.211628524215629,0.112579066388422,-0.108449299738657,-0.158305411819089,-0.232190483218401,-0.252678435402748,-0.0157667575333363,-0.339000645777439,-0.316067984040266,-0.33549755719539,-0.290324442264961,-0.0532769403175799,0.175831914763616,-0.214819010945271,0.12994093823,-0.2913390569556,-0.0930565523336276,-0.211149038822545,0.22739248683388,0.188935339915747,0.120835030593625,-0.106086490640508,-0.190691932702893,-0.0352555491359875,-0.112808344500549,-0.114741889738559,0.305701442465801,0.234711986017399,-0.0702209261829515,0.0938384378152361,0.0702442171004044,0.320820535677828,-0.151197419739686,-0.235098246291741,0.233096990042274,0.0947162528603459,-0.189335200941731,-0.125010165189483,-0.194735798384833,-0.122274842019784,-0.165518063607205,-0.0445279692400749,0.426391310131089,0.0686799919843169,0.0845691856725362,-0.263296658108144,0.143962068318508,0.016237381913465,0.0405385074741832,-0.238936397889359,-0.15067239896322,-0.0836565186666334,-0.152494974827679,-0.243797855259552,-0.229561156944917,-0.037954076219328,-0.206146198297459,-0.0436430444067913,0.180365642407902,0.0515820586882668,-0.354006692422325,-0.287049445025641,-0.239869165965205,-0.122735150902523,-0.201575633038142,-0.262620336042573,0.4144262280749,0.302721855343533,-0.281700451933294,-0.124202876710179,-0.0431339460965478,-0.213697240550825,-0.347802554042355,-0.397877144991562,0.194205399643141,-0.309049256569242,-0.219558728999392,-0.325126112899613,0.30974615104408,0.124423216789473,0.0949166992800139,0.0486778934054516,0.0439750589099345,-0.0997978422863895,0.0340983875358483,-0.0527413385413161,-0.0447317833749786,0.000309296529404364,0.0861173759755135,0.116669811675588,0.121799072810456,0.0681443087001961,-0.0557332540780055,0.113592433112569,0.565253144903513,0.25177900061696,0.149326896981088,-0.00329940199869514,-0.129554242533641,0.250611519819497,0.0992261612165967,0.165196111516295,0.144413638639872,-0.0871161599518987,0.413326108371247,0.124977498757216,0.33038454792341,0.288661602347084,0.260925153449196,0.3811409606173,-0.153483890435561,-0.0859943150433378,-0.0992893843409143,-0.0277822288723043,0.0438479456717804,-0.0772122506549476,0.251084948386109,-0.0939989247799303,0.0260050869406737,0.190289560731551,0.17226512434458,0.324232062627863,-0.16302065863344,-0.170077207069309,-0.106016527442426,0.147655995263282,0.133353077403008,-0.129177062406327,0.0844305073176108,-0.262156896151539,0.228190352774597,0.357070542625615,0.0951367935673629,0.176012457945409,0.362388789244343,-0.071175606608504,0.352090095407697,0.145953861245439,-0.082721089285819,0.0877678470957773,-0.202095312189153,0.0899474802745869,0.034102605009969,0.0480042556633359,0.114243222941875,-0.00514215149795935,-0.0638870761392252,-0.199602742689977,0.175013598071837,-0.0488138740080353,0.00802165258593334,0.0749830428460541,0.141124174881833,-0.0693384777877291,-0.28073538498124,-0.0895608604261107,0.19986560312636,-0.0899224475413349,-0.0692180324923919,0.0354637032390074,0.1601917422066,0.0961170794872163,-0.266200468104581,0.27174938883796,0.0604365845323648,0.350588492179613,0.0179720569581923,0.210592666292464,-0.303745549624356,0.0253412774685145,-0.104335685758742,0.20033310460766,-0.0683323868093385,0.0136583609765099,0.0914391247516011,-0.046452080099825,-0.071660773577445,0.458014141180462,0.0532671159114952,0.162487903667691,0.0940237077245442,-0.102815712301864,-0.207076657543226,0.107630412469657,-0.168281214902255,-0.0382926706870908,0.321450168254462,0.251233009113698,-0.0404566762939638,0.168769108360277,-0.109230043304604,0.0758141518227718,0.327543755808016,0.0710956245384728,0.0365723534643024,0.0414627158806955,-0.0238678431118624,0.106822152984424,-0.0373395111688959,-0.0161611188449535,0.152781314421735,-0.144742063852432,-0.0777384586780618,-0.14361732267448,0.26278981670349,0.220441233454273,0.121065311893686,0.235705214894092,-0.000407136444574631,-0.132049969520042,0.0709270488679948,-0.158999008608902,0.0666506626405397,-0.0492478010656187,0.00485358646360901,0.0140808803352969,0.180295051180183,0.0398419802991384,0.242915370356504,-0.106135918570444,0.0371630499688184,-0.135432173701143,0.073401285576323,-0.0653122137620546,0.25248539192402,0.0970440623177873,-0.0144935316556817,-0.0242746511358157,0.0435678407763759,0.208261565850798,-0.0328881965567504,0.0808657870156448,0.0514521144202762,-0.275889657965131
0.00276161523566273,0.0630468658070113,0.288841500698817,-0.108958068584611,0.313128352564297,0.0439381939583151,0.324492941583874,0.421361944848656,0.160912328926926,0.270258718236529,0.381620433514819,0.0662977477133615,0.27587417046258,0.198731495707521,0.308174129850748,0.33193600152387,0.284701921792045,0.159626972269047,0.0111534332339496,0.241035706933074,-0.0136575787942886,-0.031200589108634,-0.0378264018466644,0.0067161975953541,0.130687462480985,-0.112187667047898,0.0242141965858668,0.0640960351122534,-0.210051003197679,-0.02993529972889,0.0947165509032073,-0.148228372405246,-0.024232190944696,0.0987857568765783,-0.0435758613823321,0.0612725556535063,-0.23423984523513,-0.0447690440624257,-0.178071262323814,0.195177237404858,-0.166416965538176,0.166865951749774,0.168104993001625,0.0490108923022683,0.108321917028398,0.0665718430649612,0.125307630785888,-0.0857290544985763,0.183815384548121,-0.124588366063163,0.00356362336153625,-0.00328317890504707,0.223343030524047,0.00550875518931052,0.0225346962007668,0.0521112707855144,0.179608631472793,0.0807065201680877,-0.00948194807775965,0.0242987128185867,0.0226460264482948,0.0487763641540358,0.190698113126105,0.156135340413471,0.20903279119499,0.323495531750129,-0.0892288089636743,0.206109140375118,0.168727896640744,0.273978637608382,0.395240676102892,0.215543589488454,NA,-0.0389521616437757,-0.0589570736669437,0.0653833888470041,0.120251377038637,0.105483097004573,-0.0828334289994741,0.00165967478678766,0.369175348712697,0.281833032651229,0.235973171708,0.150349935200153,-0.134020875741368,-0.0965910460393732,0.161027547709487,0.162453803335707,-0.0456214242524015,0.0869007518942306,0.181394511870229,0.168874455083113,0.139905494260977,-0.0442084737326686,0.0148268450935314,-0.0370997501819184,0.00847201976126203,0.21198032962145,0.23299535507486,-0.0267051042106617,0.320722305434802,0.389825254292566,0.324077914160573,0.182762356886141,0.103765835203556,0.195959519903133,-0.154395418751588,-0.070817715585072,0.0927602228724613,0.275407126873212,0.240945568056679,0.0452703936232921,-0.0982347048308208,0.0132925626260207,-0.0587385534768272,-0.0763150132093321,-0.0192298119308056,-0.0240424427561217,0.0442561337258041,0.00118952620884221,0.0594246107624408,0.192764169271941,0.0938340852816283,-0.0678131437158452,-0.0683125384540071,-0.0399728058372385,0.0750244482064907,0.0905102050951783,0.26868271731645,0.0974811953978965,0.270778867434826,0.330353096318754,0.0481453512964287,0.121820442383986,0.0995630107438473,0.137896907691089,0.520815700171844,0.38074136112051,0.233736188632963,-0.104174409246166,0.146122036235018,-0.0142287270157777,-0.0427643176759294,0.163391837941825,0.116635198211174,0.00808537860618959,0.0417835640573257,-0.0360844215174687,0.0192035322535879,0.0361199266339212,0.0335470553698761,-0.0304025343261457,0.219112323106048,0.00070929763018643,0.321036602555835,0.0690744005974882,0.059869083370036,-0.373037594672483,0.216400355070027,0.301299528812697,0.332638913289308,0.0385691505230121,0.0345101142755744,0.290509532489725,-0.195846104194498,0.356733708432942,0.0965807997541498,0.131084699848324,0.0183756123920998,-0.0745037006876498,0.395911792543189,0.148432385089281,-0.0748030062481151,0.115689858641301,0.351844964735006,0.399152216051734,0.269618547894499,0.196581199618477,-0.0801486299270313,0.00691829623671076,-0.0579541158748827,0.106374338977387,0.151824406894923,-0.0788719880075099,0.0115158368819555,0.0558690475256095,0.171251332958539,0.0427730967457875,0.0711761022225305,0.0635573353464498,-0.0747714070040631,-0.286877447488429,0.0143218786862978,0.0493148168601869,-0.0877147561832624,0.00280224156480943,0.243549152384636,0.207733527796737,0.0315751684801535,0.0645527859169805,0.256789192460375,0.123703539088716,-0.101742752756765,-0.0520076859286178,-0.102245277434391,0.0596798682973728,0.222243426287576,-0.0176297781013817,0.10736092530707,-0.196492316713826,-0.0630270636513286,0.118488419137686,-0.0599777650370966,0.143102806474298,-0.0161817331845505,0.162064522061343,0.0633679969810209,0.12448231225051,0.143751678551195,0.0127105526908241,-0.0138931850696357,-0.0281614844319692,0.0992862574315788,0.122411115185475,0.134856216936082,0.240125828155954,0.450431288844184,0.260482481062193,0.0571725597910255,0.296779703685838,0.0944533488340826,0.08770941907997,0.161234748964045,0.0396174994114878,0.293750274049268,0.050320921677919,0.0760296161661764,0.229374644904132,-0.00518612929211856,0.0585438425156457,-0.10749369378613,0.100067679487459,-0.14630548548057,0.00584937226099617,0.15231703782361,0.340618446953712,0.121700256180753,0.184596631424019,0.148021922331853,0.0224979860175558,0.167647854533976,0.247487693558833,0.0954267240677953,0.0526775610711136,0.035101512351551,0.438374441432251,0.0914788067993508,0.22684379199075,0.0664975723162283,0.0767031372961442,0.00603132722212519,0.0909108381066539,0.0268663222346469,0.227799298924676,0.056815299058326,0.0622706734917638,0.228920001533239,0.339751839676925,0.359052946890219,0.0796144394779908,0.363688112976651,0.255900618061273,0.028953318873604,0.157791278240741,0.238067292976168,-0.0422626193939265,0.244783534712892,0.177109797847659,0.0905266071400635,-0.0724378672176717,0.074484906270799,0.0491520683517052,-0.10683376364736,-0.0774489272413223,-0.120869489180499,-0.135192860805989,0.157091964704355,0.0187628224853178,0.149425807388391,-0.0073486332670315,-0.141872353753319,0.113865046630485,0.212681563406597,0.153672099758668,-0.0414427992438268,0.131052500863954,0.3126678858767,0.286415023206837,0.149216268748106,0.0948293637811249,0.118128620318667,-0.246529439317473,0.247134815552769,-0.0484203637584412,-0.150279537700138,0.0599296720110252,0.479276869152159,0.302717915596673,-0.0607286546471981,0.254962246065184,0.196877563880476,-0.0498214012023159,0.116331461214085,0.181299515704864,-0.0450434962267117,-0.178820843708684,-0.231909069317394,0.328771503465988,0.0746272662947056,0.15436646618437,-0.0229365333610823,0.0649943726983858,0.132027755466341,-0.241156278767954,-0.0336561905605601,-0.159528495366272,0.0936689204713934,0.00666299080176946,-0.245901387523222,0.208087394798854,0.133006570408788,0.362740967917893,0.254213795541328,-0.0822172137888748,-0.201369878757643,-0.000835087420639172,-0.0970082928373377,-0.0869527300637074,-0.224315104431109,-0.00767039436221251,-0.0385135735670067,0.14360795725692,0.32222366380535,-0.332621631018756,0.144004802231011,-0.0859099064323708,-0.095744811297203,0.282926365758808,-0.0674810260936252,-0.120873360989735,-0.160436008518888,-0.024078058404045,0.154405670833407,0.196277477857492,0.289773735112481,0.258639179344206,0.374249539647386,0.290077204862828,-0.111735304937103,-0.00364916762534003,0.0908611119650413,-0.198554276585711,0.104917766493358,0.0125984394969203,0.209617900608711,0.074996999313536,0.0623153839099756,-0.0297291958556817,-0.0408510834023134,0.102950726419716,0.0770409779198388,0.0362327043108713,-0.294260986955019,0.0942743193188431
0.0644590813224126,-0.267665558956795,-0.210260730793613,0.399213426685053,-0.0063932927453969,0.137877536753875,0.0931251688908931,-0.338053832858353,0.328214969292472,-0.0541468175677763,0.0843253856845364,0.0952751322269299,-0.0861962156456798,-0.0104173422530658,0.230302138623838,0.163707406174225,-0.0642600022614162,-0.24092632794013,0.109940144713741,-0.224888688237147,-0.0997561210468421,-0.160908012298544,0.284098876680741,0.758726393897887,0.437901812361538,0.431442481907147,0.0991076017767476,0.105069018560714,0.188301695745243,0.180306179326293,-0.0742331043121031,0.0194337693808636,0.0363674717604897,-0.0381573981264615,-0.192245384928475,-0.023790065455391,0.0365351740454851,-0.37038977615346,0.1731917253933,0.346878379081151,-0.0627256550345424,0.0457164934627748,0.346838120611733,0.299896868504788,-0.402402648431666,0.161840342744967,0.00350069775103913,-0.174780449441442,-0.130665920258708,-0.236003618131058,0.374406158820414,0.342846899231757,-0.364287760941219,-0.0653204955714874,-0.152278049535653,-0.249121607299806,-0.273763123690756,-0.404220224796154,-0.109920507269919,0.0524449694370539,0.0123105645009295,-0.102451994974316,0.272396450237621,0.343474872395116,-0.101489351662611,-0.199603153413415,-0.242267694115191,-0.279144566843298,-0.174507713828759,-0.21807513232202,-0.0149432420631003,-0.195899245595856,-0.0389521616437757,NA,0.640795224275223,-0.153839885939074,-0.38261551762471,0.600508850959557,0.654272931884226,0.405599028584399,0.0980400408381993,-0.0327339799146948,0.101031670582205,0.360965446699122,0.748258681887116,0.728355914969966,-0.244702136875016,0.224964589748783,-0.0543741876941584,-0.10722208717934,-0.0998829351597379,0.0885591874413245,0.0195096192488071,0.191937764963371,0.00910088984338909,0.151305919491675,0.0879870058121201,0.0979852042015984,-0.242636767088615,0.431833275423292,-0.207927591150787,-0.00614557613794677,-0.0402964704136132,-0.103386659833283,0.164131047184626,0.335629662206263,0.550634246643467,0.257557718115376,0.759568170488616,0.180617469684969,-0.0570101854625494,0.694857334804879,0.501378666529271,-0.0612580640911674,0.0663453936622916,0.263038805631225,0.168205821622507,0.298255817398114,0.641698666041443,0.781061915063879,0.231362191138972,0.0856580444499355,0.390032634621005,0.163723728926265,0.30324021121762,-0.205661959215535,-0.273847680610977,-0.308067705299474,-0.382680315066171,-0.438441798443522,-0.32898887234434,-0.256478272142368,-0.0224635854661956,-0.132341717889085,-0.0174856550213225,-0.200079693984061,-0.0839309772448311,-0.0950023198694892,-0.354368346357194,0.461057739673682,0.156847532716398,-0.486666392295018,-0.31215606503105,-0.256220382321808,0.170090400431455,0.135749375340441,0.343926686976456,0.04907023810965,0.317072364081391,0.312221774419164,0.276057071516992,0.193744014197529,-0.151125323420214,0.144971399244233,0.0435115098944149,0.621693728211571,0.254747287420203,0.366541391646181,-0.152486132554425,0.0828273520784202,0.081679020732295,-0.313035988335119,-0.207785459613409,-0.177031119110384,0.261227439075169,-0.182358283346328,-0.0700371476871746,0.505185171461211,-0.14095772843787,-0.000219771249444177,-0.198510484825434,-0.192797143099374,-0.130279090303353,-0.266619881840096,0.0789015531283423,-0.128415308553666,-0.241402770598442,-0.188730360334039,-0.102650471001837,0.00289880649809067,0.322316957150729,0.437004276966156,0.236899337354488,0.0743750409847803,0.0598279096665638,0.168987281560898,-0.0184634194640906,0.0155554706143149,-0.336655457086692,-0.150457269845057,0.0802685346255352,0.222511212406686,-0.103315747627473,0.205858121642559,-0.0501883466275182,-0.0397795169221168,-0.0994147061136168,-0.143272826143524,0.128747136815703,-0.0734215336309384,0.0371429385231984,0.166890851514326,-0.0294420532023186,-0.234100608739033,0.132988179288959,0.280229418136195,-0.109730671082863,-0.340855577726591,-0.199763815457804,-0.0543797666427914,-0.0601231867375746,-0.325120706664988,-0.116782596767597,-0.00734825156502893,-0.0903721736902907,-0.176656377021428,-0.145582872775069,0.11426149807536,0.149337372253714,-0.155772603509623,-0.315365529679173,0.185842241651298,-0.184695964572157,0.320186291205904,-0.0509378020700167,0.271552784142152,0.0126521553423972,-0.409246011422999,-0.284808857493686,-0.15235495363564,-0.273835454220728,-0.233329714108915,0.0270518788769111,0.127705762067333,0.0540938314673742,0.487176205643849,0.45212252451378,-0.166334729018851,-0.224462288173156,0.16429112310399,0.68057351727174,0.584177446844813,0.127535843846649,-0.132204235328733,0.0664021450971139,-0.205154007984819,-0.0526956900868407,0.177152032477203,0.183280240483328,0.215175715405121,-0.160874294046207,-0.281993097725339,-0.107506680013916,-0.208400029436663,-0.0506910787121674,-0.0352724460240897,-0.360589645757549,-0.286507821835948,-0.243865098493813,0.108202256225,0.0403192703248002,-0.140156919762517,0.168098355964953,-0.356431266121578,-0.150354609493499,-0.147490151670524,-0.382103715318327,-0.0231248091451687,-0.225100912397862,-0.0252563697987908,0.261016192208257,0.00387527356563176,0.270244200460851,0.137307633119753,0.186648733910634,0.0981537974152528,0.072517687259997,-0.139172306069701,0.0168404986692226,0.0809547972212249,0.292688973705259,0.254661365881138,0.406891476432789,0.455916127091648,-0.0088902750333522,-0.203891832947771,0.182739766433728,0.126049241334035,0.0302041799697588,-0.367145641374922,-0.240170756933381,-0.469596575045082,-0.419373455190454,-0.268640493365323,-0.426323106942684,-0.278889351116347,-0.401048804156081,-0.432751052237645,-0.417676646383873,-0.29269438904994,0.149691753245658,-0.386308439073396,0.0136708345202464,-0.0574816659891148,0.0587987498434556,-0.182809633937916,-0.144627611491997,-0.226895998650333,-0.105744578420917,-0.147412154693883,-0.205109019518723,-0.424536454295532,-0.273819417592279,-0.233119564426788,-0.153952984277091,-0.150664589364458,0.147997548256161,-0.278169828168398,-0.207464894861649,0.0284819276773035,0.0389621881323858,-0.0790689997469976,-0.0136351181532636,0.00631275181350159,0.0370097705860263,-0.0857228147871233,-0.0802369443871081,0.173796721436917,0.0112871894444625,0.142718242118143,-0.143481287446006,-0.037720378730194,-0.138814823844431,0.250662139448864,0.419707467982443,0.523896260069228,0.26786463120225,0.158167016706282,0.160948240145451,0.0165760298093433,0.0954248961616515,-0.506363289508649,-0.451261152836106,-0.0108973002405891,-0.327384283422918,0.254653147836845,0.316741979117828,-0.134074887708107,0.0683263192307292,0.27986525332302,0.147067204474268,0.437600187915117,-0.0831857770721696,-0.0502212207275711,-0.131902344390723,-0.216488118007417,-0.234723024908869,-0.0603119911274009,-0.0984795233813031,0.449726107901919,-0.349079616900447,0.0686840312073137,-0.1658562344539,0.224895954191637,0.22092088908398,0.321741347323963,0.15232707682365,0.0358325383908659,-0.251832474600392,-0.184056438041529,0.211035306133983,-0.0438914611056035,0.273124580351092,0.0950778743528328
0.379301425963393,-0.25898109711711,-0.204853418860461,0.815025422401149,-0.0521864672950115,0.61220179618235,-0.145262234089112,-0.17418921298431,0.616626877800845,-0.0656025206671474,0.0936735913223351,-0.215351224086471,0.112979386142692,0.14951159165106,0.0764526812153842,0.151529707918966,-0.141872554951474,-0.0881837355002285,-0.129984800445064,-0.0724742249875815,-0.365657151815479,-0.191490974949551,0.537842207793083,0.882361946727579,0.68487972408396,0.496375227773827,-0.155347342081996,-0.172918557932813,0.157775794860226,-0.073559770731568,0.0829471876546708,0.257392839030064,0.427159769567997,-0.27612779742783,0.14524073104494,0.148088603897135,-0.0582997691183365,-0.163453985999805,0.0544824074670967,-0.0805563800596478,-0.237606385615537,-0.229573147606794,0.38070929674248,0.851338032661567,-0.0627706762791942,0.263528597627832,0.160274817617403,-0.451141912029685,-0.350550945775255,-0.356342572985968,0.378828393953174,0.345932749749224,-0.0430623446915606,-0.324297567768261,-0.248347490964818,-0.337123115678717,-0.206341715924245,-0.257608537246266,0.0186262179098533,-0.0383149580592332,0.216000350709527,0.411384255166211,-0.0143818229480268,0.223698463437657,-0.0467308422397807,-0.325516981257566,-0.210882228698105,-0.319004439688201,0.0122832335778648,0.0804962201996971,-0.09860552147246,-0.326651133110767,-0.0589570736669438,0.640795224275223,NA,-0.543785079263397,-0.181887662891772,0.785666626054679,0.773445448148074,0.492935409977496,-0.212499654551407,-0.394216806519867,-0.180600598989522,0.0978891999865569,0.754061509548459,1.27092952310125,-0.175273127434591,0.312863186154871,-0.121667355178548,-0.0837282869247504,-0.261610885153854,-0.00886936161740609,-0.171276970985417,0.538532430239677,0.545789694550071,0.460622551501258,0.0462469605818056,0.081874979760907,0.0383963346252429,0.442699189884238,-0.260421150388471,-0.0244222990065679,-0.310729589840133,-0.359501238903417,-0.346445577080105,-0.0215951110207447,1.23704617407171,0.566235804971457,0.79231013864082,-0.187855645260591,-0.280220890703469,0.460268588926683,0.743438739237543,0.357140108436981,0.202875235846602,0.34722818278747,0.188366862531369,0.376741966602726,0.619939957350122,0.319626888620201,0.414610971780583,0.361599879518987,0.401916215856106,0.207010935506608,0.223298492416011,0.208376424443485,0.147297077818415,0.148220815455238,-0.186058584860467,-0.307276532294854,-0.279575680739644,-0.0730748475742873,0.0370962905863514,-0.0763507166698985,-0.213078684842464,-0.00254554819293808,0.0153836169699206,-0.0218332786330822,-0.289747407382488,0.138096326964483,0.0518644064320966,-0.144673147892427,-0.0140737899259463,-0.037535912679877,0.676540708320713,0.859571468880974,0.762530216039299,0.583021605388708,0.782678542198883,0.7051385644466,0.719926788134256,0.105383985483317,-0.309505942227666,0.23398018451366,-0.290270179987675,0.831683639120357,0.887962217609192,0.584269853777792,0.0465728368011776,0.0842690347713746,-0.0657111222328224,-0.0996422785735119,-0.216820419284609,-0.0249446300349955,0.595545277692866,-0.180368007647235,-0.151219468105628,-0.123965448751775,0.102475206126333,0.364119468320045,-0.111270689882333,-0.267552558783639,-0.312712442891776,-0.0236741468307714,0.0442161393448384,9.5309866828561e-05,0.0637349872102533,-0.242710371189201,-0.0337640163931464,-0.307498579650265,0.28572490011023,0.58598364770422,-0.089244820452401,0.0319825704911509,-0.204743778289611,0.118533072291734,-0.24996788471071,-0.135030725482928,-0.32366337521641,0.134640617478922,0.430653291649379,0.546376103169991,0.238284983117302,0.370300435867572,0.116480903188121,-0.103156515843537,-0.106806358799754,-0.236231910338052,0.0270203263044172,0.274805297285677,0.199229227917097,0.132742255995025,-0.219290695244639,-0.030066415362069,0.126644833115426,0.185638930095872,-0.540052411524185,-0.148569299915765,2.38484522137094e-05,-0.101059784660913,-0.0973170290332406,0.0836935516519108,0.11938554822081,0.235236846572308,-0.025758392111083,0.144444123331633,0.0115515400991825,0.118876103532848,-0.229667847603633,0.271025193750029,-0.0505637975355335,0.426291364307711,-0.297617848209039,0.244445480678326,0.250092353816105,0.0993895856163015,0.0640408562971061,-0.113572162256405,0.0348722566739394,0.0466884381502855,0.0819267736061336,0.0471171170356373,0.144266174897963,0.0841918672970657,-0.042513488525941,0.0766682294244504,0.618231178375523,-0.20860992841777,-0.146851230686848,0.0761788489503913,0.697983477950681,0.426370158254487,-0.0811606427232118,0.0736169826483462,-0.301520955966849,-0.381684359374996,-0.0741980498928848,-0.211715448477859,-0.0118374517369992,-0.035322360145079,-0.136476550665616,-0.150117619221432,-0.00944648233493179,-0.289669973139062,-0.107301689336513,-0.0356851241001124,-0.305264687168661,-0.13137028584896,0.16825677542419,0.17261758940296,0.256716273744089,-0.148942682026804,0.0109820782438317,-0.124656997573922,-0.156363395920905,-0.0283948507874093,-0.141141378639934,0.183062548307876,-0.0160482675378471,0.132429281191289,0.0225076742706507,-0.356574319079283,0.0592669920304476,0.0217635307348985,-0.031865907876527,0.40888463085495,0.0156679833415034,0.10366992282497,-0.0149695620996808,0.177262405521709,0.295975626735727,-0.0738267593122419,0.0309325570503615,0.339372767728346,-0.17072163672924,0.0615833527869739,0.107763974765313,0.0873291669697703,0.21732653634474,0.14956507087046,0.283153763895982,-0.0663362763526474,-0.20939858180181,-0.327637322800603,-0.0832392984203421,0.00307037028023506,-0.22696451158326,-0.267496046328876,-0.290228619949765,-0.331533312485567,0.0159168913929317,-0.149861412695053,-0.066230775400474,0.0305256383414611,-0.153137798642117,-0.366410356062684,-0.0661308563282522,-0.204923370420632,-0.260853449113681,-0.229570128060922,0.00638207511814001,-0.256926108268737,-0.181531414870037,-0.246520125448529,0.0283691999777015,0.109075535471203,0.339840806198977,-0.497672747848158,0.0883408932034064,0.139263447121472,0.320159031804914,0.319878760594913,0.353802836537085,0.238792517281434,0.220742775798153,0.262992255136463,0.123370766280582,0.318106465606283,0.0610466419962806,0.160481957640876,0.184115636497858,0.000172486308015015,-0.186880803492637,-0.133960980366241,0.0564461066703926,0.355472181625573,0.154959174156992,-0.154897255754423,-0.0883182882882515,0.0432673786165724,-0.0782829547832452,-0.175079770320135,-0.169428488825177,0.05917899020254,-0.299953158764333,0.0956979019433897,0.0179075579799227,-0.299927682352854,0.389252047889602,0.753461494641003,0.378690024508798,0.848407896013064,-0.32540480881242,-0.19022139359657,-0.352310723992869,-0.273440420514079,-0.26601607707673,-0.12374201620021,0.0105931878949987,0.724646161731363,-0.349730735232321,0.158567106599261,-0.174645370914718,0.00122277997649211,-0.138578662784382,0.212003206168973,0.051289161555892,-0.168422514250363,-0.362657196624852,-0.289165503643089,0.0350207824469017,-0.223219186637066,-0.229170735751043,-0.0764187870870363
-0.413844912476463,0.131741004610934,-0.0220257339200677,-0.348516934427657,-0.0123452891889583,-0.143606539442658,0.0622400730817224,0.29903277150585,-0.411779342115184,0.131217581571746,0.0114256294900091,0.0825187328086773,-0.0361381952239497,-0.205982892996304,-0.0361626665839362,-0.0995589243106769,0.163025799176536,-0.072276611968108,0.269335960704083,0.0348842493503214,0.471089414253065,0.228024641182347,-0.27747510964952,-0.398856813950605,-0.230199147726794,-0.370428620520715,0.508823328432748,0.309287576132196,-0.122647489098932,0.378531048283277,-0.0801821835452115,-0.139908433545133,-0.332604238056365,0.451250404518352,-0.0241088618935878,-0.10222920848881,0.307129060181891,0.136246024636975,0.137985043163217,0.362290022210799,0.316380495578954,0.380222531094205,-0.0101769825160391,-0.57268491232803,-0.158423359368096,0.0361779921922609,0.0504260922900132,0.469468980633512,0.433959762873138,0.334315638548874,-0.164641550362647,0.023632491051691,-0.14399587202605,0.297588087060673,0.22306945101529,0.252485255076465,0.336609640134944,0.187538100706178,-0.179360037534839,0.171769175544311,0.0502910132316608,0.0120134609917802,0.468747868153645,0.217340451905544,0.0237892661487613,0.230163675857729,0.206854087864761,0.239220298407225,-0.00861926041447417,-0.0366641204673128,0.467558497779581,0.513592047893427,0.0653833888470042,-0.153839885939074,-0.543785079263398,NA,0.356451392768881,-0.219565749132613,-0.353484642559002,-0.157079819922249,0.514683635834623,0.781265092958396,0.331677586023761,0.265265135421937,-0.303954055339238,-0.495146928025245,0.0232693096666224,-0.194644810241836,0.0373973714418797,0.187528028918408,0.301065212956737,0.0322798640351818,0.271161433160579,-0.326860369972603,-0.552619591365579,-0.295369273009802,-0.297068161216552,-0.218564679631281,-0.160746479998257,-0.119093860184689,0.258107793168862,0.115529040528707,0.550674468537685,0.516813797824082,0.412588872504649,0.194259285660451,-0.51874149826687,-0.290332861326219,-0.311252114555588,0.0988993221510757,0.736109430703588,0.103578397583118,-0.280619936602345,-0.316306297379396,-0.0752727922479987,-0.392571977935493,-0.293234478967462,-0.322448618839207,-0.460550052321263,-0.271307690172045,-0.254227905797861,-0.254326090123234,-0.249406408093452,-0.060426797064996,-0.385375843094836,-0.0730720151851077,0.0660290025457797,-0.100191034342667,0.0481965134032315,0.029322861501576,0.240718994086073,0.173161739778414,-0.160925241012612,0.131921312978075,0.281679789326772,0.00278083562232141,0.157707520734772,0.10027044071353,0.0274719474635829,-0.195851949788056,-0.120775778304413,-0.106627009206786,0.0460290886587261,-0.252268261269803,-0.467050836447002,-0.548054714623845,-0.309051512491311,-0.474713972905522,-0.316914675734626,-0.584727201221849,-0.664471888104352,-0.0593798987087612,0.404542310511631,-0.606247949697545,0.326879527893497,-0.516448636008243,-0.414314458204035,-0.25041796371943,0.118314724531807,0.364387293376273,0.221599121251217,-0.207050831643269,0.141645902848233,0.0399802593401879,-0.345948918594837,0.0720930739175539,0.094203529445603,0.111751963143582,0.0736543733326266,-0.235358596276635,-0.028512500716243,0.138966439306383,0.0227810632607746,-0.251126023826994,0.00225037031360314,-0.00920620776636484,0.0187792199425323,-0.0335170180974586,-0.0764393985317323,0.493155403042718,0.0275041991937665,-0.399970875928935,0.1443031652042,-0.143458254003404,0.276919925357371,-0.299039946235669,0.432797674617793,0.208947856980144,0.43473374604278,-0.0759708038713933,-0.288952250184016,-0.0429947310201752,-0.263050504599838,-0.127596623162451,-0.231457988264535,0.203300955566214,0.0719567535853249,0.101884597888202,0.0738930438160408,-0.393153584551469,-0.254855949834918,0.128517416401763,0.15275456635717,-0.0576472164213006,-0.107295187153259,0.139204580081597,0.672895965295715,-0.0741202089533564,-0.0285503347990886,0.172832617679508,0.0741666682098253,-0.283270793025901,-0.122487013145037,-0.172569518108729,0.210242364529054,-0.226515509138725,-0.103696503569783,-0.160544162493095,0.658660355921519,-0.235039856917759,0.29467751446537,-0.0956109857219989,0.384250357011796,-0.268692115392987,0.00353252078608971,-0.0967046398507192,0.108772084424721,0.114877479516463,0.0245741566753651,0.284618620830081,0.0571556581187853,-0.213848076972223,0.122899875073,0.304211898914264,0.248318949277381,-0.00338846437412878,-0.228136262518996,0.382363995902245,0.112155852408025,-0.044570906892242,-0.32745104912672,-0.166102574267819,-0.0790344248777942,-0.0173278345532396,0.746237331680304,0.578253582070034,-0.0281803489777423,0.54329128382636,0.417168706114851,0.505788109668011,0.128166795697766,0.0316826585958769,-0.029978591495098,0.18533017154884,0.222840060771208,0.0297703173971679,0.323556942577202,0.104554097374521,-0.37702626844427,-0.0918897784568055,-0.0853302291555608,0.333538465893984,-0.232181943916396,0.0297919337451711,-0.0629313593851821,0.31621152935117,0.396696368957745,-0.0229128402930813,0.301173512734607,-0.0993553550317239,0.33739395820874,0.512713097695939,-0.0594666199285571,0.458224188535316,0.42631289448464,-0.122377887563718,-0.103442302098823,-0.323028039079498,-0.330368556171902,-0.0824661557160302,-0.462556870051826,0.128960973104646,-0.0927196574616206,-0.10028000536632,0.105760535240223,-0.0683507027091703,-0.208826515516573,-0.290527554064623,-0.0693988441116806,-0.0747927289389828,-0.0106231479757864,-0.0598237104680568,0.540375762256822,0.0626269826520829,-0.216657694189129,-0.186557408081013,0.419617742456608,0.177921158159884,0.198457918846044,0.186607395743823,0.0468007413606212,0.0931774182038434,0.0771980916069776,0.221790951713432,0.155041152159428,0.435488003217135,0.134666381792099,0.197575210603598,0.119871445091452,0.0864407105193891,-0.170154832105636,0.0382891400570169,-0.100920662267448,0.110530503854494,-0.388120992113442,-0.0810678366163352,0.0559792971006978,0.310931018612548,-0.363779547829594,-0.123438691033752,-0.148625371913148,-0.531798691391656,-0.574099401620936,-0.0527049505723022,-0.413035096763666,-0.148341139744864,-0.122483154825928,-0.206752217773947,0.12913103097634,0.243077475623917,-0.356878912896352,-0.01227446149063,0.182298174513269,0.265245703790171,0.293895849248902,0.0204277389993814,0.0883009042142357,0.085041417770168,0.0617952719580715,-0.023457640724168,0.0165846927154702,-0.0765534244222102,-0.0287864662940695,-0.0676403113119571,0.450503135929262,0.229237713977717,0.102426229311607,0.241294071197898,-0.201522510689708,-0.369661648375358,-0.227259304417318,-0.408638585279727,0.0058611060826464,-0.0197978189398682,0.280029058177142,0.317773766457591,0.35793949619895,0.354156957092662,-0.108776761808419,-0.381271867177416,0.222350820740032,0.0711780954555935,0.055846761672621,-0.0426257853438644,0.0760827387182639,-0.0884260098217863,0.1014042725921,0.00624077810303408,0.388607243404561,0.337421225634007,0.142915773343928,0.038695370943641,0.202020834472489,0.0405649484444576
-0.142383475419237,0.564460556014023,0.551189710673513,-0.136056200577895,-0.0479034087775793,0.0197998646402509,-0.0218643455061185,0.593153232206019,-0.0144935996462582,0.419839522508545,0.0106115076300835,-0.0633908909069421,0.317369574481406,0.240969411101142,-0.173720551076938,0.256300996319567,0.312798999014118,-0.137074212008772,-0.0695187194364861,0.4001280201937,0.504013349884589,0.54300739618635,0.151191910224824,-0.314346202688869,-0.103486327511539,-0.274825311817571,0.229284129254562,0.0340721250523072,-0.333991908215986,0.201821769691634,0.271672043118937,0.397269147175971,0.193160220296665,0.397252059309577,0.580696494396497,0.48303300240905,0.508446863889229,0.686138894693294,0.227555660499569,-0.122560845855048,0.372493598969113,0.0357052487124515,0.0532602284327204,-0.136144586944732,0.28081882954438,0.301843258621213,0.337939808995567,0.121326439873297,0.455334989736941,0.538686600301209,-0.0894594247653968,-0.0467702423114306,0.627705039690643,0.334851384162659,0.464226918966668,0.216970317500385,0.624364844150415,0.610490873505157,0.288046089235066,0.147539463655785,0.0873656755232982,0.086298465612648,0.135074658502957,0.0170246932439067,0.266070958952189,0.508293799063767,0.395460700118704,0.582938216903148,0.304936617487366,0.38390470583254,0.329237849909547,0.246268707809428,0.120251377038637,-0.38261551762471,-0.181887662891772,0.356451392768881,NA,-0.131586470950093,-0.225879364504687,-0.214946951562869,0.199548176362338,0.216206168471726,-0.0397068915241113,-0.392974057815944,-0.489761909013847,-0.309233001151546,0.133819540232439,-0.160295703539697,0.0297317927116758,0.644580380923638,0.256443056347864,-0.0166182758794289,0.246177952838622,-0.13820409643195,-0.129410843455548,0.0124957592638996,-0.463658703299677,-0.629976497162065,0.230833826171796,-0.249289212822655,0.309036440412335,0.324053341656734,0.377561327069711,0.4292769760414,0.280657142103917,-0.0117162534102892,-0.1237372930306,0.145016914289751,-0.198727657650138,-0.049219624663774,0.376375872013771,0.0222494743110531,-0.120498012486301,0.063661772161364,-0.204587463718231,-0.43642768762768,-0.18823450836867,-0.330677074167425,-0.393785879607844,-0.456812630456837,-0.20205928710348,-0.105920680901662,-0.221336306888126,-0.0884563463622133,-0.172326270577831,0.110865166498717,0.231778273721555,0.470501161392184,0.0119901414669595,-0.0528819456891616,0.359684504507016,0.148368921169274,0.00183355828963604,0.0998843981916785,0.0328896559788346,0.0697003401071712,0.359850139792958,0.00745724481042333,-0.0618098247027416,-0.769031594982536,-0.654820358150715,-0.0312290812060909,-0.0518735579322701,-0.137556380566607,-0.004236026992506,0.00207391910872297,-0.0840548389502041,-0.0656111552559097,0.00846026462577154,-0.247094783797735,-0.25521923660193,-0.409539103012427,0.273094238333718,-0.278796877205687,0.180769146322212,-0.253187059001762,-0.00951238903794764,-0.191575490895121,-0.0126919952435159,0.500741433194774,0.284937744771054,-0.0301716166952551,0.572093607482123,0.627867151291247,-0.242422496994711,0.272829718254602,-0.203391491999987,-0.290022973435401,0.143113248227479,-0.0241876132776819,0.364692206694688,-0.00497460941053959,-0.228342124641316,-0.0152494629974792,0.150200298692439,0.498651001587492,0.599857779928794,-0.242755819811771,-0.270097867162883,0.406897392934779,-0.20679582186584,-0.374898535948166,-0.253442934266478,-0.32843448018641,0.367581591122049,-0.172095261057901,0.221190597965857,0.291843021097844,0.469970293420129,0.416921276783415,0.318576414318129,-0.0285061657074682,0.435254069370016,0.0958638784555352,0.324041492634343,0.515822760016296,0.546939755035742,0.076022117005987,-0.293152281567309,-0.178072446312073,0.334346546621851,0.34216803875244,0.143164969523133,0.125233576604716,0.221643276684943,0.100524436384471,0.360207871028063,0.00771714631175031,0.459497526777108,0.398246772373276,-0.00616603554813384,0.4889386500961,0.295820920511216,0.356026553041122,0.344934213539366,0.50726290745281,0.518630675738652,0.130884917464809,0.0397751504644012,-0.0837561067609873,0.0546850106943282,-0.210448327861683,0.654319217815719,-0.0515844104229044,0.271874388802918,-0.0390433009349973,0.387710678530179,0.248105114473919,0.0214973911520514,0.63331462579067,0.288592172975696,0.168526289982229,0.439411795122639,0.285076803218289,0.17942259644231,-0.221570586039411,-0.232133724433414,0.555564293798942,0.554120023070409,-0.0489670126133211,-0.393174765335974,-0.474754409435035,-0.332801648117712,0.423809572113662,0.300467306894055,0.461796763144716,-0.274481572154232,0.0125558617190981,-0.0644061325524613,-0.0239007111120963,0.161244557363085,0.247788377969959,-0.147537211079204,0.141774853369828,0.727939063722488,0.287368299267944,0.142849610527578,0.055086236798185,-0.0472029038497388,-0.182583644110175,-0.0656553119808121,0.0457070058822432,-0.637258027703586,0.373296761175619,-0.047240433973985,0.248716319950263,0.311978116434918,0.559278620880234,0.649963415089771,0.400255191088188,-0.0114816102066806,0.213918950551999,-0.484109050731911,0.268707672040189,-0.0283280686196751,-0.240528257350946,-0.122543938934026,-0.0890840795932969,-0.328692582038457,-0.310480409152365,-0.488697318023405,0.0885896769445121,-0.574944144412116,-0.184362176228662,-0.0343278471098849,0.0208305849620031,-0.42487017741509,-0.305588567721028,0.0336735781884528,0.172966857705622,0.383196999010299,0.207677422813504,0.288251839225472,-0.0280426782910122,0.133133273682244,-0.263934886962662,0.489592360346634,0.245384329391476,0.185920410045795,0.296440953669928,0.0267167637928831,0.279576784831097,0.0878046038669717,0.0337646546877921,-0.032478018156663,0.0141269737136682,0.263234590869807,0.27727984230099,-0.239893098008714,0.348883957108626,0.235063184470995,0.401800112793765,-0.145094636953705,0.125875143893621,-0.220350728943462,0.0350970471848655,0.12265088461131,0.216203126928769,-0.212803791276972,-0.0523806390561025,-0.0912200685738633,-0.214471610994916,-0.244359867626287,-0.0890081319243,-0.287110544674443,-0.18818580348753,-0.166973694480189,-0.382138651107841,-0.0064822058564856,0.306047870262455,-0.168578868669801,-0.170489639866826,0.0321161056437555,-0.180901228593301,-0.020214032709742,-0.429563446583199,-0.29561556155369,-0.204011253257671,-0.23753785691371,-0.1209528670194,-0.0466575143266855,0.0752628245724947,0.0546598765225802,-0.0535996841546478,0.302823149600427,-0.21496486038145,-0.406221344159899,0.110918432287828,-0.153395489295601,-0.0974992432553242,-0.201993527170241,-0.161910404520502,-0.230609806525385,-0.160816350546032,0.11229516964053,0.210669583268843,0.223365266887535,0.313639818785822,-0.117332880906106,-0.137814651900103,0.508350183032345,0.261344295274104,-0.197261099575518,-0.350826532274268,-0.295852376370082,-0.121169810798472,-0.349891053996956,-0.274944541075646,0.339465738657723,0.430432339591526,0.135604957273881,0.208734793308628,-0.38776019489029,0.0646870255346354
-0.0283597877163885,-0.130022638556701,0.044543308286249,0.456474436473769,0.127894136207301,0.439161813814516,0.174642385412636,0.0358966530537522,0.653302087852352,-0.051213726591519,0.140003983748628,-0.149869274238302,0.00205802270823303,0.101076620480616,0.364487241802757,0.181829834616132,0.112044466227738,0.0154463750342589,0.0441629176773914,0.035680741909101,-0.15546529547958,0.02321786598008,0.495583785297188,1.00593556074867,0.535722754700606,0.282193296214438,0.0260877394953418,-0.027586484908635,0.106648164735572,0.158466559334742,0.0916712491851784,0.0458896927869472,0.237266682110947,0.0713493781049799,0.00483286324592016,0.163863447171353,0.0556415543631492,-0.100507760798116,0.079699340529287,0.0851503002432359,-0.0340707315514534,0.0191491880223564,0.690842319802499,0.506050235071194,0.0786192763474488,0.193424066323144,0.260950602105324,-0.174975069887481,0.0537892596062617,-0.230830497340237,0.73979989899226,0.683159430538843,-0.0601881716595306,-0.000985659864950525,-0.0338276265471814,-0.145090027972102,-0.17131838560158,-0.0962080708016806,0.0600541421350936,0.058826559182127,0.0823784967116594,0.07641899392028,0.323535655230526,0.30201807698163,0.00936485137861705,0.0603276950127472,-0.107369799447824,-0.0726429721044197,0.0532178519346209,0.143360328986772,0.000802064969105624,-0.247362141391836,0.105483097004573,0.600508850959557,0.785666626054679,-0.219565749132613,-0.131586470950093,NA,0.542541003510352,0.681367335154105,0.20964183587702,0.0553032237633018,0.175250974375509,0.29799543525015,0.459583228447818,0.675339256752889,-0.0305662512587632,0.403852246729393,-0.294024371947529,-0.0160427332631622,0.0139232475371063,0.179347258650279,-0.0665720988729434,0.428806301172869,0.271040458767133,0.536383540776411,0.103439028734689,0.226544411380076,0.00291234569305781,0.6210994954512,0.120245192878831,-0.0497423996257472,-0.0247867105575356,-0.0265570020647384,0.0437854679799648,0.439958130821215,0.800342764019138,0.475511297736187,0.785289668047681,0.259358194598317,0.122628439979288,0.627028313881725,0.742418226346734,0.151019483043723,0.155518038983433,0.0590787545430014,0.0669116083079804,0.215631322251987,0.554275830338041,0.503392875371991,0.500509612022032,0.706182692008769,0.52027029490639,0.0228609995127906,-0.0125534459594996,0.0390135824753464,-0.214812383797822,-0.0831836141654056,-0.267027026005669,-0.436424628309931,-0.0337134889022102,0.218707096193499,-0.150074106480359,0.0264948504541912,-0.00808395080415601,0.0849740482981522,0.232336954864413,0.263556578046463,-0.0626205008814561,0.205486949074559,0.364468871241717,-0.222583987227227,-0.176920934245384,-0.0596115367030127,0.274895695601442,0.366478520049136,0.541243333840578,0.267140264299168,0.40197859224559,0.310555046789806,0.377823612097466,0.121718238706387,-0.0198493097541284,0.115031233410222,0.134564539334549,0.716540777436712,0.761806828084116,0.448777833463902,0.0451089910088464,0.327530902825966,0.0711096121227824,-0.425486021486738,-0.212799125368609,0.101023455419501,0.266869083212038,0.0277540944137233,0.0873982828341574,0.131092722971825,0.0492486035005265,0.259736811463552,-0.148649688651979,-0.235545250833349,-0.357418325712582,-0.174800069089563,0.364086463887507,0.0909666479063798,0.0992448376779627,-0.131313064287076,0.245626070794415,-0.135563269394895,0.209229502404223,0.565525178679232,0.227777188225301,-0.0319869082183275,-0.0520957982329283,-0.0632553246773324,0.145870779320746,0.0966551187511275,-0.301815560398165,0.165641841841388,0.193722962530912,0.353809891525512,-0.0184968125303517,0.329309783562869,0.0358924295768577,0.0343982647783127,0.154579090351398,-0.0816555573182234,0.0639025120182256,0.245621592022644,0.23273764257072,0.239122804309664,-0.156590267085328,0.0618044582331259,0.0295020916410308,0.111032627902353,-0.189135212401873,-0.145880518594195,-0.121496210436323,0.0209648909658951,-0.0229088715020847,-0.0633802928414573,-0.0181957009468065,0.098315162992453,-0.117804144197697,0.121088559320014,-0.00600350836769723,-0.0201376797271467,0.0330563412938052,0.0444328913563222,-0.281246084814643,0.273059161735399,-0.0777487430285722,0.189075888317512,0.168247687911347,0.10792856273319,0.202003082230998,-0.0129458915403729,-0.166779470396515,0.169295510505524,0.000969068058634756,-0.15014014604844,0.174456915396475,0.349738017001625,0.15222597783173,0.202569840919933,0.376332519059034,-0.134304146971925,-0.136330798125756,0.314931484446634,0.418590190399956,0.535827947689467,0.0539693589428552,0.0591565103357742,-0.0351999794153729,0.0368641657285377,0.142592262170682,0.020246358683716,0.0706663360673259,0.0827379925909859,-0.0447217337097075,-0.0758924457146425,-0.0231915304166878,-0.202484406074632,-0.0628675812031632,0.204915001908808,-0.288499668268893,0.0218840337514461,-0.00166726451749193,0.406837110586864,0.345811224572278,-0.0373090947593194,0.131357680799237,-0.102926170676796,-0.135285965884242,-0.0602826895799152,-0.312886362424102,0.343095275483842,0.0542012711630168,0.0382691751644456,0.322144895792218,-0.162577284021276,0.271494746205476,0.330210587591324,0.114239817738699,0.0675199750380673,0.276328932620793,-0.0811018154028024,-0.0743689989509826,0.201010130045078,0.0750434117810663,0.092488554399758,0.254988326465894,0.353769125295235,-0.0799060096156434,0.142138566189738,-0.0268109104488844,-0.0516446446048951,0.16853110120412,-0.209265945660048,0.0294863332455935,-0.311693091019582,-0.0858264231324229,-0.306878128915492,-0.283709627336933,-0.0623951504125831,0.0591529028264425,-0.0351256550116436,-0.158682168261847,-0.0810514964308351,0.21947450993019,-0.406591466248215,0.188040657391396,0.128259816198292,-0.0202380904479838,-0.317508240460462,0.294409697495095,0.19561739568107,-0.0196761611134528,-0.111562364614065,-0.200655808550013,-0.272618222058127,-0.274740569388585,-0.108244039304293,-0.252403553398321,-0.137007400434852,0.218241058989438,-0.132519500113203,-0.0441286048478583,0.260031539167724,0.0221170148165578,-0.0588992910093578,0.100008767652942,-0.113392936765576,0.144135286008488,0.257232544342034,0.152403646085572,0.26652959086573,0.111969026476297,0.377387986170362,-0.164273396719309,0.0491135464162669,-0.339609426553348,-0.0291166669396546,0.230337536335291,0.399956044923643,0.1386883469699,0.0186551008901309,0.0196550969186446,0.0641278674245509,0.0698329267502077,-0.204915689654243,-0.17364012676092,-0.0102056374845131,-0.11079889145617,0.24570284958883,0.322216603103167,-0.0978118727647559,0.323691365754965,0.513248873082397,0.140750251462733,0.435373027007632,0.0369912463163797,0.0523227103181779,-0.10250306974501,-0.0545141038577666,0.141678612499878,0.261016993352633,-0.0312405136005804,0.699963044115014,-0.0634219925585351,0.191313781946039,-0.254693809938389,0.0449466870176887,-0.069148269693788,0.230927673630815,0.118637054316745,-0.0592793516802531,-0.030516756817359,-0.0250367947398001,0.313099234840864,0.106848741491358,-0.0680128155192534,-0.00681991459725226
0.0659008344304192,-0.38506141858405,-0.217700279762215,0.697315477759102,-0.209045627819659,0.109405692992845,-0.0349465476453338,-0.233437319418959,0.237409201285854,-0.0794483900558409,0.14392070423997,-0.124002223177829,-0.0269191276629998,0.0478227237951806,0.199028181991895,-0.0949783753284843,-0.0632171944247889,-0.0494158482229986,0.0958314996326151,-0.139130260040775,-0.243990274485604,-0.0826167023730491,0.43404348019202,0.525418966258945,0.297462059854241,0.497790642165173,0.0566466040489666,0.0756514283140935,0.275053546484856,-0.21612413920242,-0.158174464628111,0.234839629409466,0.0126348702587358,-0.207973319789375,-0.0996129260084622,-0.138547184620156,-0.08385514386327,-0.381143472092702,-0.0237813523213327,0.0322215065395315,-0.0896946329658469,-0.0671309869430953,0.168795449554182,0.310865875165724,-0.240400923938747,0.122528653265552,-0.140297921319301,-0.245453747515163,-0.18765381449294,-0.310354247359455,0.118690861572616,0.0342264416911729,-0.230497455954193,-0.330964155056146,-0.388908849959425,-0.364546755137452,-0.326897501984662,-0.329313962483171,0.083930701736715,-0.135272980184243,-0.120651599801838,0.123529155269704,0.229767600986572,0.375075320601187,-0.275920728858787,-0.303948313816849,-0.248724976122315,-0.233979789269413,-0.145038553833976,-0.189559712431289,-0.213862703145351,-0.213845833909105,-0.0828334289994741,0.654272931884226,0.773445448148074,-0.353484642559002,-0.225879364504687,0.542541003510352,NA,0.56438734114301,-0.0889256391018249,-0.0846330552353231,0.0571851062944999,0.381776000282682,0.706152104963658,0.677142463035814,-0.353411093591114,0.0279241442966817,-0.152081309390592,-0.231029592317226,-0.242576400955974,-0.187217635275032,-0.193753771065238,0.0925043058751774,0.0794833024889833,-0.00203078700469007,-0.0544362752903853,0.109376308620325,-0.238860153020603,0.231329331126543,-0.306741615132506,0.0189628380692396,-0.222479157599255,-0.237650067202798,-0.189864569816537,0.040082837790447,0.615440812522776,0.254477829809849,0.500596105043267,-0.219561482042653,-0.195337013369467,0.469662916716656,0.396784004364879,-0.0865925147780643,-0.000732284814914942,0.294385560911007,0.180975983879549,0.393266983083516,0.299674987506841,0.405328240925381,0.268529839424017,-0.0130289574328182,0.374405366589012,-0.131614990799678,0.0893147845953304,0.185601043369387,0.00977115992467664,-0.154933718620965,-0.120588198487864,-0.278454185397638,-0.292201493253246,-0.12302100498454,-0.0101312734165656,0.0992681172764839,-0.18758570974416,-0.183943394537591,-0.110828043022339,0.0793644565179822,-0.328640893843835,0.24812693646919,-0.00575335671335845,-0.168870845734473,-0.0892872806228256,-0.0508091612513924,0.272569662861135,0.359769361013937,0.501758619396698,0.170202714034387,0.234752116157798,0.44120584654188,0.309224087362211,0.181438349058402,-0.253865790061016,0.253229367087587,-0.137913816615285,0.486530874095057,0.257492565158169,0.656795752620728,0.0497456879608382,0.0616674957661254,-0.20501023954743,-0.303890489754549,-0.31559131646037,-0.127712814030447,0.34570592007549,-0.348484656348223,0.122939075665888,0.116675622029063,0.0403423184990757,0.0844273008016782,-0.104021788041891,0.00020506488054669,-0.154850226811962,-0.151791602255799,0.167692872092908,-0.0500081478417885,-0.11329048803594,-0.0890942446124076,-0.0404814798720387,-0.168461516157165,0.218953585200896,0.435354018654248,0.227324861209262,0.0931368505124349,-0.0263511356541527,0.193495229191466,0.172145058624488,0.184774658572712,-0.400609141184923,-0.065697859078399,0.0271376387872812,0.3144001194344,-0.0549603635920748,0.128169253474051,-0.079816431160306,0.175628674241311,-0.300469972127743,-0.184416102877111,-0.0916496817527778,-0.0045334876444993,-0.0962171493041404,0.11570865660034,-0.140785995139591,-0.112376068388162,0.0203128219068205,0.0710325505075774,-0.180101872541349,-0.178948486647107,-0.102005846344585,-0.122311727453472,-0.201166904634205,-0.123369002417966,-0.223359672567626,-0.0117202480084408,-0.166783898738526,-0.100873962835575,-0.0939625233374201,-0.0653494315551726,0.0497393871940093,-0.0275078499952784,-0.011776906820612,0.212805313889722,-0.172511042463105,-0.00115408616068197,-0.107463155624621,-0.0725949264922582,-0.109987824928129,-0.315861807248037,0.0194267885887162,-0.110451025681507,-0.124080880617863,-0.204034808260848,-0.20976841832463,0.123192231730631,0.0441201812004527,0.254657244330736,0.407973126227307,-0.180386849014203,-0.0108927757704765,0.365501141280033,0.689971801646392,0.3943298359882,0.239568174462592,0.0127941885066037,0.0767526416300478,-0.0965342352038066,0.215025465546567,0.262920578423167,0.24149919465103,0.264297372054994,-0.188462234814495,-0.395617759783877,-0.205147787551555,-0.284699223958884,-0.291624670575089,-0.211951803545448,-0.408499803434341,-0.217665502748182,-0.0426798070077064,0.117247471718379,-0.0764352073931754,-0.0917564479723184,0.0696898113608116,-0.26622078025832,-0.327677974073423,-0.221032593262009,-0.191417579969068,0.0325016176304512,-0.117202935814673,-0.117618770753356,0.168571126731396,-0.174887666726221,0.161238248990859,0.296004379709601,0.262457445757088,0.256561036951993,0.0422954330097991,-0.125127077167299,0.0595951209626497,0.0680785124409342,0.182783959114629,0.221935934951958,0.397654731526886,0.357761910791878,0.0119718040752854,0.0312923193835104,0.0440673585759769,-0.013916573841886,0.0513432120591369,-0.00243894580646837,-0.0267948109079865,-0.0120286504732308,-0.301208961581162,-0.298556132562691,0.0346169903739213,0.101741356231182,-0.291439577386111,-0.309663443616743,-0.268762141521388,-0.142126241409989,0.386790843478468,-0.103385145251093,0.118147988317514,-0.126621375909401,0.0135788521381435,-0.0540417408583758,-0.16280399382905,-0.203923083089977,-0.154785027259936,-0.226133974120498,-0.122735771883813,-0.152644481394167,-0.186490049977357,-0.149251967408513,-0.170428932977501,-0.0579187988184105,0.269863571989869,-0.158816216080189,-0.201985579391898,-0.0624676772343682,0.141112545952073,0.102786959747953,0.0161602659895585,0.105538196430231,0.0252791678406926,0.155168230049536,0.00364514977946979,0.346103785792285,-0.131292647413118,0.133100611749921,0.175383601597054,-0.119818939543536,-0.148108905574989,0.300794841621638,0.359756401012654,0.596021195822565,0.27610462639115,0.106831549894282,0.112960420089351,0.182687136359861,0.160538021372308,-0.0669821767512973,-0.229597256950319,0.0299667082718745,-0.172671595187046,0.126962477758389,0.153945214252977,-0.263280307113819,0.0785760972404661,0.281350257089299,0.149581557675826,0.322055196424186,-0.109331129106671,-0.141442275255785,-0.40516037253565,-0.423692975574434,-0.20583957769858,-0.193532911432052,-0.154753649594148,0.365120568548105,-0.389360959750778,0.111870093414477,-0.134792230285217,-0.00289117244818646,0.143690436887274,0.152028014320693,0.0553624154498447,-0.0714903042282518,-0.495930326092501,-0.170830537088549,0.254590767880288,-0.161146722507938,-0.0579552316288336,0.127556311635626
0.0526274391533429,-0.0699911145023566,-0.315277861341476,0.625108222760561,0.0882990446088415,0.314677649819888,0.0174754264729545,0.0111971479251002,0.245461879465901,0.102762690408959,0.0791215770395954,0.0692377123018584,0.107903927880536,0.00997842965148789,0.407403223232629,0.0106702693286516,0.122929080608449,0.275158530047957,0.225738200985344,0.074304593227489,-0.0764094632463242,0.0192751215851677,0.366420596592482,0.581962755603016,0.524632116365859,0.534707236098881,0.365398064676054,0.32071873282557,0.474186386807972,-0.165179006801422,-0.0517812097326053,0.0926925399769533,0.201456525798717,-0.213115708203171,0.00656268867205323,0.0763915562115988,0.0703371733487066,-0.0732204224367759,-0.0828722487845303,-0.0682814462746752,-0.267407491154239,-0.378419638351005,0.204169988322457,0.406941071625921,0.127594086934798,-0.155240587007422,0.111806722388639,-0.237326257682914,-0.179818695911021,-0.23688586944171,0.154413357191895,0.303506462469318,-0.20372689492173,-0.0127590026357552,-0.0690091886134554,-0.231851504057359,-0.171072733577813,-0.219901858607773,0.083573773335574,-0.0215129853106637,0.0926487162061355,0.135558420495092,0.150006135603612,0.180095677729501,-0.100295342143287,-0.119226103606439,0.0151834338474071,-0.123047276963535,0.134195836917592,0.102000586154643,-0.0233307451579826,-0.0146968497141224,0.00165967478678766,0.405599028584399,0.492935409977496,-0.157079819922249,-0.214946951562869,0.681367335154105,0.56438734114301,NA,0.156112779556493,-0.0242559278060093,0.34865161743791,0.442620575272669,0.426035981153936,0.359115518185012,-0.00589167005830558,0.219616833397295,-0.105452159081098,-0.0181059202655738,-0.219635594906516,-0.00214975006770622,0.0565024279196436,0.188908258136181,0.0721966066803942,0.0796195697997229,0.162276555996094,0.16491574284855,0.0342869833755702,0.398493518006382,-0.0800132232567766,-0.284572773145531,-0.0997958197496694,-0.253052382829788,-0.108026436816361,0.0531646730287262,0.469620932186269,0.263371650715435,0.336128545348302,-0.124032802908701,-0.0734972264870015,0.363229279354554,0.658351427310916,0.0387190418468852,0.416068958522259,0.178835371585438,0.18270987563892,0.333076465473945,0.285572064177166,0.20544849997537,0.503592989582979,0.192850166740201,0.503111261169616,-0.0291365213710895,-0.0248843992258824,0.296738496295602,-0.134795653154887,-0.161497707980215,-0.182671875735862,-0.348957679000728,-0.149016669751767,0.00723878306469958,-0.314998451959587,0.156662002919847,-0.0589925485852828,0.0592089932622746,0.190735468344035,0.307630539860168,-0.171512227946521,0.251101746498105,0.165751403974196,-0.255337853839519,0.013429604320701,0.100842008760189,0.264227071971236,0.323140298440928,0.460755458745025,0.175272735007079,0.247174312939892,0.405620301415042,0.237210965360552,0.40802733051,-0.199252875345576,0.142694705526418,-0.145887500986512,0.386214181963429,0.323606346637999,0.308903674870422,0.268949687655784,0.108509967849354,0.0459736390912953,-0.232924272815094,-0.21192684733307,-0.327846231806074,0.49881933974431,0.0303552566502226,0.134781784171778,0.112471879597866,0.195336813227831,0.406039672113817,-0.154263153444866,-0.149154097996862,-0.0343546109599611,-0.0783080672305196,0.390141680917241,0.131335918145881,0.052172201665572,0.201915509215837,0.15652200048147,-0.114402392904167,0.264679303887254,0.665240741237291,0.549114129885141,0.390572548707412,0.0567051110873375,0.237440002081044,0.239173628681398,0.236022313186439,-0.242463069499499,0.0320742108828646,0.111669350256125,0.227406031120293,0.0812909776141913,0.407675898472244,0.0419837188259449,-0.0489420787075717,-0.234310658270344,-0.08975585201424,-0.00331828704321592,0.0660855237302937,0.0333276060729553,-0.0486160072247071,-0.14559682486871,-0.0648552514770243,-0.0556882927729119,-0.081263042102475,-0.26772082098488,-0.212654602141039,-0.166087448696491,-0.0504258248835772,0.108877451840257,-0.169413739428696,-0.0244469122424247,0.174252427571939,-0.0670838753394089,-0.00145706454643294,-0.061918778413591,-0.126160895042582,0.0933182214441711,0.136107935055683,-0.0507352520420623,0.347690997228006,-0.180194437982197,0.110367053906512,0.123177592968065,-0.062226684264231,0.0890336124509334,-0.142190857753614,-0.0266065369888272,-0.0947624265816088,-0.133055490864708,-0.0286076286617641,-0.0831410139090553,0.312693890329368,0.161074905525267,0.0909486005050284,0.564873494712258,-0.230971247106287,-0.0815299608619527,0.350232755472894,0.656364379873238,0.438440264963412,0.411204156304223,0.0308229458077046,-0.0396695097929138,-0.0822774273957218,0.225388049489454,0.207323570040209,0.39386108988849,0.265385108192546,-0.0370600877244895,-0.0968337634008543,0.0556948640361916,0.0450107469902762,-0.0855802626409355,0.176540507727977,-0.117671881438146,0.031354176784533,-0.00929582652730337,0.146692298519605,0.0715676791427581,-0.0709920464173552,0.186788900899787,-0.0939478101270637,-0.0996366318860235,-0.028189019233865,-0.126542890082555,-0.0688759188578911,-0.304188565909226,-0.0696243152873288,0.15824256468202,-0.129261935913132,0.264421246295331,0.0674578276872345,0.24174025493721,0.302500168203294,0.0960044039962241,-0.070314606401593,0.00778479066031795,0.0822181838271457,0.0217779294542556,0.0560380750865973,0.340627493365351,0.400828514816947,0.070195990373971,0.0879400827331301,-0.117038737099443,-0.131659145566748,0.174790981809448,-0.0502019867948406,0.13291035911657,-0.119508160141735,-0.146893004904028,-0.231620967538964,-0.262120221276732,-0.148642122791355,-0.0390188046976093,-0.0680639928720184,-0.178899831476752,-0.050031869099441,0.228488841514754,-0.240150177058093,-0.00354087867327862,0.181776674444944,-0.287345478090268,-0.213604013807425,0.169933614657217,0.36838173115494,-0.0556447793649045,0.043113168961784,0.000718618685614638,-0.119108087146882,-0.221519181130375,-0.0233710211738581,-0.00955110529154614,0.150458325211272,0.437495194310563,-0.176419626432114,-0.169952127559448,-0.11634037838564,0.129448679617121,0.021965046996376,0.0568262548202754,0.228761753599436,0.103379325246745,0.333754815594339,0.0940153441184344,0.28856948076981,0.173197422507785,0.337132779955587,0.0760697531033501,0.139017760356029,-0.241264862332364,0.258285538752072,0.289716339101031,0.50458917745726,0.0547098764104339,-0.289684440661704,-0.255950811199602,-0.0666307386641812,-0.164475344119987,-0.100017265298764,-0.239526304996212,-0.16919599884312,-0.220628042190724,0.228499706734042,0.325643622291609,-0.171523667296361,0.122505550407257,0.241619087466479,0.116044468646513,0.294421423324855,-0.000339866354815087,-0.0430850513409061,-0.157443964179694,-0.245623549431625,-0.116462124110474,-0.167120810879261,-0.02261566926428,0.283960948128044,-0.254844347939384,-0.180081503460174,-0.250000406696482,-0.0891634138207864,-0.0455859070816642,-0.0300908638687875,-0.00956465833861211,-0.113052619136528,-0.152496519502012,-0.215754327898135,0.169070555592197,-0.143237996461573,0.00206694583951433,-0.14823594198304
-0.412101787084167,0.22426276359749,0.215959549383983,-0.260701473945802,0.275065019828181,-0.0659260236101294,0.0747228726959984,0.443059142768597,-0.0806209348991356,0.348712835799177,0.216303920826258,-0.114930852457698,0.203395886576586,0.137924620233146,0.327191644075627,0.151631315608557,0.43694760576678,0.0864570914458607,0.154194919746433,0.264497180587222,0.308859939323366,0.320290601061396,-0.0251380297712725,-0.0829983709508411,-0.130382035177171,-0.211471055388423,0.461619053484286,0.232978498871993,-0.027537197678245,0.354113865741381,0.257492852704338,0.0747572400007498,-0.0724450491894925,0.389898354422202,0.190269798571448,0.247351735146562,0.209044937404852,0.253807709960048,0.114364610102268,0.34721082404334,0.231189031493346,0.303412751721505,0.163419987334976,-0.242913407714225,0.174005544294455,-0.0901010257044308,0.171889671819719,0.286512726869909,0.497240287849563,0.201975078075342,0.136442069147487,0.0660006664221002,0.0120317643744165,0.451989179826436,0.348479347794785,0.373001186775927,0.416052357848861,0.370300932723252,0.104868703049571,0.396473852435118,0.0545920707915486,-0.0756577843314537,0.480175042678805,0.478202629407916,0.227994636536333,0.440435117327132,0.210406696394398,0.337908931806225,0.288285095840398,0.269952976712967,0.373066825501713,0.235633769466324,0.369175348712697,0.0980400408381993,-0.212499654551407,0.514683635834623,0.199548176362338,0.20964183587702,-0.088925639101825,0.156112779556493,NA,0.744849131132988,0.468998220396993,0.405602763284157,-0.046191333365581,-0.1935142652776,0.20880071011237,0.0861854121309462,-0.144411304629934,0.359070744791104,0.32904456556221,0.191827444338021,0.229682791582076,-0.168722035143231,-0.324905108109017,-0.187572299432241,0.0417144985152024,0.0604001314748434,0.087215129014948,0.267357609000542,0.57236313253147,0.0702515850598991,0.634552142349388,0.641243347763803,0.593102456447825,0.419097082995831,-0.259803681804492,-0.0990221691787961,0.0400096461216854,0.26016881174859,0.708394918080572,0.462465193804375,0.0811871076626515,-0.277285810836417,-0.131498398681887,-0.288505041384351,-0.0696165906270866,0.0299501740388332,0.0189014004839033,0.0953278150773213,-0.026055687055002,-0.0608815778635162,0.139218541414553,-0.213083814317445,-0.249740477663492,-0.232120835279615,-0.120002694926035,-0.263298011056014,0.0524962147720504,-0.0790644995619215,0.331842438075861,0.297497680438407,-0.207592986102711,0.494529772400497,0.365255640376333,0.14784144798354,0.426544832339636,0.402407758403442,0.224580048421273,-0.0316555114006196,0.16312120482541,-0.197562698432257,-0.0306329688950488,-0.0343745609849166,-0.268618352480199,-0.285882444433243,-0.154094845974421,-0.254081832697496,-0.216829746160049,-0.258650156000627,-0.267553173841629,-0.0619734260688115,0.47270981924158,-0.324742993517468,0.488077097728253,-0.23255263213517,-0.274823021065325,-0.179199048584027,0.140379562112455,0.554359961536762,0.402581812009311,-0.383951853366515,0.241303446308766,0.114733838089565,-0.383518523714939,0.255781625263238,0.0469905897504065,0.324642074525846,0.166765990839971,-0.236033114555568,0.194844054763392,0.0812438834105852,-0.108256584392059,0.00596965068212113,0.483285015938042,0.312892607411635,0.295114648349378,0.164678772550948,0.123837403034579,0.335737677392507,0.125533812454942,-0.187700719110125,0.156727409591604,-0.328918743949089,0.213038013871007,-0.255640650854465,0.44287997058781,0.271844160566583,0.324743935011031,0.0959812946872673,-0.0967880168077868,-0.0961341494172807,0.0385643242364282,0.149705305939017,0.0498009416820775,0.234328038665213,0.327878521366763,0.258562407424565,-0.0647825785704482,-0.354842437958955,0.130039159855847,0.205721412346675,0.0932666257331533,0.108300963128914,0.0626666513207439,0.0548594547845435,0.390451096108207,-0.149873105365495,0.262891066689026,0.369185727400006,0.223341406687198,-0.196264907406024,0.0487421699675916,0.109158713048414,0.256437460148606,0.212888454165911,0.22057314913407,-0.101456372518207,0.483393584888296,-0.291261822509224,0.0963008032729284,0.0179628841670515,0.60168862106537,-0.0422037853495741,0.0264130616527057,0.0586408694809577,0.312624192311482,0.331862624745469,0.126451636935087,0.537332918934711,0.0509805878611444,-0.194693786746164,0.175343779014516,0.30660349652664,0.342518656610547,0.10450323547623,-0.0716453675309234,0.423190224912868,0.158608296482673,-0.0038384862152487,-0.106361177605066,0.100278223733736,-0.0632015291670489,0.169321387095556,0.732056229361327,0.655029885758161,0.0451784026671605,0.374159780505023,0.369182932377467,0.438763813068459,0.312130371644111,0.199553120613303,0.152343954113555,0.249221826805542,0.279059393558842,0.370475406753868,0.220169641213651,0.380717976216983,-0.289522081574985,-0.140635550913853,-0.0886846889895154,0.356992085183413,-0.104950085916003,0.210379216849721,0.294850317273389,0.320145227412795,0.382433247082931,0.329197082216826,0.370312902337962,0.176759703999998,0.636035820331477,0.320980764101748,0.315345970238258,0.504928194337586,0.651088419941847,-0.145210249534416,-0.0245030680709606,-0.336806266905777,-0.110595481053717,-0.360096674941145,-0.10167090901545,0.376932608186857,0.148979532853787,0.116365492476054,-0.160004971865011,-0.0805809734761251,-0.196461106894034,-0.22941676360486,-0.189154215177291,-0.0944736743428464,-0.203954347084712,-0.000573879966868884,0.256183310393787,0.125250645124274,-0.219796540840242,-0.0973917093761565,0.491540710815144,0.234261445611901,0.213486997343087,0.247298951148904,0.169065245647606,-0.142270830434716,0.572263544051118,0.205849693953034,-0.00445358509340802,0.145112365154535,0.442376018872952,0.499225619798998,0.0534727142612854,0.207615506742345,-0.0648775049632233,-0.019601618354231,-0.0434957923462469,0.0955380105305528,-0.441793863929427,-0.305415859679834,-0.0949970137922536,0.199049874147263,-0.329291079327293,-0.172429240565875,-0.204207332978902,-0.380495806059236,-0.344133758706539,-0.272616173464337,-0.306471245447406,-0.324541175151627,-0.094060060668419,-0.117122676347562,0.295994030404591,0.429676051737525,-0.156246738483754,0.13563667062145,0.103206940670747,0.0458594859530052,0.139833189514463,-0.00658221832152871,-0.0280431289911268,0.0682058006541544,0.0392727109993238,-0.0204704905941182,0.109983796571674,-0.0115352679852146,0.0272535717232899,-0.174655133240936,0.161039130752346,0.183337078390123,0.130317671182891,-0.0261888354657966,-0.135874687182857,-0.194344268842058,-0.363751062931044,-0.2506787843029,-0.0316583267546407,0.0464370744539059,0.356069354260765,0.224898174593654,0.45197935343489,0.406312872860426,-0.305984248600046,-0.241879114590078,0.217671703596091,0.0573375430746046,-0.0607037880905549,-0.153753473841021,0.115342912708067,-0.0857945470689254,-0.00944707696705467,-0.16314542312412,0.256313554970867,0.323742581423803,0.408688511647749,0.216131274090429,-0.0494597341820432,0.0885391952498485
-0.839367323054857,-0.030023894355392,0.140301573861838,-0.341256542827099,0.131075589675539,-0.255550539219082,0.271840728223886,0.199119448402778,-0.217580339645057,0.193197733110294,0.158903062911194,-0.0735072393129733,-0.076093792527572,-0.101866615292673,0.39118294679895,-0.00969917095191568,0.411334555341332,-0.165164975054827,0.189678635369882,-0.00451956230494284,0.267936975388389,0.428453220121529,0.0784926654750294,-0.245300561431427,-0.276274605553378,-0.369950654724473,0.52904732259768,0.47766812158192,-0.128886967753772,0.267196044719053,-0.143460584937551,-0.150677206400728,-0.28403345201458,0.427504960596601,-0.128477380981112,-0.180964145449068,0.0775305349359083,-0.009917601575354,-0.0648462047170292,0.409060966906844,0.328187044821024,0.45208146781475,0.289853217273639,-0.520591684675391,-0.0743840336032525,-0.0806967834981679,-0.0975940244900537,0.349281093424137,0.616055093511242,0.10330763278744,0.037047197630044,0.0958455125945879,-0.102729036218387,0.161785877965931,0.197974534381968,0.202567495562605,0.105831252794145,0.232076699508267,-0.00675798520833983,0.382843772702154,-0.171574715636359,-0.198382229443182,0.64005144265893,0.564467541521681,-0.0828532368190274,0.333950330743683,0.0443189132902694,0.270535638856913,0.0406617510095926,-0.0847677345921934,0.309089587385345,0.511378285861295,0.281833032651229,-0.0327339799146948,-0.394216806519867,0.781265092958395,0.216206168471726,0.0553032237633018,-0.0846330552353231,-0.0242559278060093,0.744849131132988,NA,0.554923971481729,0.592942861027171,-0.252506519845357,-0.383085175189331,-0.00767825974570233,-0.223999172887248,-0.290868054970864,0.00768150376732568,0.337002417438807,-0.0315779217754989,0.051434587621954,-0.439631536842199,-0.627713948118168,-0.310480193007,-0.0244543590737624,0.151202512270631,-0.207904394193508,-0.0348665942777512,0.367392772139936,0.154138667747541,0.630857845000535,0.633621322820786,0.544587677662425,0.60896633997551,-0.34852418346498,-0.223149935249404,-0.209689581057934,0.328353164157538,0.762783805130862,0.428320188817804,-0.168946049210755,-0.558820796576705,-0.139112435728909,-0.495597776084143,-0.292278096238494,-0.143160764504018,-0.276600894444588,-0.138610620041093,-0.0381656882815648,-0.0818742828551052,-0.0213390158168231,-0.320611780467517,-0.450911623701912,-0.0390841970768868,-0.10823324150794,-0.388511443008015,0.139711590084482,-0.139555016730807,0.0909684647612308,0.0717285718447508,-0.126479225320082,0.138991066956678,0.26827689843394,-0.212492211769794,0.124982403442474,0.285080203859032,0.0389137686468333,0.165353246479197,0.142204621715747,-0.130459350804007,-0.161203886181799,-0.279835993445887,-0.468985773753997,-0.538182251621408,-0.166584309279514,-0.446141488160779,-0.488292988472527,-0.571108298394754,-0.559045200192543,-0.116692952016992,0.613005418793461,-0.348698669192773,0.567099322029039,-0.393477794035518,-0.290361077078747,-0.0564653190121603,0.113260507946992,0.518361121491456,0.0723603081549442,-0.632448763355284,-0.0397088589391533,0.123118939233476,-0.530202266316183,0.0738383230684788,0.306403793017892,0.462728638543694,-0.13675941729994,-0.350145256075395,0.137567011123937,0.220874406832083,-0.178826749972996,-0.396203286389774,0.347147226874966,0.059114724801223,-0.0233951203356214,-0.093835021868013,0.149407888895948,0.332304668936344,0.104736856159933,-0.173029221998651,0.306824635761196,-0.402609580061223,0.222984043557606,-0.348252687693661,0.609740384345781,0.361276528203849,0.113483250411483,-0.177480696164639,-0.418184231568124,0.0664721828020853,-0.345499132357553,-0.250644173327967,-0.293045008832708,0.4234666824434,0.109244953600008,0.221461241309678,-0.00405788674849724,-0.377019764999306,-0.240029463004151,0.142048731841271,0.0866630576587377,0.127837892481295,-0.165181933895631,0.0142655862401735,0.683416298167739,-0.00760335124615343,-0.0217659372797176,0.172799326572264,0.0674382793803611,-0.354773289169251,-0.351712512100289,-0.266605267084162,0.0979460403826353,-0.210498740093725,-0.0979173932224896,-0.341690164953228,0.68097381384616,-0.390003037649722,0.0496734549828253,-0.165556174351031,0.373917724088362,-0.322290386011375,-0.181271221155309,-0.226941724418347,-0.000264078703175793,0.178969361637836,0.101634648761223,0.307251128858294,-0.130971120614105,-0.285666319555135,-0.0516627414461799,0.168689491375087,0.348088629228277,0.313246656678207,-0.190987391124449,0.28852413495068,-0.00896460915935791,0.125828662292297,-0.246897296519307,0.0132037989768287,-0.0228377789196016,-0.216634929308914,0.938870619809206,0.697440239980453,0.2553547371629,0.633493630997428,0.369235779663887,0.604022893174157,0.131661265712471,0.0260958680774653,-0.0475998874170355,0.115049819898882,0.0527828094717305,0.072420292134111,0.0855741310719176,0.0940954799921265,-0.402533651690297,0.0111258880496324,-0.0632021109877177,0.545213516288096,0.050226562071324,-0.0588371019684026,-0.000944603650631537,0.0762825459896283,0.158884988821597,0.200925364102108,0.372333818457964,-0.247362965705908,0.921737678561095,0.488517610043432,0.227561162509163,0.610359112510107,0.753179879933487,-0.318997993188824,0.137587392493794,-0.477486971605113,-0.29985445267813,-0.0749935925066404,-0.448485240638552,0.358081444233933,0.0342265135584469,0.111516458931261,0.0678302948753161,-0.122815571662196,-0.252961614356052,-0.462910974073912,-0.160105634409095,-0.283564868411098,-0.187072478616426,-0.0674032706400218,0.263567057870036,-0.132505913542789,-0.407275848062355,-0.127063740526789,0.340008431020143,0.0484505167004625,0.186921463190107,0.209469990127604,0.353448429136739,-0.121200786871702,0.261858614714065,0.0842357303752004,0.33592827110109,0.277384987182516,0.202501015971762,0.222956721354003,0.0540820493848851,0.021608080411825,-0.356273780814887,0.162019175735847,-0.144333739032687,0.182932768330511,-0.66515958957129,-0.53746024626886,-0.15750404154389,0.61281951892475,-0.463263071130753,-0.0483638329239244,-0.317622840670049,-0.684997575614441,-0.637600259635228,-0.307208336422513,-0.560650614587958,-0.269556914704231,-0.01329699853606,0.00775136985466125,-0.0501228196295703,0.340212262603084,-0.324657065578951,-0.106010563585171,0.192464171516594,0.254676299693925,0.242314535246667,0.178280886706564,0.208890487846584,0.363937406601919,0.263266814855476,0.205437744867677,0.380313901470203,-0.1362244495825,-0.126226129279342,-0.187558470643346,0.314010643207655,0.40491745873218,0.420631401788482,0.194903383449056,-0.168531162199276,-0.352793564450188,-0.357560230436579,-0.496257918873807,0.294704422694151,0.0513762227063051,0.111618040886938,0.102625310655675,0.376258160999337,0.37631978044526,-0.216456484983338,-0.315303547164041,0.141319101133669,-0.0129044582445677,-0.145183947392434,-0.211072758549452,0.256416510554162,-0.0564288678765723,0.12410276205895,-0.00959440496802768,0.113276406826151,0.206676370794437,0.197197587681965,0.206153892890956,0.0612511575718017,0.214874007272993
-0.291810197529849,0.00728294805342142,-0.149238189371479,-0.148518770019596,0.29097375396035,-0.136207640591453,0.383750685871375,0.149954380792088,-0.130760368489361,0.0915718150056725,0.188168701006559,0.182592349442236,0.0908841877717995,0.0793589681624522,0.581521805953847,0.0314412703008632,0.23003153142451,0.194514887795342,0.240804729343148,0.104994110814409,0.0745416313483818,0.172386641055596,0.235973658990371,0.209762176783119,0.0655212273637431,0.020072325686503,0.491311326627737,0.659176480037672,0.244204420805798,0.0974823374619386,-0.222699178012494,-0.133307608078463,-0.148755335463388,0.137540537384204,-0.10664934943886,-0.105332429426325,0.038704266872751,-0.0722480568164295,-0.0954377398781618,0.320519806350846,0.161702978295059,-0.0208506764489043,0.25917439493809,-0.209432266879973,0.0867705872129028,-0.270049571382442,-0.0236188674692492,0.209335675696339,0.168753285469226,-0.135156700663307,0.166561428651742,0.258703561104633,-0.301185376805256,0.12378101329282,0.19188787567906,0.128305854437921,-0.0147982942480856,0.187825072736794,0.184307089329461,0.0284073688471684,0.0675635910486518,-0.192936899252263,0.266394980633235,0.0843472273310232,-0.022471095417939,0.172432653133731,0.0827277472752484,0.0557887486868871,-0.0719525229731234,0.0615641708405273,0.420197294125204,0.405113134759028,0.235973171708,0.101031670582205,-0.180600598989522,0.331677586023761,-0.0397068915241113,0.175250974375509,0.0571851062945,0.34865161743791,0.468998220396993,0.554923971481729,NA,0.461157587721285,0.0242925831154431,-0.188881087432854,0.0939697855377538,0.133763546466266,-0.168851072399514,-0.0486292215643094,0.166138086646008,0.0924174555255309,0.0766097736767899,-0.154601802307851,-0.17602856311442,-0.0497992000005806,0.0890205936969882,0.20114936527596,-0.175188311323005,0.122890476424447,0.0125684711501628,-0.116641355995082,0.160683574830772,0.0966536905470265,0.126031632752773,0.395553333341556,-0.152446763048316,-0.0414163317818362,0.0415705911882854,0.391011431637391,0.321505580650559,0.210784850710226,-0.121303387858937,-0.302795408016511,0.209171347791277,0.0188711479382795,0.114309076995751,0.00718000673818567,0.0604353396028586,0.193532341261668,0.25633926367156,0.214570922687013,-0.04953762680063,-0.189926416394171,0.000260643178160513,0.0988526471610272,-0.14201593703371,-0.250147183241224,-0.0583460107551648,0.214025456446976,0.2432475558147,0.0919907650977007,-0.0679441707342734,0.0132969849354349,0.281654375204908,0.164284868319037,0.314128840451051,0.479288005297036,0.157670444649651,0.287167213500167,0.269285691586009,-0.0268502194186103,0.118315841925686,0.111369553221543,-0.293062007542031,-0.336598153818058,0.199337337466156,-0.417323463054988,-0.445657076471476,-0.166759605812577,-0.249995096432433,0.346400871591547,0.378688309953919,0.0557410675873921,0.436450947808611,-0.099782106554149,-0.0405356371625028,0.100661358066143,0.447479414713508,0.266463035559981,0.0680592374338837,-0.25270782600946,-0.0483142680420478,-0.219240971059033,-0.101464462662243,0.177399519713342,0.233001048760234,0.282561400117153,0.131853819517076,-0.00980698657427494,-0.0623543218902989,-0.0628465228905877,0.147537887435376,0.00998034891914045,0.416911145358412,0.0984928707510774,-0.0273910244334433,0.104967368082707,0.300826120277341,0.017464495215252,0.16181277875522,0.23351468570299,0.599487990917017,0.199155870617556,0.0865740124689017,-0.00497346569648566,0.429851895361647,0.247968840533746,-0.0829772486166136,-0.091903118672322,-0.251413622870699,0.076127338538967,-0.246173174143331,0.0975755224794669,-0.0853388172711724,0.192123932502042,-0.0525313163285242,0.135553652681019,0.107190525148322,0.0577892395014807,0.0149776935195619,-0.0814972991958429,0.0535343188791751,-0.115371587262637,0.00305730715891919,-0.148442166003255,0.387963368185714,0.0653659438114343,-0.200375503534131,0.0671790133753896,0.0812270295531454,-0.464552797124767,-0.310504235806198,-0.15743074183744,-0.00621153105500704,-0.186776028293183,-0.235928790341167,-0.34127243087706,0.322476246311327,-0.0944815302057602,-0.0970749807181607,0.0630994108510624,-0.0863879792409064,-0.0566312541426362,0.0358206218949956,0.0491027639836368,0.116461517720003,0.0643866057340804,0.0702562130902125,0.059525797917495,-0.0379152806744103,-0.207120035907559,-0.0536337025268393,0.278701022270657,0.463040472954437,0.287432998625886,0.119955248494057,-0.0992576547649863,-0.158381546922626,0.17515139164398,0.119959227477594,0.192207005684832,0.265141465115852,-0.154758754747248,0.412507264967393,0.242486126271669,0.593277940653155,0.384149414511509,0.303073785123718,0.346087728418253,0.00307026347564961,-0.00257776864796958,0.103354934529117,0.089030977833177,-0.115531514000213,0.198671071229525,0.142010753130798,0.116677122037991,-0.0211874574458605,0.351844292812418,0.232486669401301,0.138294689244487,0.255180308721872,-0.0672725430258335,0.144623227080839,-0.0547346510385591,0.00661154325743512,-0.0966392679102066,-0.111585256651596,-0.274526674729524,0.384301639390063,0.269577705461208,0.215596269251512,0.254202418924353,0.340245717206694,-0.131694449168106,0.123302309581439,-0.253749035752118,0.15137738883127,0.0615066096124473,0.0541857139471186,0.332845063894215,0.233383006665791,0.0617429432128075,0.120438378691785,-0.16538853586796,0.076504319978603,-0.0471761679060417,-0.075661926317361,0.000871138028693757,-0.130989132398413,-0.0842391259355146,0.0961863740981863,0.025756966935884,-0.185409081056565,0.118625655148222,-0.0429737846562961,0.16221315008801,0.167435181129212,0.00243489861623679,0.266868565837786,-0.250514609144279,0.00782280133682624,0.100959131255486,-0.197327882566588,0.304688740195348,0.423149632466703,0.419583998293048,0.133865747418704,0.154572316594402,-0.192455793676954,0.0378377257965364,0.0741235495738643,0.355913973632826,-0.0535981846574799,-0.229873247905746,-0.0758754422674325,0.339496823708229,-0.156131889606093,-0.204511860694264,-0.119606915359387,-0.190189436223057,-0.197726246310844,-0.018800465754407,-0.127214215856574,-0.0048887336473751,0.21899900310808,0.141262466289935,0.0854440517519423,0.375094363247485,-0.0431134958248124,0.282337219974777,0.145243472744705,0.341549044683174,0.403988772229771,0.376803920345541,0.186960530629788,0.115826455502025,0.0223942431716563,-0.117845815105804,-0.0792115136681504,0.058408263538501,0.0362705105544157,-0.143844939491279,0.238403100937739,0.236647483058254,0.25774294970639,0.337189495926418,-0.00754646406817614,-0.12953433532575,-0.196029444472161,-0.236293714613744,0.29876296545841,0.17656295033684,0.272415946685698,0.000309780924811107,0.341616585019277,0.181820555224322,-0.0301792538605617,-0.0111577977450978,-0.085575197040809,-0.130957701904674,0.0936853963793241,0.0714342845728571,0.253607246528594,0.166012415745675,0.0525983308692328,0.190046048678089,0.0257153268595848,0.0178939165802936,0.262677168230309,0.0914444051203472,0.11813394168049,0.0833424531695547
-0.433884004597732,-0.333009355716891,-0.293911683909204,0.0285476957038768,0.0714725582883512,-0.0766862874583413,0.0201093054844673,-0.170304084000689,-0.00587425759151483,0.000337353571058846,0.187438616469822,-0.0463092947348814,-0.158136500175656,-0.218107405299965,0.437859279895764,-0.0950384657714367,0.217322116576248,-0.0693616297965051,0.17413098491231,-0.186931022653877,-0.052616993897355,0.0670181432706506,0.110304443587318,0.213554882137829,0.107299104259489,0.0562743271254042,0.411601370134401,0.340676683451722,-0.0184013738005822,0.0480773251670949,-0.22467659433752,-0.214522277270652,-0.284277535371933,0.0843561711453204,-0.361242196921481,-0.284296344499783,-0.0138802420930035,-0.351481781353161,-0.149641654643894,0.184538067354562,-0.0260673057604102,0.218637444406566,0.189415315438134,-0.170323378257936,-0.189798512101152,-0.161091349557753,-0.192110339401175,0.108712534034407,0.149176611386913,-0.256458626052764,0.142590214427612,0.154558113578227,-0.458375232804149,-0.0770342551199359,-0.0272335613562214,-0.0734996675313378,-0.251852178363735,-0.143895625699741,-0.149596516014174,0.327567199082068,-0.126321486607978,0.027565201562188,0.488637849494381,0.576982185465674,-0.238936392026268,-0.0388467584809177,-0.0708824742483179,0.00561844800252534,0.0505951529275408,-0.0877046084089729,-0.0401659725616844,0.217270118549462,0.150349935200153,0.360965446699122,0.0978891999865569,0.265265135421937,-0.392974057815944,0.29799543525015,0.381776000282682,0.44262057527267,0.405602763284157,0.592942861027171,0.461157587721285,NA,0.325470087996689,0.0421010595299365,-0.0046128296433675,0.0658807440895506,-0.203270903139364,-0.232392977720533,-0.019775187268144,-0.00863558574872597,0.0393033139169192,-0.199784874303126,-0.42677894612321,-0.218516687996712,0.214536651160236,0.442236068162271,-0.245942033333879,0.275488798843954,0.058487100163894,-0.0509381553241102,0.246255171140729,0.0917440502674679,0.223053919873899,0.364987233422867,0.0648572138518629,-0.220681883688897,0.0540504771971314,0.0157002448520182,0.183898546396587,0.549768821400672,0.150315487973229,-0.204096254365293,0.0966542990606061,-0.151343055315605,-0.173842473629652,0.202726566049525,-0.0295120145277919,0.114575001901555,0.08204772323861,-0.00147991308584409,0.228514422325468,-0.263040976187434,-0.385969299359556,0.000945405682705133,-0.127169239429049,-0.456784133115311,0.0911771643054833,-0.161461309860761,-0.188343717659104,0.0728691682977065,-0.154286132547794,0.221013682597943,0.17981663456342,-0.117676120224162,-0.0549645530125701,0.327574926592781,-0.0311008651826478,0.465423721235153,0.374587009655537,-0.127503160406676,-0.146076136000849,-0.21975819976989,-0.203084581402677,-0.194377801506066,0.031134164175076,-0.0703856741532242,-0.133586011494996,-0.107406419777194,-0.0933960066599142,0.035819240567344,0.0517010609938782,-0.135282549565465,0.03177720237924,-0.0468865202888262,-0.093713874335169,0.148319993579259,0.338179000022606,0.241375577382874,-0.133709596122025,-0.522259895172259,-0.272638520917755,-0.333377364430122,-0.0216741454788804,-0.0929984163356853,0.563054430869838,0.469884698052558,0.109325577528898,-0.107612807916511,-0.0768694179337089,0.093020823340073,-0.0739584318328423,-0.365329914218719,0.325666238481188,-0.0743978023880155,-0.2428162225158,0.124384643542241,0.261807059472567,0.0475665871756047,0.283607751040126,0.344353485387349,0.402657065179499,-0.0673863156146138,0.0255791880299419,-0.191255614701239,0.332807156091259,0.182801312998546,-0.167621565342022,-0.239696200765977,-0.448657179895387,0.0167424544906869,-0.371291566893449,0.000650982546860215,-0.309962149040931,0.0781405806013634,-0.162040842464472,0.086794947299563,0.0305960487358431,-0.213564003349114,-0.290629402393064,-0.0344736695552016,-0.0205779188945431,-0.0358542627750445,-0.267697862260362,-0.0566253158271801,0.217245453678523,-0.109764780847895,-0.178924255684525,0.0693755811840482,0.187225935509686,-0.548712356197181,-0.395253618972053,-0.304175757527616,-0.0741116686322427,-0.347542843547772,-0.230464283818963,-0.193332821631723,0.636275640203233,-0.153708814209471,-0.0249083778915419,0.110431470170945,0.0108499963844702,-0.0775104021886423,-0.223450487687895,-0.169795377434053,-0.101470073855547,-0.11147918862628,0.159626638859286,-0.103669692220022,-0.223766623477695,-0.355471606782065,-0.151265722740409,0.220420363943946,0.292069706645671,0.458374867442797,0.311361152120988,-0.162387492035758,-0.137100418042478,0.182144775762787,0.295409817783687,0.479899860214377,0.290052663372857,-0.22228329875176,0.489674143368587,0.237379157960093,0.346310955918132,0.60219922132721,0.589061456924234,0.447342282497794,0.0918280072910445,-0.0275989827428806,0.16731638738978,0.152795685844795,-0.239158573289552,-0.0114830634058955,0.0461283670716216,0.124854224472299,-0.264943124188157,0.20151983360374,0.052176447441679,0.495183599781085,0.393156834475546,-0.234955958908608,-0.0355483849637059,-0.0308272152898239,0.0423835671315611,-0.122810663836996,-0.0403516813352727,-0.350539941481944,0.611516904615459,0.244480313677613,0.497168880319252,0.409366304589898,0.784642343169867,0.117585503575095,0.261846715864086,-0.27322586792727,-0.22085362003171,0.120227023620879,-0.10716014032819,0.320987853295205,0.342803884726137,0.403516015520041,0.160022259144222,-0.0281436213205916,-0.0657114084214836,-0.251400797176825,-0.0106093099026851,-0.300409260302898,-0.200503864806413,-0.0741535144960197,-0.000351096810754481,-0.17869955527126,-0.251715960713322,-0.134401115939478,-0.0644007386030605,-0.0950228070733193,0.00143859691424356,-0.013571262954736,0.362297238704081,-0.173063985676834,0.297196928279447,0.135974561619032,0.223567439707497,0.193185639428172,0.0553911764847651,0.0857763652780917,0.193372323798167,-0.0661406716097322,-0.344705729709946,-0.225535729412027,-0.217352976042489,-0.0163446003546001,-0.403547276464183,-0.348693492435756,-0.0601254610165381,0.140780962746351,-0.298667583693692,0.0713731445682328,-0.0841432334970317,-0.350057790035283,-0.308176094914322,-0.0774909647567692,-0.250287381255247,-0.0172313619473183,0.123376974461894,0.341211649540087,0.055418294185854,0.282845527722548,-0.0838911075009771,0.0742953069390982,-0.0842041460977072,0.388288547941839,0.293107774054047,0.614311586673681,0.482707760883219,0.202581943530598,0.16150931465695,0.0404418576943995,0.209605129405364,-0.125626371310243,-0.341368830559501,-0.0863351604179626,0.0214920122038707,0.45653360864779,0.69407023190269,-0.00808419150770925,0.0336882850310706,-0.0825823916874437,-0.0139744370079971,-0.148342335541053,0.185093168386851,0.0277664069678294,-0.176778600587727,-0.132987815082635,0.0412431739624758,0.0762996885284779,-0.157853929413566,-0.0800365329163053,-0.277705637631322,-0.124748026887746,-0.0284875123577132,-0.0698727081832183,0.317525028705476,-0.0142736159041038,0.314411028052076,0.0354069739822106,-0.341523899651757,-0.148636082980054,0.280071094095474,0.000383983034174729,0.292694400838515,0.104927424550347
0.370679073769793,-0.489996999592355,-0.398341518854292,0.288222681774626,-0.10308927489945,0.300985703163476,-0.118990304236902,-0.385768752344827,0.345347353975965,-0.00822958105212664,0.14839229737519,-0.0826968884432142,0.0472310067529456,0.131576035870447,0.294424411479301,-0.00833533158045419,-0.0255265828232586,0.0915304145094517,0.152141739532713,-0.152284657463548,-0.504331467826016,-0.368172805207512,0.0248210426152996,0.716197533356511,0.421207795087006,0.43862269072512,-0.061149929969253,-0.0300667123542795,0.312428948290257,-0.200360843333268,-0.165163635726791,-0.129976239700484,0.0912062572668822,-0.381266236342091,-0.182186402029517,-0.181504245651483,-0.249158670295426,-0.488215245536558,-0.142862231732607,0.0247129311865674,-0.475423455426034,-0.105384866653545,0.25346929412425,0.4296991133332,-0.209523847618303,-0.0878350750440259,-0.163179192875759,-0.3974950534171,-0.478639858522648,-0.503441135326324,0.237777026169369,0.156834444385905,-0.320679465632867,-0.166569518399234,-0.338486050752057,-0.399590798051379,-0.443389145234658,-0.409692100424788,-0.147712716290331,-0.0199355913999538,0.10352714493885,0.154737269711321,-0.0435566658270323,0.0969998750340937,-0.0681648436086722,-0.318040190447303,-0.270149488062347,-0.406606632221159,-0.166131045357329,-0.135135871855711,0.107136823080147,-0.0493614912039914,-0.134020875741368,0.748258681887116,0.754061509548458,-0.303954055339238,-0.489761909013847,0.459583228447818,0.706152104963658,0.426035981153936,-0.046191333365581,-0.252506519845357,0.0242925831154431,0.325470087996689,NA,1.0581369984975,-0.332203055831916,0.227164677379068,0.0596729269488151,-0.279834644655316,-0.250768728157872,0.0124226655784697,-0.141787855783912,0.377105398959013,0.351070632298547,0.276901307649563,0.116868191896266,0.192756812738979,-0.284061669363912,0.380604962039563,-0.157270547625093,0.115966980278876,-0.351887864342804,-0.201158198554358,-0.298656531295231,0.00772394387316321,0.613057511523125,0.0694318118185003,0.589481141239453,-0.0713848221096603,-0.25988370487075,0.256428992110986,0.421644468601163,0.134986983398768,0.0930117900236126,0.441658146542644,0.27834691820944,0.460729806573639,0.790485210927608,0.542022369963976,0.226825696092076,0.18090595253223,0.345068379768609,0.100137055871245,0.239845446595491,-0.0950111069326079,-0.0188593194896992,-0.304049741522838,-0.0926802268191768,-0.138403926318713,-0.365765186190032,-0.239054174007709,0.0307642546083428,-0.0903278639472166,0.132646882979045,-0.165124898910014,-0.165761433726077,-0.00384873299632686,-0.239424850611561,0.455369810942965,0.157814293248525,-0.0578534797980098,0.0488279730845057,-0.023241245841839,0.271819251340619,0.395219394871723,0.339048558806939,0.289788775128022,0.355398855286188,0.527964325544789,0.641798286585524,0.204477019802589,-0.247299947238917,0.308645809398416,-0.239977299325386,0.664291365464968,0.338781016951157,0.397889071061915,-0.00920220712133101,-0.0840021061585003,-0.0378334023324974,0.0517344332168839,-0.466604604474057,-0.232785961343569,0.387114222213856,-0.396845054978097,-0.0367076714317317,0.164741982861844,0.0497381700474577,0.18642654760785,-0.133020101220632,-0.109632769865561,-0.094137240906258,0.0567348481621574,0.117427999668159,-0.0724167567287951,-0.217366170272491,-0.0768261152587431,0.10808391515376,-0.459491103540444,0.129976113579653,0.386806416636697,0.182667483204142,0.188303215121012,-0.149911199804099,0.173656990469506,-0.164627239972162,-0.308976651292402,-0.37329624289198,-0.19642252439815,0.116841782092809,0.37362160023454,-0.0980693937637101,0.121569590585573,-0.114754993742583,-0.355013879017832,-0.324539638341651,-0.274344382156995,0.156237827327176,0.223110344315747,-0.0452184435950999,-0.0919766929600544,-0.292581008841547,-0.170339425145931,0.0735122576099874,-0.0280327148548634,-0.369781593561089,-0.0175147477807358,-0.237578259760864,-0.138157830602772,-0.0853221601623304,-0.184669166119763,-0.245132821403463,-0.206282479318525,-0.0838723620016403,-0.185527047040837,-0.26928030953202,-0.0313963684428315,-0.069454721887972,0.223812916048635,-0.00588306509697402,0.439828685275816,-0.380098898686127,0.23919212685878,-0.00771243186836339,0.135384147351132,-0.0317053720560136,-0.316057651514983,-0.00887796011714804,-0.218981594465631,-0.00713932667612679,-0.195199297114947,-0.175254043512008,0.103424485194019,0.0654300905767916,0.215290579588574,0.671680221036531,-0.280932124993357,-0.3106355995732,0.0911356320741435,0.95975480843919,0.72936300156377,0.168808529436524,0.00312812094031722,-0.13871042048879,-0.377234413480098,0.0878787864153467,0.0556491114719893,0.150955669684335,0.107747358076713,-0.284492411625068,-0.376553282670149,0.0532805730366845,-0.254646937784823,-0.271313903391247,-0.220556025492738,-0.193863540374102,-0.131302795965313,0.127099744313825,0.217463867245792,0.237027821297751,-0.0602029405356704,0.16157518865644,-0.406268029019166,-0.166206453203066,-0.155884434803174,-0.172297118711042,-0.058904032493906,-0.203254292592218,-0.0709534807229704,0.0526005424272858,-0.269292096842341,0.322943838751912,0.0349611544366718,0.105893944251755,0.518348782132259,0.103631904943892,0.210984972807004,0.261257859015217,0.00746234770469661,0.582468998541589,0.0862501722612728,0.316714295267216,0.277291740296529,-0.123049914756779,0.160212310144734,0.232695386612433,0.130084506193061,0.171474591323063,0.0819564176124268,-0.0825913649093981,-0.0593938037045445,-0.228574144413936,0.0972967573700564,-0.088523813333052,0.0665852417716335,-0.279873845659049,-0.327644563593019,-0.400871592048622,-0.0871731011655716,-0.05387168007809,-0.131257187446298,0.050608555952871,0.126660205975503,-0.0304232720303525,-0.158882591763986,-0.23038166065184,-0.29868407977468,-0.194475582615817,-0.274644541507289,-0.0589571334572567,-0.262052213111607,-0.0505461711692328,-0.307052804486043,0.204710747380977,0.0251551144803779,0.0516066236198411,-0.362934050757599,0.187362578468902,0.113036952670222,0.352057707729076,0.328365945008546,0.261739489404873,0.187807838438819,0.274679382683279,0.132657676016512,0.219024929878961,0.493131689883452,0.0803946180487423,0.0904652299862933,0.1244223003273,0.105681049901937,-0.0548465517074943,0.0294372469898665,0.107673787731962,0.42462049168757,0.28531747218795,0.142896371857151,0.146636746525626,0.0265375247101477,0.0534893499681208,-0.116867863427481,-0.0724201991511612,0.145011863295048,-0.134474105092569,0.329673042804056,0.230319771523078,-0.185588049871052,0.297108128838976,0.459476287641066,0.38135568018395,0.588011046795602,-0.223486372190974,-0.0761879572126158,-0.131341342183075,-0.337365761389198,-0.244708680219996,-0.213254372944791,0.0807038979164196,0.440960965005494,-0.552039222155528,0.0124363148474037,0.147423681509488,0.299891518118343,0.0657395865285313,0.282767168474751,0.179779379718772,0.0218725437646149,-0.48310318158232,-0.263194419203823,0.140091651824262,-0.171270248176017,0.291522312936929,-0.105569746579087
0.544992857420536,-0.443623992358255,-0.185306188865825,0.546033057207847,-0.110862327098873,0.51544300910962,-0.13265193637479,-0.320232168577833,0.711605752551209,-0.124410846207052,0.0971735327695643,-0.155972087017041,0.0821623723472327,0.232008252534322,0.0879696065571283,0.129224420287755,-0.12073912185548,-0.0108900084019287,-0.0113435774639822,-0.0556776770160688,-0.547528004331302,-0.368917283218802,0.274559557263997,0.852340360066268,0.565604602964148,0.492568929840136,-0.214317033972019,-0.207449066838913,0.232231938204211,-0.207369146475959,0.0509626022489111,0.0818627004034489,0.268699088618319,-0.356812310134268,-0.00463439061252325,-0.0488327480730034,-0.173048160946383,-0.279468070617793,0.00977867290124993,-0.0450639888290054,-0.36820579557861,-0.223073339785939,0.323156904160793,0.854465517955865,-0.16563485620945,0.19714739335231,0.00105364548282715,-0.562787661878645,-0.4674689768604,-0.435774525558056,0.302284318308961,0.228124553735867,-0.0530929726391759,-0.353329809660172,-0.350554122915213,-0.392820357346364,-0.336527826186389,-0.394925242680926,-0.0225517657516248,-0.173145484838651,0.0901097018561003,0.242090015537055,-0.13973064226487,0.051568990435106,-0.0741624911572431,-0.241357540144706,-0.264745077744536,-0.288205017824353,-0.0816703436661654,-0.0101184823329425,0.0023404754630998,-0.340467281479144,-0.0965910460393732,0.728355914969966,1.27092952310125,-0.495146928025245,-0.309233001151546,0.675339256752889,0.677142463035814,0.359115518185012,-0.1935142652776,-0.383085175189331,-0.188881087432854,0.0421010595299365,1.0581369984975,NA,-0.377371298317595,0.240606302183092,-0.0697865041695176,-0.225008584026646,-0.344814985716633,-0.0489042639843138,-0.270367550990637,0.693506993202494,0.698404335213768,0.459534601955318,0.000422913349069957,0.116251042604723,-0.141631597451955,0.380031788423115,-0.120745491223421,0.0284914942055816,-0.348428132683188,-0.330662644637222,-0.34984669180012,-0.053942192627152,1.02838269347054,0.336132306869523,0.811137690236445,-0.107964335814137,-0.265234866769616,0.262228917438707,0.605690710684284,0.278615656919427,0.145232189354269,0.487756009338554,0.268546738224306,0.42722702322855,0.876551475701943,0.539766765962039,0.315528474951829,0.333479495212936,0.441888312538896,0.288644539601976,0.364166698882067,0.0102173156439381,0.153954288765742,-0.00796614477030918,-0.168549898548265,-0.205790606050361,-0.338705191302147,-0.167161374115024,0.0111851152450566,-0.150420360761351,-0.134498724644429,-0.104359078912157,-0.151032521604822,-0.140043458220617,-0.297717248057713,0.26404524798711,0.110329342413289,-0.123195507630129,-0.00823547837094988,-0.00376175422123743,0.659721636452691,0.755634677628531,0.521235224298603,0.603439955303964,0.584735091064196,0.773239726689547,0.953395521247174,0.225008861034897,-0.356761384877464,0.430723960431253,-0.278821206514834,1.01270027749672,0.727871552930617,0.465847118160503,-0.171987635146003,0.0179728899670396,-0.00719118917326311,0.0899136738310874,-0.402092710399416,0.0117483740368313,0.521858971940675,-0.286603847015476,-0.247964191780044,0.0370059260682292,-0.0452008087331774,0.347431397266857,-0.148793109581682,-0.267615137848292,-0.27545101219014,0.109358674588472,0.00745818239578615,-0.0479993060169856,-0.018139166164179,-0.27540021991926,0.0527120185777941,-0.433212307133169,0.176968637696996,0.431796314146014,-0.0422859361653114,0.113784299696822,-0.251047116481116,0.196836384259318,-0.356993149820469,-0.265259385023675,-0.413599544223363,-0.0408302029353575,0.306223153582471,0.453206279741292,0.12095619281256,0.207755415982017,0.026682594408938,-0.310887025358202,-0.134037853745359,-0.283771971160362,0.123956300300974,0.338275568263196,0.196984737830703,0.146175546342157,-0.283419200829784,-0.104801574850871,0.150490220215827,0.171570940301518,-0.578978099638861,-0.144231180898624,-0.158594678561338,-0.175951932825867,-0.126128654775922,0.0662366730848257,-0.0429433669845923,0.0735349091126861,-0.191765648830561,0.00790037764735457,-0.107649260821736,0.0826805267868296,-0.343386928851866,0.283775068819205,-0.077034650173037,0.416922106168276,-0.369955774371456,0.191841176436666,0.189832893910056,0.190817519514804,0.0597097170336503,-0.230206400695635,-0.0548722456402193,-0.0397111288909847,0.0432886831420653,-0.0785057048829738,-0.00338304533936451,0.0410897276840512,-0.132488460026271,0.126346573077803,0.563690172317795,-0.201839527907479,-0.335784423689461,0.058839640043664,0.750874530910268,0.576182047723002,-0.0820028148871619,0.0409651654942909,-0.335406046427051,-0.414922652445734,-0.120033340964224,-0.234373140357624,-0.0883741312028349,-0.106597822226836,-0.300874695170011,-0.295676532200113,-0.0110385393293929,-0.450821396810767,-0.184972066556209,-0.185705601311312,-0.354955307764614,-0.169116853089569,0.216369689115691,0.187200017063079,0.276155110951096,-0.262064224469024,0.0347598853115253,-0.270315247735617,-0.16326207203043,-0.105789342092066,-0.252673696558391,0.230271754381077,-0.0947887445482969,0.0627988214477335,-0.062133239679378,-0.50763253809939,0.122753354813707,-0.050858032345484,-0.162775417533756,0.505412158051584,-0.00136794010328228,0.261723714538448,0.247042985701919,0.0983458315857048,0.524043050093954,-0.0681044716283527,0.107911381213473,0.243209166198173,-0.140290155979286,0.0432638976868643,0.271976023335627,0.208681827204031,0.310900191437185,0.137349755485381,0.132124681601466,-0.121623299147007,-0.29824557745079,-0.0709237847153208,-0.0567621024909177,0.0901155025363875,-0.210750136060497,-0.341991307059796,-0.429214973668415,-0.109179589306369,-0.186498790405241,-0.0826036569545628,0.0255715533698175,0.00106540143475755,-0.149089610668664,-0.400794910820201,-0.179933583747597,-0.341717382054555,-0.252835206391215,-0.396989769872127,-0.00519819557259493,-0.234365437808103,-0.114715361498555,-0.229549670289626,0.21871908834447,0.111425116258834,0.109706871577653,-0.595160969832633,0.239422087780428,0.0554038744927071,0.391411029698518,0.458758246957251,0.508666414714651,0.167115999035753,0.411288531011849,0.15856774617041,0.162394689962549,0.360159366516196,0.0703116078728408,0.0663060385721424,0.0994259534589082,-0.0653034898598233,-0.151576365250565,-0.155060182683867,0.00156576526882153,0.402318575127724,0.298264585648864,0.0605957234582621,0.0808915709184088,0.118592163942372,0.0800185484392198,-0.18434289937636,-0.0293212011243626,0.124710419441559,-0.346261023558509,0.1519209902784,0.137873867675622,-0.291453921124827,0.416150800077687,0.767332433512356,0.44151473104748,0.967326826187374,-0.298630478810186,-0.221643233109928,-0.238539789614745,-0.312684987125662,-0.284628008627133,-0.15124341673365,0.0770984939855668,0.789391700697998,-0.402152514485182,0.0630715122830365,-0.0546883589317455,0.236225337390827,-0.159826753216562,0.301865906565305,0.121490943807312,-0.0554121800149417,-0.409184727696679,-0.295822962508391,0.0371371027085631,-0.209170775113894,0.0323159262407407,-0.0168968195211799
-0.186527962291627,0.621397227267641,0.317817156086448,-0.227887676457951,0.807525022845198,-0.0667283805828409,0.0828004905030833,0.579440903483596,-0.0247791307493494,0.00707886131664113,0.0578142065473865,0.021500889827632,0.253334868537533,0.0595783462273894,0.0496450330235763,0.0533985214725306,0.394756117359546,0.0151048606763702,-0.3251261481726,0.362596312060802,0.400574974531548,0.19885925049398,0.038785310907771,-0.0977550191352861,-0.0272897619044076,-0.362127240155471,0.0354188419522086,-0.13587615665272,-0.10434050528316,0.275521010505745,0.32511445609437,0.113298232090973,0.162358363604097,0.139987734261848,0.208254463977891,0.38886173050549,0.131609958426203,0.347859726625616,0.09470582571203,0.0127828543148046,0.316001867453467,0.0811546910857286,-0.0421061692088135,-0.204582855066001,0.399852877604521,-0.0430598350760356,0.162913211251479,0.256586669465487,0.263469018366494,0.448052028890789,0.397420074018158,0.17958293714961,0.142112042731837,0.403225799982414,0.64781016750142,0.872704947554928,0.40890100576929,0.575711002146961,-0.0822281003293783,0.0159539512275605,0.156712827919011,-0.0633359473940504,-0.11151563801163,-0.149774247973257,0.38514382828141,0.0473430714754937,-0.0147527107623976,0.0823252851893105,0.275323889096964,0.215657048940573,-0.236166549074713,-0.120583569744033,0.161027547709487,-0.244702136875016,-0.175273127434592,0.0232693096666224,0.133819540232439,-0.0305662512587632,-0.353411093591114,-0.00589167005830558,0.20880071011237,-0.00767825974570233,0.0939697855377538,-0.0046128296433675,-0.332203055831916,-0.377371298317595,NA,0.817162574743608,0.18804507086142,0.459759938033152,0.347141500628049,0.40565447271862,0.551561740281932,-0.252804695590096,-0.212281161543609,0.0830743441139878,0.601734430673829,0.356656041890802,0.90276917066316,0.351004153748945,0.239562173923585,-0.214643442565167,0.279218945447182,0.348304034055701,0.212723732098403,0.33568441079908,-0.138676589089546,-0.0243800799206507,0.0615084685567251,0.150610884465702,0.0166004131959499,0.0232173777451966,0.0415445839353634,0.13893182634511,-0.00112529913110937,-0.327250569035891,-0.244063585312367,-0.28148534089939,-0.128308366068862,-0.207085891054665,0.0182522124851857,0.0842376667664662,0.13638314097765,-0.280278933150289,-0.0956605088988279,-0.119091138836975,-0.188372132267858,0.0266235924810438,-0.0755975953390755,0.0318622783634405,0.427024316023804,0.695256694876028,-0.109385701905156,0.167705481875334,0.0326899846371203,0.315203948660908,0.679165315633635,0.358985964235298,0.655322157936087,-0.280817552460406,0.0894753608543179,-0.109322763498291,0.0656462661021193,0.00935824987534981,-0.25143322824351,-0.19182571375283,-0.0761581971264926,-0.0343404225351722,0.0140940905503538,-0.19692592824488,-0.191770742392253,-0.226744510994096,0.229183853251612,-0.204592895739047,0.178098635887357,-0.381789008467028,-0.047882205130689,-0.123182186041714,0.401472495681906,0.104650531652326,0.0233463338626839,-0.118688774848788,0.858600071391443,0.0965763064068476,-0.349062484235735,1.07206260983257,0.0147788667910199,-0.144914621526834,0.266926993363216,-0.207914070968449,-0.0711410101604632,-0.202843031814218,-0.00299043631396939,0.0706050710916839,0.277973575185212,0.338167036434649,0.452103584206053,0.19771517889325,0.00792234163542823,0.241497509042988,0.0727278440260203,-0.0148921751857956,-0.187560361521615,-0.205743292841596,0.0791898366268041,-0.189864938567641,0.0816973579036255,0.0656670557379652,0.374065529316809,0.362580175234095,-0.0117839802584373,-0.185779084390541,0.156918693951679,0.11748833249488,0.0899058766353931,0.200737217544949,0.499394727564198,0.709619943170797,-0.188570037439537,-0.0532691718573627,0.252085178847842,-0.142463823332645,0.473824985198479,0.373153247604382,-0.0521459353935414,-0.19440071376337,-0.00191233915701612,0.0361496027156505,0.604817906960718,0.687649725704384,0.648457615740281,0.140111060846145,0.346884488146516,0.214643604395163,0.335487823245471,0.491087543676669,0.552809644778565,0.209255828015443,-0.0239891622853989,-0.196820471735086,-0.157096490328271,-0.295863969656753,0.311982859449539,0.13579873218146,-0.0280704326665118,0.018777445736093,0.101629727956869,0.429449469639798,-0.0840200697974686,0.168736252358212,-0.0979916683374858,0.15074792379397,0.10317311570402,0.0225557001373288,0.132767476592318,-0.126079952011791,-0.137501314760893,0.0208823829664723,0.369178863165302,-0.186818513796053,-0.216054316794649,-0.297629625653307,0.0602915765493076,0.0672097531201007,-0.0509405629865871,0.105528350328134,-0.00209844383643216,-0.138767231885946,-0.0983560153283766,-0.147983631045589,1.21006468461635,1.36212510504255,0.626373436828975,0.829862957034617,0.318129123446974,0.861497939760647,0.398708457515447,0.733745381695407,-0.0962575974807279,-0.150202783856058,-0.0416213935979803,0.275824001574608,0.334335532175907,0.873562160994617,0.720806050826549,-0.0449153054061069,0.226889443446494,-0.0112344766974499,0.110700431316942,0.221001538684354,0.143166194603996,0.0784949350537876,0.187320360451359,-0.158358574897442,0.0639970222408621,-0.238543434434751,-0.0383364487985131,-0.241188564053639,-0.296382731409469,-0.142974748112486,-0.283513438296717,0.094609616614516,-0.158206108925172,-0.220402078609717,-0.0145946771498594,0.0151659575406138,-0.323907536225304,-0.1140114901824,-0.37095838983938,-0.16407620632042,-0.103104532791194,-0.0145049581299005,0.308816067070856,0.118583251776956,0.0377481727875522,0.150675463886896,0.0426189125301021,0.687124546079463,0.424949292872015,-0.0761671851934325,-0.115393951550018,-0.143458304308291,0.0534231690311426,0.0983453650094498,-0.208915175566522,-0.038982733569806,0.706580764935022,0.566881461754749,0.486863326938965,0.515314211119271,0.144785916151069,-0.0369406229832159,0.0390621126155605,0.17462676568316,-0.268689790068,-0.275697606008724,-0.105113262194586,0.195651818399457,-0.0972071021140692,-0.0692913487231056,-0.397559043902502,-0.315217171601074,-0.172308735876838,-0.274336365864351,-0.382798291980397,-0.157799449839713,-0.031866988577144,-0.342573740672568,0.236713762969883,0.111859248720601,-0.158552834781422,0.130142710081349,-0.141648080961228,-0.160045360477084,-0.183196305569679,-0.258258602661811,-0.185115274192633,-0.253323333497388,-0.159626270030287,-0.295395069067924,-0.255139901255663,0.238868091515117,-0.0423155975277177,-0.178746145269502,-0.0573339040279025,0.0307393637015905,-0.131382070786472,-0.0824368351447375,-0.137044029065263,-0.231566615541084,-0.349109221745391,-0.363687009132754,0.0017853058348489,0.0323368934219281,0.424581551350871,0.470392808252779,0.468903412273616,0.454529217469772,-0.0800073548381695,-0.228879607790012,0.32164485937274,0.154333876795357,-0.0718598993823431,-0.220301251667003,-0.166507253222484,-0.130129213616167,-0.172305605697654,-0.106321117487411,0.298602174807423,0.0741945412451929,0.325527686053638,0.232080258711653,-0.211377966509494,0.0658078539217412
0.223415549294002,0.240681293223905,0.210207088268696,0.0440002872577077,0.756017489300104,0.197442738103985,0.194149436256082,0.365748280284364,0.448143701222582,-0.0481999314852236,0.157287482333091,0.157635080906831,0.367887337474581,0.229791841621461,0.148029158759523,0.168052729089846,0.332695658728431,0.145213868392533,-0.132382995347668,0.292368396191339,0.0935904654952675,-0.0633278735160679,0.183874760177747,0.466022803548686,0.372061017007656,-0.0487825189281449,-0.0278241619953351,-0.214303387678605,-0.00896401134051937,0.157291515886818,0.279469193283623,0.0285154528725495,0.149965522499219,0.0139566640658944,0.00734359199477213,0.202616022283698,-0.0161498918161325,-0.0359881851407707,0.0264023248547697,0.148178986867081,0.0920221336226342,0.0659911989098796,0.181998644424372,0.178186212205564,0.229087801775628,0.13052071928851,0.221517559544697,0.0536103023053593,-0.0237889174478289,0.0724346736835614,0.649116354159291,0.372616549857307,0.101319241491018,0.0813876720150061,0.249706783030721,0.362323036068947,0.185193746962054,0.104829148011057,-0.218233405286032,-0.190405126324104,0.278394573119564,0.0977832504487344,-0.175390573085473,-0.156419157788857,0.433780017046249,-0.0336841800939803,-0.096274224692714,-0.131287094881999,0.153939204473309,0.180488255638793,-0.0748302650566279,-0.390607403411069,0.162453803335707,0.224964589748783,0.312863186154871,-0.194644810241836,-0.160295703539697,0.403852246729392,0.0279241442966817,0.219616833397295,0.0861854121309462,-0.223999172887248,0.133763546466266,0.0658807440895506,0.227164677379068,0.240606302183092,0.817162574743608,NA,0.230088048044944,0.221823240881957,0.141876953008575,0.433059337500334,0.426409906813744,0.123560536137854,0.192085457578326,0.376511144412069,0.458297808699863,0.430815165123023,0.663523316571796,0.616918981022651,0.219051138586614,-0.116336421235761,0.0794805999091557,0.0921096406043131,-0.0124367411384922,0.374626826968386,0.283509070558803,0.120340108705544,0.66220229426366,0.183964277591118,-0.0773645268213341,0.138071810835286,0.341265248291523,0.305614560911698,0.0732430606855177,0.0598155041123515,-0.123774412752716,-0.0316636248044396,0.505600877844555,0.318585873754414,0.287733075057409,0.461480139985795,0.276038842181075,-0.00695679666621794,0.201916736133076,-0.182758973430837,-0.112872351896337,-0.0741047463494006,-0.161507231112569,-0.0144197581298431,0.302640326689118,0.53882370262718,-0.0848640921372225,0.0189305222873782,0.0418474284809414,0.394344394639359,0.613327516887044,0.338362133342639,0.451417246347572,-0.0713029920466283,0.283449023585421,-0.19742902854788,0.0395135109799408,0.113178748225002,0.0368768689694754,0.128517332118326,0.168915274512681,0.186695812007279,0.233689453021617,0.193995040046224,0.231304278234036,0.0299550504414021,0.0112271100628013,0.0561000550700328,0.0572287847127024,0.274219181523956,0.359792315641345,0.0719566645935586,0.29382720299251,0.0157619152964432,0.0963743066962045,-0.0131838654032068,0.404684527205254,0.117293904887251,-0.0329999876864154,0.747201498058518,-0.129893270143104,-0.179418254511422,0.278102802047516,-0.042466217729947,-0.0530125951531431,-0.312024169819638,-0.0626674186294174,0.161137997803583,0.251042462552895,0.336254306236143,0.380380276310648,0.189513635614585,0.192830727013212,-0.0412132309487871,0.144217392795462,0.236164719078336,-0.103706089709397,-0.00975315794386252,0.0359985539487168,-0.0270687977234449,0.0484762058419689,-0.0577000000018928,0.0224055745440254,0.287755379116144,0.107553598239004,0.100066305595206,0.0665821584532549,0.30976298361629,0.0142594336572971,-0.0169031550883863,0.3371396687938,0.367556888104389,-0.0643553517409378,0.161404430896117,0.316168116464529,-0.0634660145885807,0.308869512829903,0.145522497736573,0.05349964016722,0.0149283366299782,-0.224167070485646,-0.0786175927917662,0.323262059394529,0.438699850733714,0.481680347262245,0.18954968781446,0.304254260356935,0.138655754236126,0.152823183196025,0.263624838760115,0.271248259014348,0.157641791486219,-0.162040592103095,-0.0355255859588152,-0.209914109462911,0.0341765290727699,-0.0228640633791793,0.416659853677138,0.0549904464266144,0.254398125459935,0.292254596487184,0.279786764707447,-0.0911286445164518,0.0143621686940477,-0.0178061529757715,0.0104957356396987,0.191478777320712,0.0990030098781651,0.206278388696679,-0.122767869501654,0.166846704337621,-0.114023605909405,0.0413981954341971,-0.153549350363901,0.168277128138152,0.0170015906683916,-0.0890542508946447,0.142243694862846,-0.216812877614437,-0.0795498821470291,-0.0581810060281835,-0.15838299607522,-0.114547457774333,-0.255063897416417,0.655333168473062,0.683210134034763,0.61958710728776,0.368042739202034,0.141187116537218,0.687010778674933,0.17356693781868,0.46486819011422,-0.013809669280596,0.049279784937764,0.201532223986077,0.0411140338825493,0.397326151784064,0.539606101533751,0.445109838240278,-0.136871361355412,0.0562215742115653,0.146140549709586,0.0106956096129549,0.238052075004885,0.208717893193182,-0.218689794270667,0.184781146478138,-0.145110201930344,-0.0720652378857347,0.0928052191770871,-0.0979432684089343,-0.107393815139426,-0.0452350942561328,0.0168552371529015,0.17956462926498,0.0916107651915717,-0.0851881651210354,-0.101572275371937,-0.078298047839272,-0.0688474957840796,0.0135469010348864,0.141307687758817,-0.130271062828339,-0.0627165598530557,-0.116070388401823,-0.233920731110415,0.14054572427043,0.143738959244476,0.0420223508497649,0.171308794259925,-0.150109293759418,0.452149775572401,0.172398693748464,-0.127811800197912,-0.196324629923883,-0.323716589400006,0.0885048089673124,0.0770537626177284,-0.328445635484917,-0.172127732097061,0.603168727211976,0.355227950851834,0.298871132286093,0.223089020730299,0.0969582953332805,-0.205957927522062,0.0736946698616366,0.121184550648592,-0.120826953572853,-0.17622528731806,-0.10866200553773,-0.12674289354327,-0.00220089382303279,-0.0316165147654069,-0.207017290134449,-0.0642686537474963,0.175245066370439,-0.236442773352008,-0.0483153485409365,-0.0446047303315129,0.057206474368545,-0.119159657926224,0.188884123717423,0.120856594630682,-0.0900177646534316,0.211234638605894,-0.220909139026122,-0.130708469219795,-0.0564615952393731,0.0138977064196536,-0.0455682860070707,-0.153315022335376,-0.108981838285508,-0.32347729795168,-0.26370736311996,0.166563792777167,0.0598110315566828,-0.0686225303245258,-0.0281811129040375,0.142251203634805,-0.0626343209195887,-0.0618236667309015,0.0512544953691304,0.0972040004336638,-0.141185744290657,0.0703807744337399,-0.170953799538736,-0.0474971067210124,0.306075877404715,0.212486382288769,0.351917980621276,0.394621223419918,-0.137753805314985,0.159266587530003,0.0801303730712553,0.119910310261602,-0.00445938347900557,0.124657046461654,-0.170940090633256,0.160728245229894,-0.15476861711909,-0.0737705857361435,-0.00505060868975331,-0.0672526091553315,0.389202617704981,0.0882100973920276,-0.0364105610706256,0.0649132980713817
0.521762976880588,0.223871785367489,0.106993804871373,-0.132353623215294,0.0894045755854316,-0.0582206687814194,0.273151532416542,0.16303201493473,-0.0243648596335032,0.206628155978539,-0.232829232823503,0.779996178111279,0.297199366099417,0.047963413703171,-0.393529277328157,-0.0874405663776704,0.0464532671468569,0.175460899037652,0.227232768049915,0.121907331775265,0.402513289882628,-0.213528476025495,-0.365846961457744,-0.217572320080466,-0.0731210900812515,0.324147402309661,0.0468990618366981,-0.0054383345652612,0.112708136102635,-0.0916199972812144,0.127976233677337,-0.0581291062323055,-0.0764092258906026,-0.0671831823388949,-0.0308781497059213,0.0675266719163743,0.168865404666203,0.0837254309536036,-0.089296962249611,-0.0943229519918149,-0.11642261940265,0.145501370880741,-0.312866127180762,-0.148214786437474,0.0595987140991974,0.129148429659231,0.213530886041545,0.153186627335105,-0.0300804654943974,0.147894626201678,-0.191239682021323,-0.243028546035671,0.161724598174393,-0.0672253537956946,-0.105835825861446,0.0401204467375493,0.322878867088627,-0.125204313438844,0.0330394465195372,-0.384339900117751,0.342068399890471,0.143684964322366,-0.150808945167936,-0.387701870526952,0.486797011171598,-0.158631476858254,0.085706490102619,-0.143541618065657,-0.0369943851812318,0.300424426428426,0.0484671222534392,-0.223288869341753,-0.0456214242524015,-0.0543741876941584,-0.121667355178548,0.0373973714418797,0.0297317927116758,-0.294024371947528,-0.152081309390592,-0.105452159081098,-0.144411304629934,-0.290868054970865,-0.168851072399514,-0.203270903139364,0.0596729269488151,-0.0697865041695175,0.18804507086142,0.230088048044944,NA,0.162102059787192,0.0483864112161222,0.335182607810778,0.897326300754552,-0.0477255867885458,0.118749490322239,-0.115460818786064,-0.0736309130073229,-0.0855950759291536,0.158869629026947,-0.137323346537047,0.14818007029088,-0.0715578659271486,0.00443848843241625,-0.267654212589901,-0.124767782362775,-0.359677587167618,-0.14238570300986,-0.0306066447337358,0.17516067167674,-0.226621187999996,-0.0917771012526939,-0.385084834938091,-0.0229314230248063,0.234094117384841,-0.221947212693571,0.100741145292951,0.0363985538897922,-0.200539354190763,0.13538138370263,0.068705922953809,-0.24113629684902,-0.373977652202913,-0.14429077778396,0.0891546144423167,0.101059760904404,-0.283599778594073,-0.00981876745059185,0.0223439314556167,-0.0571482925268404,0.142587502693017,0.215923760797469,-0.0461097297131927,0.0712092042075604,-0.0180871586126142,0.1005901378336,0.144981454078537,0.107574939226903,-0.264350592245294,0.0425629395795702,-0.3444443666848,-0.173256406554851,-0.0704424582297764,0.0691678983488699,0.251047333891386,-0.114233050146932,-0.0377641441109761,-0.354727932595102,-0.0829833901906942,0.134107074115683,0.064666571706066,-0.00335761043524824,0.139179121827703,0.18361713229096,0.15140362186765,0.0178134704636774,-0.0804821852287681,-0.315187997074272,-0.129199398718924,-0.00416282787086883,-0.321572824385039,0.0628990082419974,0.496756751394623,0.255211573465617,0.0636732445265855,-0.0855459179257802,0.215623846748815,-0.327644577120673,-0.400967861266654,0.0865400310101698,-0.317804845742291,0.203016872271797,-0.107467963392761,0.659039183996471,0.360967532201925,-0.178934256880672,0.0892567644532401,0.223190971165098,0.322109103630737,-0.0110217778309949,0.267496920282154,-0.175780669071074,-0.21041668002162,-0.178487979515592,0.130464991807808,0.195787556879877,0.46592461382082,0.0499331355981782,-0.0576069169741256,0.385779863846462,-0.0416663997654968,-0.0432267252372044,0.00128119329365237,0.0589576104183765,0.0954766005439984,0.00702362069552936,-0.23925101647996,0.077425145522218,-0.21887052355499,-0.0690645614160625,-0.289922835984591,0.116031979953156,0.0686259808187756,0.0912128911774797,-0.0393103793409727,0.139398564569337,0.0788942601270959,-0.145970428612822,-0.16151599777063,0.116182756827882,0.155143207205298,-0.0190449257258358,0.255629970795533,0.331744010221062,0.175659329773551,0.0681068346343958,0.121923251717159,0.0334043647659861,0.217092346678256,-0.158507079566871,-0.0809707597642122,0.360259397084624,0.0665012967630671,-0.0897844652876496,0.203312793255503,-0.0793887732408218,0.0603934084598208,0.136506615434648,-0.0068135094977758,0.0147103358575998,-0.213336963387832,0.117381476411263,0.147462929125261,0.0541525068497963,-0.118732983849161,-0.27044784394566,-0.4750683755074,-0.243997721246386,0.153254629887566,0.187640557989226,-0.545386972175043,-0.182950935621213,-0.33679870980294,-0.112147501481087,0.236341445419355,-0.348000956884329,-0.0737290794609941,-0.270236531243352,-0.054403270643217,-0.0579629071062074,-0.164248927797672,0.0634948321871661,0.0867315822320341,0.20712510270242,0.564234731408285,0.186542653067745,0.208912738385121,0.270931190440206,0.0872793210930796,-0.0884759996231955,-0.408941036553747,-0.287973334508928,-0.251205754235601,-0.0345025006527587,0.186633064747522,-0.165850456609132,-0.108047146593067,0.249364690818407,-0.154659103459539,-0.047813292019261,0.0436987934933562,-0.253387443869278,-0.0574078486726334,-0.298331012020042,-0.328009107053929,-0.29029049636543,0.313014216998916,-0.469576173301197,-0.0833945024409661,0.0097217342822113,-0.386889982872758,0.102682636456854,-0.299756568920259,-0.237518871700253,-0.371244095692673,-0.132875659981017,0.0608571623001105,-0.167118189391954,0.00112507833236608,-0.21241630379914,0.143422348950022,-0.0990382750517987,0.0339012517677551,0.177204960004632,0.379602338988686,0.0509034768529045,-0.066748444380971,0.036280646413493,0.154941412506361,0.00295452452702332,0.123000622532906,-0.160640062285475,-0.0467616020831676,-0.0150088030958678,-0.192473416245931,-0.109701689700778,-0.205250338158301,0.00549099221175074,0.00445479009177917,0.215381296984398,0.541454114564684,0.73884204000626,0.050794179082538,0.0695926715192891,-0.178314428327265,0.078980750273677,0.124519301726125,0.0571126636597823,-0.114640045219333,-0.170320018773823,-0.217277143997625,-0.00364768387300453,0.0390097984723119,-0.0982423101500012,0.0379583763754935,-0.0935809894667315,-0.138352944455709,-0.341400762369877,-0.361447017421729,0.0710969144981523,-0.2698974394531,0.223121822720699,-0.027099239838491,-0.0313675753767545,-0.00686138954201223,-0.0218273813973062,-0.32698440028774,-0.197569051858222,-0.258796548895955,-0.170087495018766,-0.549505830070953,-0.448223379862244,0.143101953814799,0.220502624144003,0.111813337489097,0.109951913436346,-0.186273151378976,-0.288952165879441,0.0300617709193654,-0.426100147751976,-0.32432338830994,-0.369103791372689,-0.116421760707533,-0.113591414886366,0.0671509808022435,0.19514190763617,0.102820537738214,-0.207904629252558,-0.151632588895219,-0.213805591659575,-0.231402958939003,-0.0361701729745855,0.0137272163455218,0.0300103611675844,-0.11298555769414,-0.110336893511601,-0.228020212141419,-0.000423757850287619,-0.133944832055994,-0.0227343834320192,-0.0571360263041248,-0.209514412404641,-0.347523422544001,0.109382658269456,0.199190074481931
-0.0766756224141487,0.921037064031539,0.623830228827093,-0.0568001273674877,0.283153373647186,-0.00635032507881866,0.0168887818054748,0.91650119175401,-0.0878075854423358,0.352443905439916,-0.0172876047306777,-0.0662623796186132,0.536927060511506,0.432046402297268,-0.0535613642565267,0.541922316422297,0.466811119041217,0.0206138329662808,-0.148530274292803,0.82052171146974,0.563423367483605,0.480582066618853,0.193486870738569,-0.095580856497824,0.00952789401441237,-0.164389414489672,0.206010016482664,-0.0998311228330766,-0.145021705847856,0.456169794039965,0.438807605602192,0.555225334787746,0.369625843008775,0.368472616037303,0.633990460252315,0.771737495050584,0.537807215235911,0.806124351228531,0.387314996250717,0.000536102954930282,0.261828889200022,0.180301550447925,-0.0152181742483862,-0.0639780213207963,0.410109684984941,0.243490148756015,0.582827750425004,0.125789948661169,0.469691330332076,0.612299825814922,0.0581549399710597,-0.0301628599367011,0.397851887924498,0.390254119048616,0.469281059836454,0.363349153425524,0.706381659059706,0.43448128249726,0.21681655806756,0.160353878259881,0.359485050746901,0.00375711663993323,0.0684239375321748,-0.0440040629378252,0.413814996227269,0.28446909999232,0.347148806270334,0.447824430786626,0.578786506509473,0.404185034097449,0.0224662399026448,0.0661067038801358,0.0869007518942307,-0.10722208717934,-0.0837282869247504,0.187528028918408,0.644580380923638,-0.0160427332631622,-0.231029592317226,-0.0181059202655738,0.359070744791104,0.00768150376732568,-0.0486292215643094,-0.232392977720533,-0.279834644655316,-0.225008584026646,0.459759938033152,0.221823240881957,0.162102059787192,NA,0.194626536474136,0.132645949054497,0.493081049868047,-0.199658237884968,-0.185330380920858,0.00805545971292847,-0.189872007587866,-0.412834378600746,0.47354109775435,-0.023214087707232,0.23211590201552,0.146275945882726,0.308221447776324,0.462744358762979,0.195130118689568,0.0600873756629825,-0.0669352432056013,0.192496080279364,-0.00271338221546441,-0.0914152551391216,0.251686877709202,0.118748817136416,0.0939911799277346,0.144211858236362,-0.266267399260069,-0.46774131169638,-0.151493996052656,-0.202815923120256,-0.148448618238293,-0.311144378800044,-0.18811952162334,-0.11871529706494,-0.102472212622217,-0.16635327317277,-0.163305451527533,0.0149875443769145,-0.0313858184312635,0.304606517304811,-0.278510047973045,-0.067852950666178,0.450942174167737,0.328925225933271,-0.160630948113605,0.256725605186913,-0.192616511140394,0.232030309673462,0.66644522143511,0.206317176266407,0.0469662834225197,-0.779098397463081,-0.324694405335597,-0.0863794427350626,-0.148500884451109,0.0376381103673542,-0.0290837801237609,-0.0492742409001827,-0.0063214999333737,-0.0362848067090367,0.118928152875646,-0.18800562280702,-0.27431281120768,-0.276697438945651,0.10965086433128,-0.212317513831944,0.235813516626344,-0.277794146639644,-0.0268931838822642,-0.154070766028352,-0.0718611257482836,0.25993068068461,0.352681538740294,-0.12265524735728,0.891922845719237,0.456720152272311,-0.0471180916658874,0.543654295814247,-0.123135536578967,-0.263399454321956,0.27051706022171,-0.125210188134691,0.299272145898198,-0.10170265463105,-0.18542355415841,0.0823042120823632,0.314652013838339,0.712500212734893,0.722390364889389,-0.0315243060226632,-0.283914007570285,0.435073914402156,-0.145804118017487,-0.18942419568255,-0.232338098127068,-0.272345648150157,0.321851754036852,-0.149141601421249,0.154173546790103,0.0604267325134061,0.415311267827806,0.536291774131447,0.390388655103731,0.0192086976780182,0.524659834898351,0.172068507283595,0.173923068978774,0.190677054244101,0.638634849459717,0.334466957770101,-0.230581030716032,-0.224224582370304,0.471627441236446,0.0953174611496367,0.368655792494266,0.213034753112062,0.257106760526196,-0.0114266629589546,0.209851101664731,-0.00519213084028926,0.43125368997854,0.596847592221168,0.209723150939881,0.324130317065272,0.43002539719051,0.4703645264513,0.43459616175344,0.61069719860835,0.536965165730239,0.400085106768706,-0.043597294417789,-0.131683481387916,-0.103757885200712,-0.111551008364366,0.4792428371095,0.104360792220163,0.212862707893542,0.136692258367796,0.332907941918614,0.233485309388305,-0.0687824710572333,0.446306639994878,0.0197427229267291,0.211750883619987,0.461962551213235,0.100432968737879,0.125105634493213,-0.25555563260539,-0.0169318501826979,0.390683225278994,0.607722613908669,-0.0729038011326724,-0.131388801678629,-0.184393414295271,-0.17083977253463,0.469103330374993,0.145932586269985,0.423573040931833,-0.28591083537654,-0.06463664634616,0.0617633765407714,-0.126616488228689,0.38524079486888,0.459662711101797,0.094587723728487,0.379787743105674,1.14036940006935,0.711708970076517,0.207986703278535,0.166614445743219,-0.151019013944727,-0.174685332046364,-0.00921891137331496,-0.0159882967988372,-0.486078498655749,0.558364782131841,0.215998254095822,0.165522881987994,0.259591507590731,0.411053678070331,0.525860330859048,0.455472365510637,0.0070267164054431,0.0760366262351531,-0.325554557889495,0.139965947951297,0.0898468766248811,-0.197219356885703,-0.0524977133924097,-0.123960198450024,-0.394174913339331,-0.344855428943403,-0.224222791575217,0.143742267358657,-0.273780460108735,0.0404227574058795,-0.266741069188344,-0.153377530247505,-0.411486710064852,-0.223791928241647,-0.110915687080354,0.00625367786145712,0.1421792568625,-0.089984983981382,0.20936456391956,0.129017145608802,0.0453002493857944,-0.303868235349288,0.304795039198562,0.354550593800086,0.177970911371244,0.141454055269173,-0.0589852085852929,0.0252253113542195,0.075989789403302,0.194632675556379,-0.268821117460268,-0.133661556287327,0.454408107544497,0.547098487691183,-0.0591002394400931,0.557017264042418,0.372256363333975,0.235134384382469,-0.195474908920433,0.00322512386321258,-0.180616053663099,0.0145493566957056,0.0880587310592807,0.0445105734174069,-0.234862715995013,0.0326578949551453,-0.178558851939758,-0.228573410200316,-0.160737584728639,-0.0614908612840385,-0.125259252126135,-0.345304438121502,-0.27427428403883,-0.316912341754074,0.409199756851615,0.240585469853299,-0.215744721854737,-0.111796156711323,0.0355595168201994,-0.173726285734221,-0.0267810480602688,-0.326474286623747,-0.256250863283224,-0.255285218208901,-0.28041668810517,-0.361610147320987,-0.380620577406573,0.0517403803976141,0.0435659828701877,0.0011717179714666,0.133284351821303,-0.142289867926298,-0.460975582782363,-0.00360537192456887,-0.175915765824398,-0.0552604116140934,-0.257672304674703,-0.15939182812699,-0.210926017696381,-0.0983729707886082,0.199413543952621,0.333154969905622,0.311437484379328,0.389540067848559,-0.244611128859264,-0.205544772934216,0.358427146909064,0.105984267562808,-0.346369847366293,-0.345761352350409,-0.131349056818678,-0.0429442845650959,-0.146366798753579,-0.252965185523162,0.296762754472759,0.429839150945036,0.252452081689083,0.185012166035464,-0.336356604845692,-0.113435487722309
-0.41346459491177,0.200876497808587,0.229723521489544,-0.500348477669414,0.249110846032442,-0.0799076759992109,0.205935264834878,0.263263887251182,-0.153268391604768,-0.111018792302968,0.216618523514867,-0.0735195291589923,0.0125945313464281,0.0287453418101171,0.148401094834929,0.047460915091801,0.275918570728472,-0.165887720592544,-0.148125218311752,0.0704048916458552,0.396688374013673,0.175752013188576,-0.19481630191158,-0.113679275277363,-0.28784373156757,-0.39533599754876,0.0120237071684677,0.0414945836930198,-0.398648912365299,0.511551369522315,-0.102640709472546,-0.0843250433376312,-0.199827563886417,0.178373701667055,-0.063797762248041,0.0342240030561661,0.0340865850504294,-0.0302533832455275,-0.19215323751779,0.033094411071226,0.121709024237296,0.480477440819015,0.475162289109595,-0.490590618765105,-0.198485934591967,0.0939471003450453,-0.145602701666831,0.148127023460663,0.451134949269857,0.191454733235944,0.477849445875766,0.462743577542905,0.196303019673289,0.183483156451364,0.420191535394194,0.17695480730667,0.213861159959953,0.331719114039903,-0.305917920732123,-0.0652473192393469,-0.0730132486275203,-0.204153706441438,0.401853898368152,-0.0540745460784693,0.0309050456526901,0.182295333665719,0.0423360753820968,0.087170004723598,-0.189156674050718,-0.131345233257427,0.33051958103569,0.118619952981804,0.181394511870229,-0.099882935159738,-0.261610885153854,0.301065212956737,0.256443056347864,0.0139232475371063,-0.242576400955974,-0.219635594906516,0.32904456556221,0.337002417438807,0.166138086646008,-0.019775187268144,-0.250768728157872,-0.344814985716633,0.347141500628049,0.141876953008575,0.0483864112161222,0.194626536474136,NA,1.09066659684939,0.431226492804335,-0.0144922049713314,-0.105875857997846,0.20676712963898,0.0664586008791763,-0.0147265432854267,0.0459022520859561,0.159266743784675,0.197052745183594,0.0837125764775196,0.319505863163101,0.270747638429509,0.497779482438666,0.466711382226716,-0.283331620409814,-0.036443142806168,0.126660554905419,0.62487827742981,0.140604025530041,0.0630313881441778,-0.0949666013052091,-0.0583611028872415,-0.237108257985031,-0.525007188869456,-0.301876195469443,-0.26169323206358,-0.186859761208969,-0.121153984181128,0.0924054840576512,0.099680177142987,-0.0585972702148042,-0.303479924451641,-0.145832916517463,-0.299009137978021,-0.271893463599294,-0.138814715037412,0.044663755865937,-0.0119860570847199,0.16715316893508,0.0678750747416164,0.429178947019375,0.280625109912931,0.276466935622691,-0.109620150701698,0.306714524061766,0.236961319510633,0.0995504930816237,-0.0503479594407969,0.034438821256877,-0.101029682483262,0.0248536071674256,0.0932174446686427,-0.632525295312168,-0.558017239027667,-0.0847626615519683,-0.257159560039983,-0.291406809271713,-0.574799575158786,-0.296812516226808,-0.426442138011463,0.490417707094466,-0.301093453487222,0.888320263926119,-0.196737681956358,-0.0527677452909527,-0.100786616951204,0.182231630827623,0.259648957841448,-0.0647555602169896,-0.108637227790199,0.282422277458183,0.3283426208949,-0.665959505321847,0.29241345904141,0.0931554170601061,0.0405485490007828,-0.116753117333347,-0.0102234355018017,-0.12266293446664,0.0639509372978804,0.0680148259187128,0.00113515269862361,0.19422915999596,0.105749172405976,0.0827994951284554,-0.0274235649480815,-0.00755637575767781,0.34204923722616,0.0321720927797085,-0.299080254226068,0.113813931863493,-0.535180903409981,0.0320683170249893,-0.193514150458196,0.273044676850673,0.231224871107048,0.602560979084723,-0.0379833683970107,-0.196252734451614,-0.0469795287037447,-0.211897193616734,-0.33016100917476,-0.322296078385645,0.291805256715487,0.288591385377538,0.102511983989803,0.390952455848441,0.0284942835035016,-0.0583980254905565,-0.0559918020638813,-0.135365168651928,0.210470564271094,-0.280368590346864,-0.284494354487592,0.232025922356371,0.371563207728413,0.122310072087991,0.134215169000619,0.0290010151002575,0.117814838696268,-0.0967939618525666,-0.167020955767951,-0.00191177050072253,0.0314757987572636,0.055928885273706,-0.0700438609615504,0.3376172639808,-0.0718540432935058,0.112628417999794,-0.0188161078518612,0.308189119166417,-0.0374632592849491,-0.0905956555799006,-0.290549214628444,-0.0337718113223176,0.26586733165902,-0.0741785785679103,0.184050056810329,0.0461847567129569,-0.349606174149717,-0.0362122904750291,0.152105625037191,0.195176048651871,0.103966571122783,-0.286406645978156,0.0323085419397798,0.0727331998132995,0.0555026725088165,-0.149048012748709,-0.183343924064447,-0.0125161559153462,0.0615918212959136,0.154596331443486,0.131946152854082,0.0791210108149182,-0.00615198643884283,-0.126230581996646,0.132278385291639,0.234816325624641,0.364710310338018,0.353293995890254,0.455859787298816,0.138038077633604,0.357307096947183,0.563676160238972,0.314620601948854,0.203453097929819,0.143941526404914,0.233331923289405,0.54588841313849,0.0280943140818909,0.103209464562626,0.130845538499381,0.430164549459027,0.235117973579517,0.123536772345309,0.185514191412065,0.0274912513162919,0.326524095829784,0.61732965401285,0.249195696078032,0.114244195845282,0.11886074267976,-0.340696906561401,0.16520332646167,-0.34610599991205,-0.330606246480415,-0.140771651312318,-0.333555382364693,0.266170006148031,-0.0751103180940146,-0.118111096452514,0.0132715031046174,-0.193235379025659,-0.453865765692816,-0.30755484394185,-0.104782749599711,-0.244500572308162,-0.19271166143156,0.00422300231307169,0.229649438001143,0.0801787780590979,-0.0902181350305081,-0.0361014756766959,0.303002937953934,0.172068608826218,0.138260620103486,0.128927332879678,0.0655188102342186,-0.247891278454297,0.337693706097752,0.179547562062327,0.0433424182462093,0.104909969327395,0.320763923595069,0.288518072151157,0.276582785210572,0.386646327299631,0.0973984848392917,0.140482848668747,-0.0138498570542515,-0.024787626751016,-0.298792958774235,-0.553330203683157,-0.274148947580321,0.430871001906818,-0.0323177018886033,0.151622294745908,-0.366421426182429,-0.45786637882886,-0.392827836598272,-0.471207593863785,-0.578916087055527,-0.226282588547843,0.154704606476657,-0.0605198398405362,0.0825320713385281,0.00219381882302827,-0.183428044098458,-0.118071330920425,0.161067121532296,-0.0752454489779227,-0.11712237354863,-0.314726224898638,-0.233055760276855,-0.0741174590940953,-0.170387961583305,-0.0135045927966072,0.0320506199983854,0.0291901044954615,-0.0314554130794582,0.147009320561773,0.0739402568011645,-0.144755215482087,-0.0710542118611787,0.155052928890355,0.0348579729579093,-0.18705619024626,-0.189200825618605,-0.29851623445867,0.254262142532653,0.325485374166543,0.275007022714548,0.176129086844982,0.398002374196772,0.468893771095887,0.253026967776176,-0.12138185464251,0.31827230839703,0.324682668720626,0.132425136756428,-0.169385255011339,0.283564387653541,0.0215161962914186,-0.178998085918992,-0.0556239676668003,0.268051067348536,0.117468067136264,0.158070739209589,0.230933655350411,-0.184827009387633,0.103328622717023
0.00474510453825884,0.118287024468878,0.108174474424918,-0.376391855145113,0.277644912942242,0.204904115509809,0.182926493413714,0.120864125552649,0.180713008060794,-0.170726515281826,0.0991835365487475,0.148797394453664,0.0091839890816326,-0.0179268519490174,0.0522207286107747,0.0519792545638459,0.112741509644875,0.0240852567478704,-0.109168100736066,-0.0146114639832206,0.255741099216941,-0.147944445906681,-0.265606285695755,0.187369261160175,-0.00925326191798163,-0.0778498079822815,-0.134148830687727,-0.1179847520929,-0.282797423791784,0.368036169594372,-0.0778129541666506,-0.195565586968863,-0.130541470372099,-0.1086566530621,-0.128416062290062,0.064446766110469,-0.0646289033675713,-0.134168087601748,-0.235802740305892,-0.183766509403549,-0.169458386240826,0.368292051889865,0.425172694561631,-0.160826718451627,-0.174408550385351,0.0875543894057862,-0.0976853643546717,-0.0412178165945547,0.166659999800706,0.0337274125325276,0.646353186890575,0.632218495714624,0.223147537850484,0.0292188451355434,0.360064891948796,0.0498834001116367,0.151236064451057,0.0980936085628823,-0.302305293548756,-0.177645213892495,0.123003108316917,0.00152307665147994,0.208791886213989,-0.279687202040149,0.19726396351992,0.0226567375488169,0.0308710582811311,-0.0928923602547759,-0.207784814261649,0.0776762845874501,0.251821194009782,-0.112886337997655,0.168874455083113,0.0885591874413245,-0.00886936161740609,0.0322798640351818,-0.0166182758794289,0.179347258650279,-0.187217635275032,-0.00214975006770622,0.191827444338021,-0.0315779217754989,0.0924174555255309,-0.00863558574872597,0.0124226655784697,-0.0489042639843138,0.40565447271862,0.433059337500334,0.335182607810778,0.132645949054497,1.09066659684939,NA,0.63197793464547,0.353900536709384,0.242147698747413,0.484308858672704,0.176931756680088,0.0805389718170566,0.112775122292326,0.433758842917552,0.163441766712998,-0.0378648582068441,0.128137706382622,-0.0823573108859594,0.3288136830389,0.267366593544389,-0.0383437762980774,0.0994702362498394,0.38072084384344,0.438533964587861,-0.119782961715547,-0.0213760210482211,0.190195293066023,0.282275466781783,-0.0647930954529886,-0.206118967446189,-0.178290365045259,-0.17552357752579,0.149735368828888,0.0496219024162448,0.234598966515647,0.241433123047948,0.107848012312599,-0.0174607793627445,0.0285109296564029,-0.441575982311884,-0.246499931428198,-0.0716681474425807,-0.0366960427368945,-0.0333709613596697,0.111178394334496,0.0322356911359695,0.369718599762174,0.239704478809543,0.308146650264413,-0.00118767548584878,0.253416567251746,0.133932943269345,0.0583025826552195,-0.0400407413473493,0.181943009170953,-0.168484019621365,-0.0176824727594981,0.198605442644774,-0.363781879338695,-0.245327725821851,-0.0419690499139207,0.0174764112265441,-0.0064491618721132,-0.209486948138397,0.0827031468098726,-0.225428230192534,0.236661662304547,-0.142964999655675,0.528310533881227,0.126788219894864,0.137984737090246,-0.112585531911839,0.263328200267959,0.0393329930043194,-0.0615596027925974,0.175354252945157,0.191258706551858,0.208629325892208,-0.326098605871358,0.283998488109792,0.0314145195419041,-0.11660304548728,-0.0320264968255076,0.197937470979851,-0.193767830842732,-0.0304521088729657,0.242723281564398,0.140160556558519,0.0987877972884858,0.0373093233958444,0.0665739492587077,0.111611495638269,0.124160694979694,0.220196459744125,0.0102488706171239,-0.0381751922660606,0.0958806118702003,-0.251078796475033,-0.0975781674870664,-0.00739035029001348,0.0732405809561045,0.066904386895014,0.577130908736018,-0.0904880721604845,-0.164402148191277,-0.0698474277870417,-0.128906211170226,-0.140839896800079,-0.23327750172242,-0.104786957470988,0.234298861726591,-0.100194713701105,0.414873088195615,0.193798725956838,0.0434924361808437,-0.102235223374334,-0.306050796989938,0.0407460992085168,-0.299110731978438,-0.306694766383578,-0.0894767363141428,0.260416587131134,0.0408935310477141,0.038309293800227,0.123096023822567,0.218215159781656,0.0467627069628914,-0.0262863159927528,-0.146281451343467,0.0681599567257182,0.0338742303181053,0.0505371222507953,0.163265314200264,0.160802129270503,0.157856427877406,0.269511882188889,0.0456924766201688,0.196572768787425,0.0456436500589337,-0.161715350203807,0.0384398494341535,0.162696877484236,-0.0450557870205667,-0.00589588910876814,0.146099877885884,-0.246763296653773,0.0322677701482939,0.09993535773707,0.0615842566584259,0.048794102350011,-0.0921345808088175,-0.200571380060227,-0.0563720766838288,-0.0892882904838545,0.0659615060766302,-0.0201170437992004,0.0795196244012462,0.196249784079557,-0.242181706662943,-0.196424257875765,0.069582416550408,-0.174022328998912,-0.10866462986648,-0.0793348607716076,0.170304943378891,0.383463492175198,0.628112167585083,0.578527187971899,0.0346328050126826,0.386736667693219,0.701551883548962,0.408912995880853,0.344118518360434,0.230488744953645,0.364138596770503,0.325180602880013,0.134979023000866,0.0898710719257957,0.0861854819435325,0.455268878818043,0.175794729807695,0.0392084898278,-0.0385455784664529,-0.00945378881238175,0.132018964907098,0.319264750952324,0.301023502385315,-0.15699799706958,-0.0899782016804149,-0.00365020178823144,0.115310317428175,-0.134208649408122,-0.228618552753036,-0.129624128443532,-0.0696629624652202,0.0583534393427716,-0.009563554115332,-0.152487627726795,-0.0159073610381418,-0.0922180642959241,-0.300547892259892,-0.128177624998579,-0.00354228842217271,-0.190841582355358,-0.165591023330048,-0.0503058276109629,0.0565539227903341,0.0888372334632995,-0.077687775201952,0.00775020672669227,0.132907238320241,0.102084021731747,-0.0117946621579374,0.0600566148188467,-0.120174992701643,-0.407134923412348,0.278448313712867,0.152899933460658,-0.0877187017107139,-0.0802531638105978,0.311272365448219,0.220509889789089,0.314448433773644,0.431892998910575,0.352254008890466,-0.0341447552844618,-0.0669015688372855,-0.148994943408725,-0.0519979819882109,-0.309805891232858,-0.215424621555777,0.0761485564825169,0.11914920692127,0.166047001672545,-0.157264500345273,-0.200547321963155,-0.114818527819965,-0.300740363318924,-0.264226459248205,-0.051249642088337,0.2360416174181,-0.0048001806586996,0.224278289161631,-0.124760690589585,-0.0405221036529891,0.022458798915084,-0.0446310518734027,-0.154622797195787,-0.181985196790883,-0.283365995982438,-0.259905760916489,-0.296449783254562,-0.332241673108233,-0.275052300126982,-0.164531177089668,0.0155305206083353,0.0154318198766725,0.162721686161949,-0.153300214257236,-0.236827110437493,-0.047319546014062,0.0869387649248576,0.112490441207935,-0.00820123339161147,-0.0390093343533248,0.00631780549054959,0.146955597138703,0.339889112738835,0.200814421767626,0.115005533738,0.212526610011104,0.297557276864264,0.311838284440884,0.104952744912046,0.0961437844016004,0.207602468243378,0.101171280114232,-0.107878945226655,0.213754348749474,-0.0437350249829954,-0.174164915342842,-0.121714991626675,0.112229440319361,-0.0626044254243077,0.0857120429773003,-0.00374402003606483,-0.110407336143271,0.050535590357193
0.0979190070918517,0.471194220148785,0.313232449710172,-0.198457113111363,0.327914412888866,0.0103675791543531,0.391665446160857,0.481527307728196,-0.0297075571527614,0.291103896287368,-0.0637830703216458,0.673316428938201,0.300258487366133,-0.0114719391056936,-0.171286274592911,0.0169683418009082,0.358902555343871,0.131847688530022,0.207474006681154,0.2716942831605,0.895589518790344,0.151574295018096,-0.12098436075819,-0.140291246531854,-0.0308393255161288,0.125889897060446,0.307349642836801,0.151172818740055,-0.0840826367510283,0.341556896687864,0.127528496421187,0.0594232838271992,-0.0413757494665676,0.159629785026798,0.087945136332196,0.255530319506478,0.358620175385253,0.264852419698447,-0.0119645111306792,0.0267673665791949,0.148550864647313,0.338278136585647,-0.0381363819770576,-0.294979966084322,0.129865723273022,0.144643534293483,0.277721337532331,0.24090503055444,0.420891897450071,0.394476230208639,0.0998497869011555,0.0962219460128899,0.219043854735714,0.186700981002785,0.332220097864736,0.310041420320656,0.520940261150806,0.216124450669419,0.0172259368559962,-0.0931017539953183,0.417173818505836,0.108169679785213,0.247661178351665,-0.155704756633708,0.559335020442497,0.16518925124016,0.276191290648876,0.136506883484775,0.151137815343146,0.358243270260543,0.127046864619473,-0.124462254772236,0.139905494260977,0.0195096192488071,-0.171276970985417,0.271161433160579,0.246177952838622,-0.0665720988729433,-0.193753771065238,0.0565024279196436,0.229682791582076,0.051434587621954,0.0766097736767899,0.0393033139169192,-0.141787855783912,-0.270367550990637,0.551561740281932,0.426409906813744,0.897326300754552,0.493081049868047,0.431226492804335,0.63197793464547,NA,-0.143199392737807,-0.170312566275643,0.00893402103883779,0.030071428735445,-0.0193536081210201,0.342589339289,0.0531297511164881,0.337360115433332,-0.0598444804965581,0.397270831085183,0.0870227229282764,0.278545119022413,0.0872620463337945,-0.164424788961653,0.0364440543281892,0.174299308549625,0.0455829291652407,0.135767578210583,-0.017294104806735,0.11110300842032,0.288413061182501,-0.131359056726588,-0.329259722043944,-0.273030767896427,-0.251952438989989,-0.0371528450221495,-0.0564020952405536,-0.131262034441055,-0.198862697774353,-0.0161809249354889,-0.059896666902233,-0.0947042253209652,-0.249347242227457,-0.135585931268277,0.0176197995630886,-0.0399921148221268,-0.0291998616292376,0.410271333509201,0.247131705041027,0.0422271000399898,0.196994569309441,0.229247550001633,0.294273520540251,0.467678089896582,0.00662707599212425,0.180615685505474,-0.400419237906871,-0.0423224236522562,-0.230104010230305,-0.0667427701062176,0.0843492281065736,-0.297186917968626,-0.256459102238634,-0.238526683389093,-0.106375625929178,0.140618701031489,-0.225569580740229,-0.231227921837698,-0.124982771905348,0.41596799106183,-0.184790933916316,0.312570870627095,-0.220227526349362,-0.207501359037294,-0.133581881683897,0.185467424830747,0.0963938559178004,0.187010169006619,0.135842683601338,0.569661894625059,0.234063995323719,-0.216892021662172,0.589475664179245,-0.0583172050803483,-0.18461277254748,0.221233043081437,-0.280951391291108,0.0981682733764528,-0.101968356142201,0.5168702443014,0.11392767781204,0.122815820377567,0.301816165289209,0.393876407452611,0.273104509157443,0.0400029966653561,0.650889006377825,-0.00404270033595127,-0.128327362591016,-0.0761097069190397,-0.119719155732489,0.346808537243992,0.221074728786203,0.380421589659694,0.241067296388073,0.661685864163322,0.0875514720119283,-0.0760847589125055,-0.0939991065918996,0.0686367358037326,0.122482060198629,-0.039328596512401,0.0551530610831218,0.38736542901153,0.141055260400746,-0.107624103685234,-0.323136095618085,0.199018202671147,0.073397816131638,0.275258538816227,0.126936663125986,0.00665506280520832,-0.0605059813741739,0.170896410810553,-0.0918845948285007,0.357775357568098,0.409293706981279,0.220394023631248,0.195450904988311,0.376608101333619,0.271508064079704,0.181917079031662,0.264498337731142,0.20124644505878,0.259139273386372,0.216681623172322,-0.13978417339692,0.190082211568487,0.0336047412877996,0.24060050493576,0.124386683685822,0.0211542519371599,-0.0425332294103993,0.286491015166049,0.184112873205828,0.0114096368514949,0.0140009693826394,0.0326841577722488,0.0415207446119578,0.225612204856761,0.114504058555983,0.0948111643023067,-0.199018715077444,-0.123720606224357,0.213219986703318,0.434144575008275,-0.240115166304841,-0.181999416006494,-0.298866344239943,-0.0329104691528442,0.310310428091133,-0.0541004689175368,0.21165037337397,-0.148165633993514,0.125383440149708,0.121362912852062,0.0202554030682737,0.428514153446085,0.433573692607469,0.418547890602613,1.14026230479949,0.502442390371562,0.68659083331066,0.460652115187529,0.293544944547323,-0.17667436640063,-0.228271785498806,-0.117796807515904,0.136496877897499,0.00811297983868707,0.422931412589881,-0.00505645190561375,0.136671289683512,0.361587580365375,0.052964550173914,0.131402231754532,0.138110692444671,0.0779056137968889,0.322051864597905,-0.0839923887409371,-0.0870092551291659,0.0433433450292927,0.0875399277974646,-0.18225856678654,-0.312686509109158,-0.385316453599548,-0.385202565559686,-0.218078883191594,0.0692484488589737,-0.248666343330612,-0.110019139978878,-0.133416527289301,-0.0820132918685895,-0.412784243411719,-0.247115491300735,-0.26102883047862,-0.130617025627927,-0.066896267190371,-0.0588039367223423,0.299390859421196,0.23935092987099,-0.11756032483882,-0.288403216847686,0.209099914428642,0.420003176479137,0.209133903626791,0.0891753903442812,0.068948138991522,-0.175373990235511,0.195473692318329,0.0374957983638368,-0.12276979748612,-0.0445213468270515,0.334132568416612,0.376064038225064,0.3696263106689,1.00890728944805,0.581991249621348,0.0552189207446877,-0.116710159546001,-0.0202261319803718,-0.238440296668236,-0.0709069463121501,0.0892278937646808,0.196855925431853,-0.297083522682542,-0.0725748278958829,-0.175461947271333,-0.404008009751178,-0.332734679581945,-0.129472842162179,-0.370930767945012,-0.172146825784296,-0.194265940818666,-0.338000557784849,0.190298098805884,0.0493504748338083,-0.0265296280479991,0.0564835535607063,-0.210936755839811,-0.0186573529781474,0.00802765267477114,-0.332240680015941,-0.316450083509546,-0.303302713488805,-0.221575153651686,-0.626196839876556,-0.374374002621567,0.0456447655181987,0.011781706742875,-0.0885206962149823,0.181639309016296,-0.0626548693926553,-0.229621144657813,0.12755417812446,-0.369851109791212,-0.360705692980915,-0.451785771000729,-0.301124022010409,-0.0409357602897449,0.112069922208549,0.28755643176295,0.18709502333856,0.165742987971908,0.250761586371746,-0.227446519499208,-0.322568254617199,0.223847109276787,0.129680285824653,-0.0573218209967206,-0.27011750922275,0.00887949351827248,-0.303802812855691,-0.141715895425374,-0.117765812159432,0.143079192821112,0.128965199557112,0.134179855466387,-0.0325376040846983,0.0625606671316066,0.153128164138836
0.627096108878304,-0.260211010813568,-0.205192658685633,0.224161032619928,-0.266090044951779,0.951276783585173,-0.248407624555333,-0.288708134878317,0.753815840342364,-0.263782015468619,0.0233879162611364,-0.0247437827896748,-0.216985402967175,-0.0649848488911148,-0.118431550901576,0.114585295322076,-0.31620802398432,0.00568096294987862,-0.0608764684545208,-0.213303508755358,-0.332665801851907,-0.513521511953487,-0.0571244780366334,0.530374260792432,0.555651936563524,0.38151072151975,-0.347215750382483,-0.280380057631165,-0.00302075389843241,-0.000854623272799317,0.0111287487327915,-0.062496525767632,0.149672791364137,-0.43830966296792,0.0280614828515524,0.0202906675725137,-0.159190103230046,-0.163247059705595,-0.193401001339369,-0.504043371004582,-0.518055277739876,-0.134867856212236,0.325683287809996,0.851069936223598,-0.138762899823397,0.115185057333061,-0.0175681294696517,-0.433329840111242,-0.346158214724285,-0.291644487736707,0.263965611652295,0.404848048514823,0.224308456138894,-0.298665611320203,-0.0647435842660637,-0.397686855897762,-0.0531767732596027,-0.268024816044902,-0.0607945866937767,-0.23898003462398,0.0975166679757335,0.387478828233194,-0.168976282348347,-0.300021435240457,-0.141426598384959,-0.0422104296553795,-0.0348697535704327,-0.065836284514238,-0.245481129577593,0.147084502982322,0.157673821320448,-0.22499308296917,-0.0442084737326686,0.191937764963371,0.538532430239677,-0.326860369972603,-0.13820409643195,0.428806301172869,0.0925043058751774,0.188908258136181,-0.168722035143231,-0.439631536842199,-0.154601802307851,-0.199784874303126,0.377105398959013,0.693506993202494,-0.252804695590096,0.123560536137854,-0.0477255867885458,-0.199658237884968,-0.0144922049713314,0.353900536709384,-0.143199392737807,NA,1.188342021229,0.780070066102477,-0.0792244964207999,-0.0233397063791261,-0.108197915326712,0.48533951616878,0.0256792689389068,-0.0526784856851725,-0.29378132671888,-0.484763456564776,-0.148794731853236,-0.289558305572057,0.468520952242511,0.348646709164709,0.36500205167243,-0.0644995651371484,-0.368975988173198,-0.10061465466256,0.569681084690892,0.636618137033141,0.364713113078923,0.365239459238652,0.173873469690226,0.222172188509101,0.461813134646296,0.133730472264589,0.36497574587026,0.496987379720847,0.227609001360516,0.669913570531857,0.230883542674789,0.0626636310043698,0.222646355911978,0.363118812492256,0.00387460511193776,-0.0576573893814843,-0.191960720783008,-0.124233596284775,0.134587675615904,0.0633211939974857,0.152073287871118,0.0781643861736598,-0.222152028737426,-0.181700336446317,-0.157457225060334,0.122719063315309,0.204449767814273,-0.0605988255244101,-0.00523513942484675,0.124841216194451,0.598211462302149,0.665793046538959,0.328500360202728,0.761070663212855,0.430029256542418,0.621200888517719,0.965388829412435,0.182023785844623,-0.244168754850045,0.234636036871569,-0.183759536114901,0.782213233517657,0.765524687864729,0.0979384644863581,0.0534494118603924,0.0440647885032491,0.053578189018674,0.501562423082922,-0.347361570358757,0.158439257205864,0.495323103594328,-0.283433675461474,-0.164775892454292,-0.198439215644427,-0.0407506204957554,0.890714922582305,-0.231764068318867,-0.198200358887965,-0.0152252809393445,0.154334805740192,-0.199301295289982,-0.206630398383259,-0.0528719857461503,-0.200218765576225,0.160654973685297,-0.262240807508553,-0.0418866226158628,0.28296525340071,-0.0454089085205726,0.157496973693612,-0.403662246374094,0.260638949442662,-0.458259471866907,-0.153785958894477,0.0929509504602298,-0.00839064373565562,0.123173702332744,0.0943244751891944,0.125603302368116,0.192934308363891,0.139635307485708,-0.421523598536556,-0.0702603325073853,-0.517132695895682,0.361432533514811,0.643400128726592,0.17823640633673,0.0568292624438397,-0.550696691168543,-0.296999321442048,-0.0118128919841915,-0.0488188421898847,-0.56554861914829,0.0719409749890671,-0.186932103764054,-0.344925947323134,-0.148536042398151,0.339570649356533,0.0442941377185047,0.174628781818391,-0.473404049617408,-0.000990781108703293,-0.117479906994734,0.00536576253586084,-0.278260369270942,0.788886315807006,0.102188375393415,0.636812366604972,-0.260091154368223,0.0952478427526322,0.644877477302505,0.127877494012901,0.131124303586844,-0.0679441216261309,0.0146365146380252,0.060393383637725,0.404244604799228,0.02261347404241,0.149470448392883,0.0699436439662541,-0.149828549284869,-0.0669527622596313,0.265884233066251,-0.246647057735043,-0.438887278106886,0.0115789232736369,0.391304062518694,0.339507072856858,-0.0954466170648157,0.287581272565385,-0.530987677419238,-0.49354593185897,-0.0168449432678005,-0.43839420038621,-0.13399016026873,-0.328747343878594,-0.392184025160291,-0.101633387228547,0.22335484642105,-0.239957165314881,-0.252293504478013,-0.205067825133098,0.077671965732423,0.0529902115498817,0.619733316097966,0.370758007864952,0.517483745265084,-0.183275165847629,-0.0285252687477212,-0.123705799961223,-0.159912878284871,0.434352486907444,-0.0911001355885077,0.251548862423761,-0.125726058821671,-0.0384799585125012,-0.345639799877531,-0.288260330815139,0.0668771984197808,-0.259012506461493,-0.467613224807036,0.473829705564231,0.0923229036666352,0.623113008999176,0.14476159180157,0.162278782032929,0.26614324042035,-0.200907351891882,-0.0545749627892969,0.0140650068991392,0.0543831799434413,0.138410858752704,0.18636091327005,0.181094178310125,0.623927618884974,0.246749413433714,0.420068116083095,0.076364253094344,-0.235819582923955,-0.0435389150455448,0.0292013401497121,0.112594958478982,-0.0124736814384733,-0.223728564220665,-0.305870032959901,0.0715749189689594,-0.315269594192095,-0.0983512890673865,0.0211971578800552,0.18053992462653,-0.192009053150666,-0.401806413573618,-0.0942285548836417,-0.19497787892799,-0.131284405849218,-0.256684782872243,0.0998094897047837,-0.260479376148462,-0.230801490351215,-0.245622412098033,0.539469746629312,0.416504941763285,0.137025419590256,-0.564782966763553,0.573032311048378,0.125630261128149,0.567609445733962,0.532307755291802,0.698495709944516,0.270303174256368,0.64820455419253,0.397735967623561,0.417362440400314,0.254601740807981,0.225407526706696,-0.0437595416994561,0.09586240932263,0.0287155677513701,-0.216339801892609,-0.272623302819407,-0.163661154583886,0.0863365674247247,0.0390203071015554,-0.293348110865141,-0.264708078721464,-0.0131289307171069,0.0519246895776548,-0.128513659714974,0.069972821971511,0.114785844702091,-0.296916168631318,-0.211679096711226,0.0156524604304904,-0.121589976750372,0.671573683529639,0.848063466740017,0.728020156406938,1.01809678007723,-0.191940510131677,0.0351496915394468,-0.127080803182506,-0.184786144427966,-0.16706699357267,-0.0850343092860036,0.433592425816013,0.795064073254927,-0.195040069224911,-0.0216363355647364,0.0944045466845933,0.290708216419074,-0.209367212797284,0.0283915110503782,-0.0516481537877613,-0.0608312124519737,-0.166719666380648,-0.227708224628454,-0.0833762444652453,-0.297538008326952,-0.0853669366979195,-0.0995085993996084
0.921023033583839,-0.216716946285508,-0.0434390669145306,0.236719043575922,-0.119141224852953,0.708101966685111,-0.0820310523934492,-0.121570700097666,0.558772707317072,-0.11229301708206,-0.00922923879028753,-0.0537946903782213,0.0938066498881104,0.228137987567264,-0.161502689293186,0.0875559991060633,-0.260810793469785,0.147000592815435,-0.0346132080641526,0.00099184694975316,-0.392190871795285,-0.460092944788539,0.000419259158364269,0.456762038667449,0.455061882692339,0.345007096877842,-0.410173682951462,-0.280564055527618,0.139020479983317,-0.206422142630237,0.158203309046104,0.0362078501535501,0.26310946739233,-0.41930642973677,0.125805338996584,0.0489985977504923,-0.20993289784763,-0.0579833274379788,-0.145550992758335,-0.387153965412702,-0.50706296686879,-0.246061963879418,0.211141647477874,0.802886325551413,0.0975218020105749,0.169196544020145,0.0846058594407075,-0.401258366395933,-0.431917639044624,-0.336489390002768,0.137892371821754,0.215279374853394,0.355784265104432,-0.382737552525286,-0.226464574793817,-0.323424834111724,-0.060983445166009,-0.194162843436198,0.0854558748435865,-0.409391897703384,0.26544965170149,0.400294395324986,-0.380043886487894,-0.437877961423002,0.0820774082396063,-0.0594289020847938,-0.0104818402696445,-0.145242331146951,-0.121871033084758,0.210094892205768,0.166724792086815,-0.318054188696398,0.0148268450935314,0.00910088984338909,0.545789694550071,-0.552619591365579,-0.129410843455548,0.271040458767133,0.0794833024889833,0.0721966066803942,-0.324905108109017,-0.627713948118169,-0.17602856311442,-0.426778946123209,0.351070632298547,0.698404335213768,-0.212281161543609,0.192085457578326,0.118749490322239,-0.185330380920858,-0.105875857997846,0.242147698747413,-0.170312566275643,1.188342021229,NA,0.612166229328767,-0.0872094406279477,0.00260976349504249,0.0324393819264232,0.206893030970596,-0.0204504423326459,-0.0110690936890957,-0.384028135769558,-0.592476414418376,-0.40510968921231,-0.357688230797389,0.486425755102057,0.410202523486819,0.429226210313637,-0.0794583078191493,-0.358183701649917,-0.302092786699525,0.323460760983988,0.562597439109681,0.219404476102475,0.582712770012977,0.372112429506634,0.167705933284219,0.552646882882161,0.193606900764442,0.306272654610025,0.411433608893503,0.158231955397647,0.51123515951913,0.439594130720247,0.161038113491042,0.343822495077417,0.39617968304256,0.0575285043623713,0.193694755938547,-0.0234840261454597,-0.113660477868631,0.188028219566316,-0.0605139108909117,-0.0475364006536527,0.167558222155865,-0.0505019224058579,-0.0891380216264492,-0.0265712566181032,-0.0363266147590086,0.142805042481133,0.141957455600337,0.271060495778547,0.376451094447303,0.63464475579693,0.719290785283337,0.360805909713528,0.579911349936249,0.42804166846854,0.690925041333717,0.86930578812319,0.272089937875713,-0.196658984797798,0.47512397316791,-0.13228409730151,0.723135225386731,0.673637213206453,0.112429868271823,0.0479278403549679,-0.0771319085545684,0.0962999262855276,0.690586098525094,-0.251116090492077,0.178998757127475,0.433545840905558,-0.119883192384161,-0.271188014629777,-0.364344821395803,0.0327242878124881,0.600463012684042,-0.0736040755447481,-0.245864017168138,0.0642950148966145,0.526546067593724,-0.170859890925434,-0.056132816005249,0.115621774217587,-0.121999642107932,0.160977630193055,-0.412557287821824,-0.100192200343512,0.22888966215352,-0.138136996416634,0.269855916698522,-0.42888745865186,0.288900285825503,-0.477943496600856,-0.240771514897292,-4.84730074211736e-05,0.076426938715469,0.251163987020061,0.243394616453698,0.228794507633117,0.195041935887161,0.201640857592968,-0.452674242117733,0.00569457215572805,-0.449468376388303,0.271512458253409,0.695855587695586,0.377702045979271,0.0882393936336131,-0.52290814578264,-0.0799547037778617,0.122918246559122,-0.0278683266923857,-0.591124586076403,0.131545304751873,-0.136318901032352,-0.351804133364591,-0.230409676591901,0.468950299724132,0.131020535998314,0.188640716758594,-0.306618667879957,0.151947029578463,-0.109262018039394,-0.0352133584794714,-0.538715700231508,0.733721452526474,0.185267457118236,0.541845247488254,-0.368405709553411,0.120331252518308,0.529640067374277,0.217260213669502,0.199462014942914,0.0972290097649947,0.127038508411017,0.0872641891382031,0.512644879332603,0.183321634447549,0.135704955806326,-0.0562376788553083,-0.251349829159923,-0.278832332391304,0.20930962978331,-0.250872995018819,-0.341397277975912,-0.0659487864936569,0.306486113792028,0.153977694524189,-0.190077833105799,0.290160105251948,-0.7518027282271,-0.537687390386519,-0.0578617831032477,-0.579616926872728,-0.357177492075485,-0.392656853461016,-0.339298822215958,-0.119006799026339,0.239224153085528,-0.217987492758762,-0.226383774882187,-0.0828204701102458,0.0656610680045364,0.0675530371095045,0.795524974551282,0.255465411418375,0.457453792183623,-0.342855985362157,-0.074772385833346,-0.0333425000632942,-0.0936219483360226,0.216446037894284,-0.00187575383335746,0.239580143760113,-0.071743746397223,0.0145120913629439,-0.386285946942017,-0.413072756329301,-0.0679185464989292,-0.347658778798146,-0.602808645260125,0.510323804698732,-0.0650986089983714,0.537312972329024,0.391085396983105,0.152654390982037,0.563264902182246,-0.318692089304877,-0.121404545959658,-0.122426325316236,-0.18528776587708,0.164429464781951,0.31292443434709,0.343312845450549,0.414249295538101,0.476140398946521,0.328106605537189,0.170959023541488,-0.128251624807655,0.0919204109058861,0.23269442324175,0.314302363732705,-0.0533817842290389,-0.0695818634660277,-0.183436033341591,0.037614229548326,-0.378815508111604,-0.0284707614648724,-0.0405392343364772,0.0386881306501451,-0.360643409030723,-0.278967121074305,0.0164075104859073,-0.157347040762945,-0.120653873711972,-0.151267720159408,0.311183701319419,-0.0430492791704331,0.0371189782127306,-0.0289222918188907,0.721250667685916,0.379095855513855,0.0459000221962993,-0.483865443204784,0.575746512195004,0.0533417619943173,0.53092875865534,0.849892842947938,0.850994332042878,0.279458518004957,0.670507439883247,0.368338941746736,0.345317338648068,0.222739757882501,0.107132687536738,-0.0985339323308717,0.357967854107805,0.0663211916347486,0.00932855431676001,-0.402544102202865,-0.318824417095848,-0.0420791262784128,-0.00092406499452166,-0.280312850363378,-0.277602979109776,-0.106398865569654,-0.0896943772510943,0.0729953939834953,0.366019330646096,0.155953890321406,-0.229172110138617,-0.260526729064085,-0.21500273201342,-0.163578938791012,0.439951620351485,0.592297287281517,0.442382160772375,0.753045727674461,-0.258135478869691,-0.0726426661618239,-0.0951683846889746,-0.17195912968732,-0.179505145595567,-0.16315776602877,0.289340697921943,0.58937636404879,-0.161331567317997,-0.0101318674336418,0.153589005947921,0.172341403991114,-0.233127943390543,0.105441132242379,-0.128811997792192,-0.122584278135964,-0.263952962100756,-0.287787071850234,-0.213272335480358,-0.318746868371548,-0.299850682403105,-0.0326720084425039
0.203541520728353,-0.17706643653378,0.0287957993729367,-0.00833350433810373,0.0858507893779225,0.671110488416479,0.0354462292965417,-0.0752859678315312,0.615987445994166,-0.348899337111945,0.0161509878664725,-0.120780712533348,-0.142121123505786,-0.00345937597666512,0.131518358141494,0.126814509245645,-0.0802256388866566,-0.00671094310697737,-0.177562465639895,-0.00823005720588382,-0.308210535479885,-0.225715574961497,0.0919440419677108,0.715103369056752,0.369101074406157,0.0949263597415112,-0.386578897413748,-0.346696000829665,-0.118173300544184,0.104372566443819,-0.139254245543901,-0.155064301567447,0.190993420551665,-0.353852976373353,-0.00407191291909341,0.0592979567573863,-0.228053315792034,-0.15421895032864,-0.144238502433331,-0.287703863847667,-0.275940071351406,-0.0675354932653047,0.586023480848612,0.352340589320608,-0.0393140719895565,0.0471611667442513,-0.0697201077801061,-0.485106887310877,-0.226860403509029,-0.29261759127129,0.841753174551111,0.845379946631442,0.224966831065841,-0.0928475384683208,0.160900342332403,-0.198106469397884,-0.260345945608532,-0.056439136357478,-0.0339276680742814,0.00483430920487463,0.208583146623787,0.151618397676404,-0.066650277352752,-0.315642367219453,0.127276575408335,-0.0423127656921158,-0.120739100383907,-0.151499448860316,-0.184440427526198,0.120812371235072,0.0934117830506514,-0.061008551451408,-0.0370997501819184,0.151305919491675,0.460622551501258,-0.295369273009802,0.0124957592638996,0.536383540776411,-0.00203078700469007,0.0796195697997229,-0.187572299432241,-0.310480193007,-0.0497992000005806,-0.218516687996712,0.276901307649563,0.459534601955318,0.0830743441139878,0.376511144412069,-0.115460818786064,0.00805545971292847,0.20676712963898,0.484308858672704,0.0089340210388378,0.780070066102477,0.612166229328767,NA,0.0976911436769054,0.0494207481994743,0.046701994692419,0.442087346830134,-0.0220006236316372,0.0838055121128992,-0.391978607839929,-0.181170303041608,-0.119551401309553,0.203683032992724,0.585615845293069,0.378329487202885,0.458069215611667,0.336822132846618,-0.317678646791117,0.00560813161240135,0.494354547026529,0.552666619776863,0.219978750242446,-0.00305985615946906,-0.0764637495934617,-0.012930501060162,0.366334060336891,0.0366407264332691,0.484162269869727,0.953458142017782,0.180831927536555,0.193294920313858,0.122459500469022,-0.0909869098016824,-0.152698807562046,0.290747731318945,-0.229020155446597,-0.256510721019702,-0.0895113342488281,0.0337066560837764,0.239539240785772,-0.200822281827571,0.0944048278220238,-0.0128255261987436,0.0923890223198884,-0.0209277741943973,-0.0358657980712608,0.0695179679971114,0.229116034805743,-0.0623855246002621,-0.176971682949478,-0.11433463128104,0.112608329585348,0.236756987627054,0.383248972804145,0.435228388692504,0.324500472325763,0.0750983716504131,0.472966038090748,-0.208232059394588,-0.0883144779983067,0.0936043520586465,0.0213265787982577,0.589954238417182,1.15303395473417,0.191513663628004,0.0532850940501649,-0.0415575986525767,-0.150813886194401,0.167607148181153,-0.16166569134617,0.281672683084484,0.208341841124438,0.0401854819015909,0.0878151165738297,-0.222997721655556,-0.121500217496173,0.622545871188918,-0.372092460426297,-0.202387188492985,-0.118311988713894,-0.0248659488071517,0.0383392478766408,-0.0124936020576555,0.0216832767434825,-0.419219486941904,0.143203441134485,-0.406421052015109,-0.143402543925928,0.283539124773003,-0.00588254062928463,-0.0144159535063389,-0.333170546417096,-0.100981177477131,-0.258075931892049,-0.265144261521429,-0.0328256628975412,-0.0369918557946622,0.137980239011543,0.105674722586641,-0.0461254353457868,0.00609476606968233,-0.0186104256221661,-0.333347154959522,0.0738618459440158,-0.190411275516373,0.255795609555006,0.949746215538523,0.0961722182311366,-0.232491771418119,-0.349544333477348,0.0363905218338798,-0.196577728885135,-0.332925705690375,-0.29407031961061,0.433708143041426,-0.152155759404505,-0.145654552071724,-0.0222562586471469,0.297597806121299,-0.031531405345603,-0.130305119657514,-0.259087353764815,0.030046613096304,-0.0967610546888811,0.0541809378632375,-0.203791767075487,0.602300954406376,-0.141543298759061,0.485865659950866,-0.323186987155827,0.0940052428195115,0.362966978475014,-0.0193959933601825,0.00320174173455875,0.0746303427155988,-0.110652997770507,0.00414579503913023,0.338645962440739,-0.0724823913688843,0.131911292451884,-0.0347524959847936,0.1485217145157,0.187741017566071,0.332178963555953,-0.420337472387238,-0.167578534520964,0.160601505117393,0.320584686294096,0.281889546594592,0.0364599738377325,0.179717404801247,-0.52274820420798,-0.513774306216606,0.1399924553873,-0.499145408076407,-0.334238843497905,-0.268068342854129,-0.128849658410662,0.110561011200317,0.28110624336714,-0.0643811239231674,-0.0902323694497093,0.116604384513079,0.177394647242992,0.0384310059102981,0.534801200681839,0.759373408978723,0.940738348196862,0.091032648644243,0.0392247393858951,-0.0657368901263492,-0.0963036157600355,0.171131122495103,-0.288454646565557,0.204068803245608,-0.0763051805763613,-0.037549177546841,-0.130060702936017,-0.158464845038435,0.162136335456831,-0.279795802802261,-0.368114582672726,0.152929109569094,0.410764615577011,0.316870871119313,-0.129113329608721,0.279497775575987,0.0212777721242028,-0.0316374071575852,-0.120864472511566,0.0564389779622361,0.0672571838817981,-0.000274089787444862,0.0259916588268666,0.0382896978083414,0.389652265436056,-0.114182938250892,0.24142939143808,-0.197630233876874,-0.116973962200317,-0.176390872274552,-0.0434714362059173,0.151802501798665,-0.00433782297022886,0.0215884638971836,-0.209518200079385,-0.178151753997338,-0.243223281976819,-0.307272338839518,-0.110067139354538,0.211554331569751,-0.149487874363109,-0.296090787699745,0.171866104576915,0.019712347088151,0.00724723655805322,0.0459571845010569,0.0928157290019012,-0.100073236155834,-0.0764391168036213,-0.140262402140255,0.285422883544121,0.0499854862402084,-0.0636168694269931,-0.0504217223053929,0.624347226067957,0.519799680821665,0.248071157146751,0.0721275939874659,0.308012007812507,-0.0388669808786083,0.218295501957624,0.339210638451672,0.731135414456059,0.407920342251574,0.0797364006483439,-0.070231900785132,-0.237136903340885,0.0106302718554056,-0.353658924191891,-0.355322845867916,-0.160411445708772,-0.0406754686065405,-0.0553567016591198,-0.0777764031623995,-0.0584820270537506,-0.120683869975235,-0.0195605642478783,-0.208674505796955,-0.0819525281604919,0.0803913031663731,-0.0742559413591476,0.0196599479929615,0.0518068795233507,0.0267851884631539,0.516794641843028,0.597175548315903,0.440435769702928,0.510031732394738,-0.097185170703264,0.072448084853522,-0.092022528267978,-0.0717404088046696,0.188616016922262,0.259845881192822,0.545335090060191,0.747818853615323,0.0226515875226252,0.214072081964892,-0.103681725900464,0.0753650375608383,-0.10764235974307,0.152503241990821,-0.0869885348894581,-0.0588470321315167,-0.0321272419508723,-0.0897794034734224,0.0521785498586156,0.0441774945668105,-0.0914969575990804,-0.256892082960875
-0.130180380764834,0.0544069417116015,-0.159437238327199,-0.138816465520365,0.696920063850547,-0.106672240840813,0.057747641656736,-0.164324628401923,0.00468600731688835,-0.183568560793328,0.158612788325134,-0.135993962358681,-0.0788911333783824,-0.146189260723166,0.424177122586226,-0.228594161879931,0.0372145186004245,0.00307118699417588,-0.42648616227051,-0.169319677632411,-0.174512005049202,-0.080712873292693,-0.0738563741208927,0.121150074814088,-0.0816740386679015,-0.0701741054933533,-0.281833330116548,-0.122189897334405,0.180162085475448,-0.0360694155938521,-0.0177855372101815,-0.122965757899435,0.0238053962024518,-0.309050777056812,-0.226572516717808,0.0137193062470735,-0.390660686287313,-0.124352620211896,-0.143065581322201,0.0803337715606217,-0.0554660122425769,-0.129837853367135,-0.0386794764404656,-0.0368379675598623,0.140959173429389,-0.429772031054611,-0.236527337522882,0.0697091313858809,-0.21525819559407,-0.0246848259297294,0.348576373039033,0.171375797958334,-0.295601888392291,0.200481457677849,0.217432138921264,0.377082076904707,-0.266178470086117,0.134837061998542,-0.127243682556011,0.0807210909394425,-0.0699275014278147,-0.192874189496775,-0.317183428027623,-0.0779005577397642,-0.0720752413909465,-0.244422911627163,-0.488713758553916,-0.38237391172043,-0.140215872921256,-0.226182748584795,-0.319793632837089,-0.13209760311309,0.00847201976126203,0.0879870058121201,0.0462469605818056,-0.297068161216551,-0.463658703299677,0.103439028734689,-0.0544362752903853,0.162276555996094,0.0417144985152024,-0.0244543590737624,0.0890205936969882,0.214536651160236,0.116868191896266,0.000422913349069957,0.601734430673829,0.458297808699863,-0.0736309130073229,-0.189872007587866,0.0664586008791763,0.176931756680089,0.030071428735445,-0.0792244964207999,-0.0872094406279477,0.0976911436769054,NA,1.06087271729298,0.372528116418858,0.571712281501488,-0.0302630523375476,-0.256670034119154,-0.202007394878799,0.0711804157785469,-0.141589229585466,0.299187074917094,-0.000831262788188667,-0.143971777896412,0.0768694091055922,0.240130208320984,-0.381553239159524,0.00732076666321863,0.071272147074117,-0.00845770681290458,0.216423229554912,0.0428194584002334,0.0116613104930597,0.161371015585238,0.229920296550758,0.155209116463782,0.259659220221104,0.203306781512001,0.290308576698362,-0.136674921738245,0.113938926801166,-0.105157343018955,-0.358205892757555,-0.432084849070481,0.0343307488399791,-0.0868569510945265,-0.151211151292476,0.16225472394348,-0.162755813840815,0.00608601961441516,0.194170346101053,-0.016180338282409,0.0986834805944131,0.209084538209435,0.501345324290819,0.519076242894452,0.584131152281923,-0.205859862486344,0.0736490074714877,0.0872460305487903,-0.162956454553458,-0.111375923351331,-0.00382019087845032,-0.00996551090529104,-0.0541238787995965,0.0323613884222215,0.0957014440819162,0.090961285423015,0.0194213148813503,0.118624883279435,-0.0340619048431694,-0.0400804949106631,0.0212740689615615,0.214054952127935,0.333122949002818,-0.199837762563958,-0.0895383004824473,-0.0813566054397538,-0.00145413425821524,-0.36729478337044,-0.112743038052077,0.357659779061546,0.210196712976367,0.299007642460344,-0.212298649412166,-0.0931859875511744,-0.368519774507421,-0.161556878995874,-0.023668693163315,0.0756603978866372,0.185292434477944,-0.14479265843994,-0.276223104791265,0.0796491594830076,0.145116742081514,-0.265959198523909,0.0825930779598288,0.342530919706063,0.196365201853419,0.0511964788684885,-0.341068859163427,-0.0210582274982917,-0.216333932794133,-0.193042510261298,-0.094131443484063,-0.0886877920603931,-0.191743140403105,-0.172009892357736,-0.193281113898446,0.00985156959358968,-0.00881380927968239,-0.165862665804824,-0.0298785804061839,0.467055683891316,0.146344325427886,0.192076211936408,0.00189202337150762,-0.473246107002055,0.199998684374509,0.275595610250289,-0.198459553185822,-0.283947691184949,-0.257915900606398,0.123573256759804,0.121022480338942,0.148986711871097,0.481645447021699,-0.228621866782114,-0.0113211593811263,-0.136776167732473,0.10603280137216,0.107505493768354,0.10147540971615,0.100482902130321,-0.0522803934196261,-0.0148744584855847,-0.244566765415422,-0.0672132442340196,-0.215127825449866,0.116749195327339,-0.163873528280377,0.0819609766121712,-0.391037248057981,0.172259895241961,-0.101855659938789,-0.279368411087196,-0.258098430304884,0.0426425441366975,-0.392876379287816,-0.110541134720412,-0.0294908626500616,0.360030046065195,0.129014701185739,-0.304351759700071,-0.114038621542392,0.00165981588022525,0.115329309230616,0.235032476333375,0.317932678235717,-0.448618557155092,-0.211824306368661,-0.263279090584589,0.259203355242883,-0.223773332517239,-0.0445707167293179,-0.075174242071844,0.409505161429385,0.43779226768607,0.498550564396001,0.284882477200202,-0.331982788957947,0.298304691033073,0.0299451405389523,0.425987137906171,0.0590738409854937,0.0493252391511301,0.0376899479430449,0.339605054871015,1.03292432658542,0.244322925964595,0.638507818661593,-0.22683634540244,-0.0374403070048411,-0.341638354282596,-0.348218995966474,-0.0800860266313495,0.156511622316181,-0.0216275001994562,0.875032814932445,-0.35426451499741,0.0596603622008311,-0.0467177025640057,0.17338811775091,-0.0127080026756982,0.169668204235627,0.15787266190067,0.124867632031526,0.0585945792654884,0.290322808776666,-0.0057189521010993,0.0962792431727616,0.0940365996617394,0.0557510443234365,0.144005048939706,-0.153181120308415,-0.190330053938493,-0.332172372934934,-0.0735365728684405,-0.176560925223467,0.00810171859704476,-0.263132343982125,0.264615680133021,-0.300578168698124,0.0828348813233928,0.133538538394999,-0.263693476166849,-0.0665157691802751,-0.310923904945727,-0.0789489033179733,0.00549789217805659,-0.0554369390904761,-0.11265532474784,0.307522489922987,0.0712622018200833,0.323586483990319,0.0491441038028047,-0.0889408737749912,-0.223305174543215,0.164809863231103,-0.0617176268184669,0.00510503960533106,-0.309895782623134,-0.260516746228813,0.100490028881464,0.209383672088599,0.00671782899786535,-0.131796942010107,0.0260927513624695,0.0984973836195184,-0.243143893717589,-0.0548053869870004,0.037353670065007,0.27396579993945,0.203934919347184,-0.00957279696888759,-0.155123620825658,-0.0241283286192632,0.1682812571759,-0.159726114894109,-0.158482883858037,-0.316211891048027,-0.00732413529106353,-0.050466921748328,0.0232964950937707,0.0499460059559068,0.0989683833203159,0.0215504174087636,0.0115308940073004,-0.176097204753881,-0.227175609126104,-0.39846239263463,0.185342654328722,0.275352065032363,-0.264301298860632,0.0802409172080235,-0.103668611221446,-0.0479166499147494,-0.151947813578668,0.253850169882836,0.194495844030554,0.255643826790481,0.0834563146078636,0.132357416822431,-0.0618447515838397,0.147811038208049,-0.0518116547074883,-0.17789709500569,-0.153781806401473,0.128150400811138,0.040681929677279,0.119518194007247,-0.00403701500942524,0.0956418124853612,0.175390058336246,-0.00554869018371772,-0.378822936395932,-0.0717340348758386,0.0553175405067265,0.0259668272371175,-0.0290568734877272
-0.0756823340963974,-0.213760736619008,-0.0856584477453968,-0.0853088932690273,0.649565160669217,-0.0645938129075881,0.201442253218724,-0.110625662693221,0.0915469146011491,-0.263839420471167,0.373921792937507,-0.0300826450995242,-0.0510173678699279,-0.07993692391614,0.48864086280737,-0.172942183933888,0.195145199550654,0.0877066089904598,-0.140122453195776,-0.104691428974703,-0.249931277464751,-0.209567101320846,-0.0708069005670557,0.200177666486185,0.0211394266288748,-0.0308070841273807,-0.160503854677619,-0.0557263072242559,0.14247139614,-0.0618732551178023,-0.0441899588028253,-0.273044366968193,-0.1701132519351,-0.249880906050956,-0.396349810348977,-0.252085292400451,-0.473726394074408,-0.289733971357384,-0.326993501889376,0.191396772097464,-0.148024689390688,0.0255293829275048,-0.00978720493480285,0.00274525964055349,0.0927154987851679,-0.361789794064632,-0.251038231424665,0.122061776430852,-0.119784937906381,-0.236014377950689,0.224599355323827,0.0970448224702723,-0.272919957240037,-0.112250705082647,-0.0704819263486892,0.196569536058311,-0.316222540232136,0.00850173013266632,-0.079324399240691,-0.112613958752637,-0.153390844495804,-0.0915476899377957,-0.167898297967671,0.00436842503265711,-0.146635043342384,-0.178080448873069,-0.563783646377281,-0.312932888375926,-0.210264755194825,-0.210470258139355,-0.276449510277294,-0.177439001613457,0.21198032962145,0.0979852042015984,0.081874979760907,-0.218564679631281,-0.629976497162065,0.226544411380076,0.109376308620325,0.16491574284855,0.0604001314748434,0.151202512270631,0.20114936527596,0.442236068162271,0.192756812738979,0.116251042604723,0.356656041890802,0.430815165123023,-0.0855950759291536,-0.412834378600746,-0.0147265432854267,0.0805389718170566,-0.0193536081210201,-0.0233397063791261,0.00260976349504249,0.0494207481994743,1.06087271729298,NA,0.178316933717542,0.384299725607606,0.0666390121180402,-0.202868556400942,-0.135695147341679,-0.0420219724972968,-0.190993896243213,0.27563258103876,0.100287365874028,-0.221141359864314,0.200968911215468,0.177330401939651,-0.210967575873634,0.0391172795153281,0.0610529336378548,0.0233769026288823,0.204799907711501,0.129632616741554,-0.0680880669375545,0.22923749417899,0.234448783162208,0.290152082644285,0.19543396661894,0.331924142167346,0.285492083972441,-0.0832595856063257,0.0447042077901003,-0.0110855392555626,-0.198162669415221,-0.352936198418315,0.162680239771835,0.0483453111594223,-0.0490850676307144,0.330564952475073,-0.213933323214576,0.119714747447643,0.151921120382164,0.0758220045840662,0.107067487866562,0.313089233119497,0.589754673433748,0.557916996509776,0.871300663289063,-0.058655631797272,0.136920664805401,0.145460641656797,-0.0648522724531134,-0.0691552758594548,0.0189810448297701,0.0136571606833835,-0.0851398461184303,0.0814444741556946,0.115433509190773,0.215864107907554,0.101706840342427,0.178826115379951,0.0129304501481039,0.0443252119698719,0.0945402567713606,0.264653706922713,0.343567159628527,-0.106562339895458,-0.107913865077468,-0.111048339482484,-0.193501458225089,-0.313372287126797,-0.129033225142883,0.322564800342487,0.296837722253647,0.294640921953777,-0.0652914105346906,-0.140180366114964,-0.317491642487475,-0.109336953261036,0.0185418554810965,0.111237058573153,0.300993050845958,-0.0738824170607618,-0.198396899631254,0.119462048569881,0.47425677943386,-0.317256774631657,0.137894514402396,0.392734503588145,0.227761743381304,0.0186192268061851,-0.277814908616164,-0.0143033528703609,-0.059921261849951,-0.139124520255464,-0.190205927175138,-0.144040091318959,-0.382140688341244,-0.0757976900994771,-0.382915578672019,0.0179047007699667,-0.132230328940544,-0.171021932319756,-0.0533190623928621,0.417257397700436,0.0744918013198059,0.191380498880359,-0.00881031172869737,-0.260357401348653,0.161751551048447,0.197128739899683,-0.17695150895029,-0.182892617669668,-0.168132781281242,0.0161617141563036,-0.0233528955399451,-0.0355463557240482,0.28856900343939,-0.270134758561584,-0.244933897559772,-0.214680616960681,-0.194550462014097,-0.0157050188702276,-0.119235792015727,-0.0264985430742252,0.0131535702317008,-0.00538679609968081,-0.156434702991006,-0.0351155441999767,-0.288163466453774,-0.0972833719326559,-0.193366512090003,0.0247823661814558,-0.272433621230188,0.202519676137715,-0.0246217799253361,-0.216907454179383,-0.232598139480449,-0.0355948695447307,-0.473481267258057,-0.183870041464058,-0.0721676090670842,0.272292413847536,0.107182426109111,-0.263655782031829,-0.211255612812926,0.0890541453790786,0.101413008302855,0.27580883658561,0.182348577074643,-0.49646701447513,-0.0859677699803129,-0.0583042947105947,0.448008634733613,-0.0645841499677441,-0.0201821740411838,-0.0158289454941436,0.302168781930088,0.281301853941203,0.477476973717055,0.2104324339856,-0.559995450918055,0.257495018930939,-0.0278100817866584,0.410235436117727,0.0732771643154119,0.103672449474059,0.029038759350753,0.333420900965729,1.26659167995198,0.156910048713451,0.438467622411666,-0.280953404091141,-0.0570126894294929,-0.203406456558843,-0.235264473034958,-0.36413396204002,0.31360810028391,-0.0121478766626728,0.68598725081341,-0.165603829071085,0.129555257283546,0.0835512457258897,0.147451299532463,-0.00324996947483294,0.228632241945168,0.338304723175295,0.178291295310203,0.13367305237229,0.231699629929157,0.0367785312911481,0.070779781240719,0.141635094333261,0.282494460954152,0.191294301083942,-0.100131142960911,-0.140625711196558,-0.305569859346987,-0.0741727440020068,0.0203782394607479,0.091830772294962,-0.188415209429151,0.374849799071254,-0.230684336814672,0.225895280202814,0.293817243819368,-0.215595497077329,0.0203330457879318,-0.285748526899341,0.0713045842163959,0.01894735259358,-0.0334160345451992,-0.0374657542281835,0.359176769851269,0.0402371323064919,0.522570309795522,-0.0243679646680931,-0.182550361310146,-0.248463966113122,0.205756644211959,0.05022156689748,-0.0632655770579841,-0.327752310237868,-0.329808700122798,0.182069727972823,0.167699930275942,0.000743026343040742,-0.076658399033217,0.0205179066320281,0.131252667055923,-0.272699901102209,0.0187060107096424,0.0738555325776329,0.314714428354193,0.290830257909978,-0.028952468938125,-0.0741005349529637,0.00317879038372127,0.109248753580412,-0.178349375695846,-0.0484586745330614,-0.229621825191394,0.195059203238563,0.184963931985895,0.172275939603386,0.1650111005574,0.111080357772804,0.112137464735127,0.0771127815614132,0.0367622230295932,-0.241091907951236,-0.159839198285656,0.309644640863408,0.405579530003513,-0.133810801415364,0.113966177619951,-0.0962427571773173,-0.0692313959177065,-0.154962221553864,0.259433655803339,0.147571882251672,0.231403051867957,0.0984109622915327,0.260242583969931,0.0630131045042304,0.0386977521688184,-0.0282249262941735,-0.18772818231659,-0.212419200238722,0.172138198611819,0.154722771371678,0.178473947542441,0.0147089546917487,0.272898572867289,0.178629186756881,-0.164260782165804,-0.363536132118269,0.0685260586190239,-0.00982483872969851,0.0528793407435081,0.146504970160835
0.12918612535737,0.645533577831458,0.417931516665012,0.066868893137401,0.597022639957492,0.144294703403208,0.0272284035974024,0.722460812998286,0.193588732602204,0.166603826192264,0.166735497783029,-0.0549866043052214,0.416450945423771,0.210529301856791,-0.127551833639289,0.0686594802708811,0.277789436676176,0.0296719320828213,-0.243040072426484,0.458066888538755,0.304324463954547,0.244893098499109,0.0799938269452479,-0.103873415117761,0.0954784474893268,-0.0985606662138808,-0.0728440254887207,-0.171902308265798,0.00580725335757459,0.132863334574996,0.520639091061844,0.313042129444221,0.393428377113663,0.114363469940463,0.327292826936056,0.539294885531345,0.157926004759688,0.47115239152205,0.236929220195298,0.0710614539487084,0.231878759487163,-0.0979285752404867,-0.08447567079178,0.171404971545427,0.476088475003671,0.110681324612957,0.416241041596137,0.130599328374129,0.153657349144553,0.416471783851721,0.120054080431782,-0.0616192702103291,0.415672264830507,0.315276115320958,0.435870918772498,0.583984062818472,0.511405832992632,0.347758681288111,0.0833856026361348,0.00320819639191846,0.216829111707849,0.179125270677848,-0.255803007617135,-0.0694612062088157,0.373882032897715,0.198943954134717,-0.00927223738192823,0.135307636421848,0.37519037251188,0.302021135104073,-0.156075824769969,-0.176794989449941,0.23299535507486,-0.242636767088615,0.0383963346252429,-0.160746479998257,0.230833826171796,0.00291234569305781,-0.238860153020603,0.0342869833755702,0.087215129014948,-0.207904394193508,-0.175188311323005,-0.245942033333879,-0.284061669363912,-0.141631597451955,0.90276917066316,0.663523316571797,0.158869629026947,0.473541097754351,0.0459022520859561,0.112775122292326,0.342589339289,-0.108197915326712,0.0324393819264232,0.046701994692419,0.372528116418858,0.178316933717542,NA,0.279168534225812,0.26875692229675,0.00389061126280549,0.293099235638895,0.306333279045504,0.00084146642613457,0.11640967666715,-0.0231576940873374,0.13774898086142,0.0885140085485101,-0.00452224438077969,-0.0447684356050347,-0.117402041628139,0.173266968628806,0.273922429602456,-0.0839340375648868,-0.112874844070453,-0.0348795878845976,-0.0193302289261935,0.0737303308208798,-0.138499568984132,0.0535605743361832,0.0431866140621858,0.158870189063056,-0.090703948895999,0.165707846906006,0.154567202741462,0.0670122980093048,0.16176547831278,-0.0374603527968775,0.00374806641413338,0.379518649380141,0.554175468397396,-0.187931011449793,0.102156357117889,-0.0816598939926944,0.384927376405806,0.697584588342963,0.122885501064904,0.48741554770723,-0.489292608441893,-0.0335802014877349,-0.0413624734927488,0.114832657356353,0.203834486897723,0.174185423148335,0.231383770503477,0.0611838794406901,0.0959589380178698,0.239792703026318,0.16606274234247,0.0198492555798817,-0.0121915232935732,0.00701357622282409,0.0104627741297813,-0.00690108131517306,-0.0863057327850742,0.100782287421982,-0.127269307878954,0.270586156508239,0.14522785726233,0.247176081856505,0.0629780408693167,0.682546845795066,0.307524285959455,-0.100616187878033,0.923117643352562,-0.182587249717588,-0.230929765166212,0.218041713292024,-0.122050996859098,0.187424057376466,-0.123642898598185,-0.0706352034910057,0.181323093227995,0.128838090122682,0.444626783825382,0.607383289484313,0.184931094413519,-0.191307432004135,0.196943606842572,-0.00428328235460985,0.0237108876021444,-0.222721229413083,-0.0448496136101328,0.138592601053767,-0.00121235981912145,-0.0553458190269195,0.0757267773199115,0.253964363422336,0.445976856119444,0.23011833925496,-0.177733574469441,0.408750245418912,0.337483641529772,0.346620438800525,0.160325370123761,0.550028117498501,0.555234578607798,-0.2117708064602,-0.015988116612086,0.408963581668483,-0.0561494271122407,0.438224634130435,0.367932787737971,0.1583976486503,0.0608755809042645,-0.126967275709745,-0.152388596448501,0.72450437130247,0.449755471092046,0.437000509590861,0.45697257353124,0.728189805907377,0.369424587677616,0.456156603486328,0.629627795959267,0.70487242812743,0.242370199374805,-0.281488485286673,-0.0697029856380791,-0.0540543249063011,-0.203557804027474,0.359834797925021,0.218900039937673,0.144300534444358,0.233458817560321,0.307845466609967,0.679027434137464,-0.0146218093267984,0.300934471045109,0.13735647774833,0.448929116139951,0.30033134641657,0.118817997752452,0.11695428892981,-0.332356268157473,-0.107436783381495,0.23005390792915,0.327695238065648,-0.131135433975202,-0.18307521614761,-0.352012787810545,-0.255433887197003,0.26561518002414,-0.164561782281825,0.11390361061119,-0.195840718818162,-0.22334328720803,-0.206371316644475,-0.282320632300149,0.874262243326427,0.887932592047239,0.362169517680819,0.435769649744834,0.409141135143121,0.725836485592056,0.139045655196682,0.459954966407257,-0.0475308823640877,-0.378566187729359,-0.163592047128625,0.04976187455049,0.104217787552877,1.33500452186952,0.515851010628307,-0.0337208596022222,0.404283703105247,0.194798817911199,0.165406747855987,0.542142643017834,-0.00201184263281534,-0.147878265019117,-0.0562766070157154,-0.135069970948087,-0.129818559287543,-0.0401605599667647,-0.182752484115049,0.0373079724681932,-0.118182142866403,-0.045818209117482,-0.0673970911954435,-0.033120784785625,-0.280645669917624,-0.176909224471148,-0.12828903414938,0.043364014319036,-0.13117254667436,0.075028602169567,-0.116554068013232,0.0896626988056563,0.059087310737074,0.172195497292221,0.213095384938416,0.0883271927290274,0.0136535555097949,0.126267212947192,0.156590170180516,0.651587438204758,0.357413281695614,-0.0553024730042423,-0.0839300480077522,0.0100013151125459,-0.0507825974893982,0.029974570540053,-0.385646577341343,-0.121605166123046,0.56465322356797,0.486447664046232,0.19135800239752,0.357211947854497,0.25409961843223,0.0581682720600711,0.0308246895809375,0.177629887790655,-0.0776419580691974,0.0591661073447424,0.037825343978461,0.0181859982465667,-0.0800307359089203,-0.151502516266015,-0.231647678434579,0.0258949239172138,0.161915439950181,-0.0950812442294498,-0.038957201087621,-0.0994030897126361,-0.124267608028858,-0.330066540329877,0.124325388970395,0.0324097955411535,0.0622537854020029,0.112125095189006,-0.0795234409030646,-0.289151552360992,-0.334202940356698,-0.293731091006575,-0.293383457285319,-0.381161317657647,-0.2972104821506,-0.331882000578341,-0.267831416975444,0.350436812724389,0.176319596580237,-0.239314516567533,-0.0618080535358949,-0.082280756575257,-0.354592104420126,-0.171056532925067,-0.118307687522552,-0.080881392816296,-0.281677802757045,-0.0847500581969739,-0.13909632200801,-0.10041459898293,0.347711882884137,0.474654842104767,0.34219111337529,0.338309669935081,-0.224588189091867,-0.0384145234917211,0.487009243449697,0.0812187539547871,-0.0528670234906635,-0.169695796625242,-0.340326017121039,-0.149677282212838,-0.281828534775482,-0.0716076423464088,0.273708219198818,0.250906663705207,0.133604516593428,0.0458778857147215,-0.431885465535689,-0.0913454468274107
0.050924838315739,0.0382292056402439,-0.118238366548972,0.110917630642507,0.24264262912839,0.393877486785265,-0.175683248640887,-0.0765477818132204,0.549506572091115,-0.227142120082966,0.159367961342366,-0.16230374696491,-0.111884746079707,-0.128974547881975,0.232394687780334,-0.0323611433586146,-0.073770820392354,-0.137484059339715,-0.295086418541172,-0.158644745396605,-0.0745511685780666,-0.145650213368224,0.0846494586121754,0.484628771138636,0.284379748873891,0.111507267580556,-0.165292941690042,-0.214732824534434,0.0719232576924933,0.199388415741957,0.0695779968555075,0.0612371225895134,0.189869850146544,-0.186996959687387,-0.082819223746445,0.158915574565649,-0.100443052077139,-0.156279996960492,0.0135157180322301,-0.0301365922367356,-0.0227886827780958,0.0799539926930585,0.348034946935212,0.345002336091877,-0.0853960280882713,-0.00892593436783134,-0.0148076805001299,-0.0725427204579276,-0.103217693995527,0.0521320033281611,0.665724669253273,0.522637105739972,-0.0468578487879454,0.169485870909815,0.319047903979522,0.225092578742405,0.0483836188005373,0.0131687297279762,-0.206594933674055,0.0687045709304782,0.0518171099216641,0.137421205349422,-0.018834552298334,0.100417357267182,-0.0126359092337417,-0.087506852145114,-0.244657532025572,-0.170223724015731,-0.186688492919396,-0.0106311817545708,-0.0513711250369385,-0.176055181737532,-0.0267051042106617,0.431833275423292,0.442699189884238,-0.119093860184689,-0.249289212822655,0.6210994954512,0.231329331126543,0.398493518006382,0.267357609000542,-0.0348665942777512,0.122890476424447,0.275488798843954,0.380604962039563,0.380031788423115,0.351004153748945,0.616918981022651,-0.137323346537047,-0.023214087707232,0.159266743784675,0.433758842917552,0.0531297511164881,0.48533951616878,0.206893030970596,0.442087346830134,0.571712281501488,0.384299725607606,0.279168534225812,NA,0.168907863133665,-0.202219869720513,-0.00453526749365767,0.0996501554476229,0.147863788322295,0.310415405571657,0.285545843210308,0.133863316008278,0.430017489277169,0.141089057753567,-0.201591333106442,0.386191282379889,0.622249489861726,0.253906497468566,0.319908787389445,0.109899867606831,0.0555851057216862,0.130147243832617,0.483004035725529,0.273681201061718,0.5620603851094,0.390616339509813,0.462935683546458,0.2032401238719,0.129300153745021,-0.135093158647496,-0.112165261367116,-0.191097836337101,-0.183760106909982,-0.342582782610517,-0.115105620804191,0.183828028663937,-0.0645853127575827,0.15233971371153,0.227737616076504,0.0295257385842885,0.089648968137942,0.173623973550998,0.133643261477482,0.26124026399841,0.379948563143062,-0.377655726531518,-0.125887079551551,0.000690854159251893,0.12005413838979,0.242642650943643,0.288115953164193,0.328754322219944,0.227965788070326,0.314186996701019,0.467174449731679,0.123378213634502,-0.0762128744608862,0.0331620620806327,0.021323451911241,0.38431047863643,0.395896974818806,0.320770602348677,0.313470238086211,0.208820265068758,0.0491472857630582,-0.0978611969533126,-0.0153638500584128,-0.0124612879260716,0.106261870521608,0.084245111511656,0.046827211877921,0.121074165846003,-0.0474404268444649,0.293605035396607,-0.339262616786257,-0.153925418598086,-0.205065774435791,-0.0735721670161251,0.123459534437349,-0.13316056359983,-0.0957455025110819,-0.0226248890618958,0.0996955619516246,-0.0313698193497324,0.202559152629007,0.419340448762115,0.160159614115186,-0.0432133116242077,-0.247311321920793,-0.000997534809141571,-0.122421955345918,0.0119407673545703,0.113708396046838,0.0539932779104943,-0.0529470022730881,-0.00804249866661106,-0.0447127021768792,0.235316329794114,0.105927986344964,-0.0570666188368661,0.0772440272663682,0.0692039967218767,0.341763744222172,0.247953644425794,0.0901087446532643,-0.087200136411728,-0.0187970034422767,-0.0431904616649568,-0.0788235704654467,-0.052044579259488,-0.369633967509821,-0.0819331581865982,0.139290607168964,0.186124003269014,0.469625597758542,0.0416335116075843,0.164316834870442,0.0951742897489786,0.00495545514284784,0.139095018727481,0.28260005807674,0.154123746998464,0.0129582580774514,0.127852144182322,-0.115443873016614,0.249221590128263,0.0389386268804761,0.235857194876932,0.180437083168849,0.148137565064013,0.0392668652490521,0.171408897478078,-0.0942938672349924,0.058057506539893,-0.00701614979776585,-0.0574247764557707,0.0408565272340044,0.354259652277197,0.170570107655713,0.247126699860518,0.236948443244619,-0.16111932962504,-0.238751742927276,0.0243679637579893,0.385275035187719,0.349671860658443,0.102520854991939,0.0916890836805805,-0.0477893846572653,-0.195982257692361,0.10296193423142,-0.1276828708037,0.116062557186662,-0.0930908771216948,0.296823093827843,0.350370879211604,0.490593657582093,0.0632582636596346,-0.141181060619197,0.133133509518338,0.122295300295267,0.432134757089784,0.117086066072348,0.180323337510473,0.244507761413703,0.238690732784367,0.365134442662152,0.254672157607424,0.342776984993277,0.243001067146271,0.0416099255366311,0.0940779309150265,-0.142790595474184,0.113146482624696,0.176935832812763,-0.159577756026287,0.649413672902597,0.015304700120215,0.0583870634016596,0.14599824079047,0.099105327143006,0.0518764475122619,-0.0388196114767993,0.038165190045079,0.050181038740649,0.120304056186524,0.238086527852939,0.0355625296889008,0.115757107478857,0.0687080931012499,-0.064133864886998,0.118158856535307,0.129867930769677,-0.0719816507824965,-0.061111549975814,-0.11055412235629,-0.21622211904083,-0.243271391068426,-0.226125876744662,0.155272116046432,-0.146171410290174,-0.0790361957607046,-0.0892326803295181,-0.0873884761872557,-0.145134344163552,-0.317701797461646,0.0571911518853548,0.164806434836288,-0.117524947817119,-0.232423947955683,0.246114251595993,0.0618240148370801,-0.000492579517376748,-0.140964021093209,-0.0827316877263396,-0.356644515105746,-0.260039289040983,-0.159284983926371,-0.111507585579917,-0.140623462597063,0.0219730357162147,-0.296755140419188,0.0927649898747954,-0.0325269701488263,-0.025056014964646,-0.000846797177122045,0.158581324965466,-0.140920657525387,0.049316231449059,0.11810079647086,0.266439136071473,0.149682288970569,0.362151249450198,0.0922576399163429,-0.0907100425387737,0.102693861276972,-0.264218039301799,-0.0959179261880651,-0.00103242177226004,0.219107773319727,0.0128988232543122,-0.182885505501232,-0.12448558950372,-0.0202533923562243,0.0659405697014327,-0.0473681172086044,-0.240505281495017,-0.0476701744540989,-0.356115845090401,0.100888490629582,0.198751235354031,-0.22806097997978,0.383377028088915,0.442565032719514,0.23721638247671,0.350667545714861,-0.0198981973524789,0.107594877013611,0.156682583867905,0.0841148012298554,0.220460497299685,0.218179638658391,0.203471684392077,0.455302352151755,-0.0783098317078322,0.107817035968152,-0.0267896155473878,0.157691931177093,-0.00903175386622067,0.10626845605921,0.00226515509090722,-0.0590172105105293,0.0376573643275261,-0.100114658536045,0.269115440409615,-0.0711823260921996,-0.0567631305663668,-0.0873908756218526
0.0301208137315261,0.260646816042297,0.688764251485671,-0.362616323054166,0.0924551923941841,0.0347845589709501,0.126181967281205,0.446156106633274,0.288268170731281,0.438199839120865,-0.0249547735764323,0.101012260305496,0.266883574258522,0.149256489155475,-0.0250222711354582,0.0861247222453286,0.417325124386528,0.0915069500419445,0.16612279154097,0.359299062643258,0.362107503054104,0.359861725012792,-0.113558722161819,-0.246921197375943,-0.0707183876177998,-0.211938491515342,0.198499562931435,-0.0200243486369733,-0.240334894461251,0.136952134423698,0.324742845179287,-0.0575735157407013,0.0560835717018597,0.381114438921544,0.0935326767449258,0.152125975939803,0.19591965466689,0.302067240643827,-0.0124549471639343,0.00985512127309197,0.229829387950113,0.4081103963714,0.120885869554497,-0.0780588467041232,0.348547819855753,0.0730448753720161,0.270272958042529,0.117872269015074,0.543789113426334,0.319258892653026,0.014304969827282,-0.104797603316251,0.54648317599279,0.260974036247732,0.290249212324802,0.398556562642298,0.472216733356536,0.337736666594567,0.0709664701570152,0.193126784100127,0.151074227644864,0.150014199203324,0.0915054619724551,0.147082899017298,0.525795747103526,0.809811345202227,0.417939925847957,0.694190296416296,0.326829005232789,0.424314658960815,0.251640967025467,-0.0445165732324969,0.320722305434802,-0.207927591150787,-0.260421150388471,0.258107793168862,0.309036440412335,0.120245192878831,-0.306741615132506,-0.0800132232567767,0.57236313253147,0.367392772139936,0.0125684711501628,0.058487100163894,-0.157270547625093,-0.120745491223421,0.239562173923585,0.219051138586614,0.14818007029088,0.23211590201552,0.197052745183594,0.163441766712998,0.337360115433332,0.0256792689389068,-0.0204504423326459,-0.0220006236316372,-0.0302630523375476,0.0666390121180402,0.26875692229675,0.168907863133665,NA,0.0899473438015376,0.62278916935998,0.520646049840565,0.410834470954005,0.178806535630411,-0.182765979302054,-0.330085732691524,-0.0691151639916341,0.124585857283778,0.552842792848712,0.0957104958184292,0.127963848613815,0.135287611831874,-0.124402604775504,-0.305398315440762,-0.16925929593416,-0.29094790232456,0.0243727596323481,0.00341298251109332,-0.106194033375872,0.077553959275114,0.152964300749723,0.0701021512671956,-0.243273802828681,-0.188831774585329,0.149426930527634,-0.107573601737057,0.237583427005611,-0.0213128046243512,0.487407616956448,0.359722530950414,-0.146377162889721,0.267734540453843,0.172497157654005,0.294469610967396,0.22020753816783,0.136712565146367,0.437951826427189,-0.220550083068998,0.0913569618798689,-0.0782975782294824,-0.0267050854929869,0.0360356303505182,-0.0519230625400434,-0.0613376745090828,-0.304044729507241,0.197494890312127,0.0165436699680331,-0.121470720632903,0.0235046089343825,-0.18252644980888,0.452459262941054,-0.00609832570508713,0.263387431102014,-0.136302651514327,-0.112491991126306,-0.297083576816701,-0.0766168400566744,0.453246985345607,0.440275008434402,0.0888265563746913,0.206099474344685,0.645174893282252,-0.324116505805907,0.324881886184285,-0.0327207294330993,0.0270387022394451,0.0739927145659891,-0.217044580542559,0.387315040127055,0.0985412229564648,-0.0396991863456442,0.202547723209694,0.212299852610623,0.310967178123081,0.431576866425613,0.168427934701465,0.323823859042746,0.276964826259465,-0.120485594649426,-0.336018130786526,-0.186745366056571,-0.306459835000384,0.172530843918987,-0.0607659481795266,0.300637225981123,0.16283892643141,0.457097103318276,0.110032256401063,-0.105051724430609,-0.20214002043624,0.114292634509815,0.031140052883203,0.0740393160586088,0.121656356682852,0.558127087291725,0.152273403148703,-0.0316681478497237,-0.166843489557745,0.343875682566132,0.333374635729988,0.183675843974305,0.115598515872179,0.0568195628311064,0.0502277368336382,0.152547460861999,-0.080095878900481,0.448140750747414,0.445918700849223,0.309096778800147,0.384871288033026,0.322238069165529,0.117915364884081,0.131982433576486,0.322844680638786,0.364395593944876,0.102761311662287,0.131022692636307,-0.0922740899364231,0.120683908465998,-0.0409858866569837,0.60578148237284,-0.00534181839996165,0.105140614550928,0.106511458925029,0.646656715446557,0.539901372005136,0.252948412570109,0.398497568501713,0.233806752418171,0.051958371179791,0.336191878765578,0.266155670301134,0.161816883790467,-0.194988821547745,-0.204966365098458,0.458947500878482,0.21812902553995,-0.160644625253959,-0.325318513332433,-0.158324260433625,-0.299661820107043,0.497990538771931,0.267468183659617,0.593216797837767,-0.302795799511593,0.112105558085111,-0.0268400352657276,-0.137700093309359,0.383924171633264,0.386265609569553,0.352517368374507,0.278723023256542,0.380694684362231,0.319907481955359,0.241626986707474,0.499795530690094,-0.0932293545131897,-0.185090539345818,-0.0409592769986695,0.238919987948924,-0.109768747456204,0.460955402498127,0.175227975650707,0.237702473809982,0.35628535252077,0.770877430115356,0.481617887105958,0.336835226733729,0.239382402062261,-0.0297806410951906,0.0845535653839042,0.198079040832408,0.125939793570896,0.10463065612131,-0.0618391236384007,0.0151737891270117,-0.0747419978642451,-0.435996954756679,-0.139901672831805,0.0897495434584301,-0.283783251828421,-0.172827261268005,-0.074379828979705,0.103440295132235,-0.228995409889818,-0.170542941121379,-0.00331627272113546,0.0534886158574911,0.00207999732127877,0.125381345186346,0.300747796452054,0.393665682367401,0.0562898109114217,-0.145760659637469,0.588180318622119,0.391736395761542,0.297018458123782,0.623654083899863,-0.101080431921956,0.0700597443251524,0.568714878980499,0.240780351062143,0.10774708687508,-0.112693845980455,0.298087676965513,0.297141069127937,-0.0179514419894182,0.18496867370378,0.17382402147913,0.190601191089884,-0.0914129546913092,0.284989914002889,-0.201223240170898,-0.172517374268123,-0.242231213095971,0.109869156543307,-0.0491445210761857,-0.0375389677546868,-0.154891360734361,-0.22718201683333,-0.0316162370898119,-0.346078706911849,-0.107757018504856,-0.207366198929156,-0.0241988131448769,-0.174967243895228,0.162521851185032,0.233496134297672,-0.0756762079445663,0.0247288048625402,-0.0423561062653386,-0.291866990597343,-0.237556843559652,-0.244492495974284,-0.125924921333765,-0.0181453287073226,0.0175521768678469,-0.13205482198037,0.216679385575732,0.206632308299977,0.25742040481641,-0.0754667171537994,0.367503887785521,0.158800806587847,0.00251919399300997,0.140329972664513,-0.0528022271621923,-0.0274194048112586,-0.241785360681736,-0.188651852820094,-0.020013940657846,0.0398387078133257,0.372740346814655,0.208066176759091,0.389539706305137,0.488184673804909,-0.162313018341299,-0.207219426954621,0.437189689727181,0.0557491162206737,-0.0032812923627565,-0.0232106284098292,-0.22789270766966,-0.1747264447794,-0.0589656928685996,-0.142485569512302,0.183707867479211,0.275949881417723,0.242981741326618,0.217606815647017,0.0980055586444081,0.105063750391868
0.00900095076278375,0.0362695865522365,0.293483689622562,-0.207850158614644,-0.163456953456543,0.0701031252459869,-0.10725907198747,0.196027755745483,0.146016560003052,0.356787147676293,0.217757501008146,-0.250586169766538,0.119181522196951,0.144858408864887,0.136234675312548,0.219433576072083,0.19702618899462,-0.0352097239956037,-0.0672079952707551,0.0141740798407087,-0.0652636329999996,0.098356732669243,-0.162669296405807,-0.0849277306730401,0.00866600429098538,-0.206895319179946,-0.0897310314019221,-0.160553777626905,-0.45212690783827,0.143356315174479,-0.047489247444645,-0.0682785927933838,0.0588043169621232,0.0883657032675924,0.170097724977825,0.114933281031639,-0.14383067561946,-0.0503401904709196,0.0264286301494843,0.0846276699501735,-0.15465746971515,0.223210610875521,0.177361316497805,0.0238432815929145,-0.0157854337362208,0.0910246525899468,-0.0508075276545117,-0.138046833613207,0.17881165893616,-0.0444711518883194,-0.0588655593330125,-0.0790508502028218,0.28756426998862,0.126814251328301,-0.00422294634980801,-0.192417219335519,0.0627171759461409,0.00974379466705747,-0.011471149369746,0.215843314169672,-0.0809875797577299,0.0729959723219295,0.0911174543259752,0.116896317064661,0.0641380679950373,0.19472145303396,-0.0427612019522388,0.176673488885143,0.0671975122904334,0.00903115915439814,0.328358851706925,0.377339850305754,0.389825254292566,-0.00614557613794677,-0.0244222990065679,0.115529040528707,0.324053341656734,-0.0497423996257471,0.0189628380692396,-0.284572773145531,0.0702515850598991,0.154138667747541,-0.116641355995082,-0.0509381553241102,0.115966980278876,0.0284914942055816,-0.214643442565167,-0.116336421235761,-0.0715578659271486,0.146275945882726,0.0837125764775196,-0.0378648582068441,-0.0598444804965582,-0.0526784856851725,-0.0110690936890957,0.0838055121128993,-0.256670034119154,-0.202868556400942,0.00389061126280549,-0.202219869720513,0.0899473438015376,NA,0.164833877898389,0.392418949014183,0.00484258079271628,0.119168913421999,-0.0695535865378809,0.0215607652008871,-0.0442481216920683,0.0579365635416808,0.186881139838434,-0.00434512422635418,-0.192725773260742,0.0437343189977182,-0.287990401303802,-0.0924690891903239,-0.142136580591464,-0.000918898274041098,0.0145321789769691,-0.106979652334954,-0.112928104295807,0.0663544198221583,0.0655111288004824,0.00820833540719183,-0.111850474042455,-0.0333353689019374,0.0747036771169237,0.0436055139375973,0.29795453026933,-0.0821427792207151,-0.0849307466270348,-0.105586622496628,0.0398004426798624,0.0574811041690277,0.138360038782703,-0.220336361340073,0.106673322125292,0.15003140910687,-0.228840696684474,-0.194384543035966,-0.185285476707839,-0.0201847888247142,-0.172751551222213,-0.126085775935227,0.104570448340749,0.118729027626958,-0.0579106850217655,0.0326735353646408,0.0396468121026624,-0.0314201164704645,0.102198252935998,-0.383808677553444,-0.0662123858751032,-0.11203288518878,0.00395307439833069,0.147250768822192,0.0352579939248659,-0.360066245412261,0.00177051122822896,0.146943896190679,0.0944429777417374,-0.00633114353448535,0.0201307201167259,0.466218184702889,-0.156126867546545,-0.100500708028831,0.043143375928697,0.0447474829003543,0.0293515755020805,-0.12764955820695,0.468900950642064,0.179554856296387,-0.398362895956379,-0.168924650868095,0.146505012612842,0.288439359143409,0.11866691080147,-0.188343270039753,-0.372506674836055,-0.0165639404917764,-0.327095858311304,-0.299844683303923,-0.136667283935372,-0.240028991900665,0.0798527414735577,-0.224467159000761,0.0779865921682984,-0.0334943043736863,0.0328828592938087,0.0790494404184059,0.218526541805262,-0.0293213544755708,0.16752261173364,-0.154801022399035,-0.137135441231897,0.0612324949050389,0.224161249430166,-0.101688387634111,-0.0895789351837856,-0.07364317969892,0.0172263878132434,0.0188435238068693,-0.218726810486662,-0.0477089057381774,-0.00847407045382243,0.0401210077109085,0.287480177860641,0.0420702803083754,0.0191688362534654,-0.105631211945401,-0.282687076095422,0.25871322263359,-0.169066650832246,-0.194167026281016,0.166673356490546,0.00998158300189891,-0.0323388464506723,-0.0498362968311618,0.12328875036024,0.0183016673568151,0.0459396703023143,-0.00125507304338573,0.227454654693498,0.0267684669283936,0.0147047445124315,0.0933724118871799,0.103831221917179,0.134116229942115,0.114461261545632,0.304352369590996,0.301358638571472,0.00774184765422115,0.199912342401089,0.061034572886181,0.342124376432231,0.02770194455467,0.1126149087724,0.245563920982966,0.282759426707201,0.189967553054096,0.0794972199634477,0.0650218257876612,-0.160303221394906,0.21980398970154,0.183805628299432,0.163102659878863,-0.0147891949233419,0.240647487054387,0.16503534118704,0.0846821360354769,-0.10454963112677,-0.153920165408933,-0.201256950040127,-0.140588938880256,0.0841483613275564,-0.00723995140723632,-0.010516460727573,-0.221339326086681,-0.117192216901853,0.0857878410944042,0.0497838945697452,0.152047119046275,-0.307176229531481,-0.0557497204499556,-0.277539891372137,0.0452359983720818,0.183980263535373,0.370844327837353,0.564575857821292,0.164845756631701,0.286003867693456,0.211963755495419,-0.174405991486554,0.368304224519249,0.213966793783365,0.0926985718338147,0.20551073685221,0.270458269038735,-0.0686737732114731,-0.00646462868108684,0.141101585026523,0.185623483203606,-0.111527675544556,-0.156739363315872,-0.11184743877126,0.0564269190501165,0.0638042005816735,-0.0850245880775669,0.116086579938449,0.0164356994372459,-0.0140733922409706,0.189289881600111,0.0624916331891398,0.0228371261117723,-0.00468197001778935,-0.126000628705016,0.16670289508078,-0.0703710089646181,-0.0205956353035347,0.221648306360573,0.102593936595563,0.105906873854321,0.0693268100823695,-0.0144939707633797,0.174345966252393,0.148099382160742,-0.0326622088357303,-0.00208634074692778,-0.218263428532308,-0.0407031617962682,-0.0309503792581257,0.159510562778521,-0.129430522210221,-0.155861317235308,-0.0400060276193827,-0.148027179758027,-0.172185962522564,0.150339833636683,0.0492885917011636,0.243763830652477,0.140380327519937,0.0838794355229493,-0.00543383747489449,-0.0685585578376363,0.039680478259634,-0.201799654995956,-0.0223299221009295,0.033697124525488,-0.363973329219139,0.140007487608856,-0.0679578513944164,-0.076933895735077,0.348481008813973,-0.267285894287036,-0.243442477687405,-0.224729306235467,-0.0790124895457051,0.0282019099058731,-0.103730474401101,-0.00441254190257805,0.134356679774769,0.00275168438217639,0.215104531280651,-0.145865465644785,0.302298913694185,-0.135167290959543,-0.123394687329199,0.0332047807353618,0.00653934783544665,-0.004778173332761,0.0799574160431916,0.0777266809052027,-0.20976321305708,-0.155939249699299,-0.0536344791492614,0.108162782379389,0.210001155425014,0.200505425372224,-0.111470166217596,0.0530172829060578,0.0785520561527881,0.103721066225509,0.151016014877515,0.0282087110925177,0.00985508112458994,-0.0530635731135793,-0.235005670304455,-0.202170220437191,-0.170522912796462,0.320543915117475,0.0509887627994654,0.104884304851536,-0.13389623305006,-0.147453252606536
-0.322553961732398,0.358135846361822,0.427416393886193,-0.181258274284168,0.0370007219884764,-0.0741943812627023,0.11743035208301,0.529668781389464,-0.0214789800730281,0.531539149447981,0.109792952103082,0.0716041326835003,0.172612543927023,0.0742944663668569,-0.19215367868721,0.10633724308165,0.428209050300298,-0.18209039306028,0.25246105372304,0.222016237656947,0.763836157998148,0.524658170299196,0.070393495224985,-0.316280798018555,-0.0219213996812582,-0.318066245205286,0.59800894777921,0.338456588533367,-0.231242761942409,0.477987935635514,0.346804578143083,0.108006130490791,-0.0302575335218547,0.762548636698926,0.1871804830067,0.23634416442442,0.542368635688305,0.319141445571545,0.314482611868424,0.274916532616313,0.536277873786548,0.481993269034582,0.147558204164594,-0.220383862622795,0.0705114703879865,0.330658227558037,0.319947994736868,0.434258643825978,0.925903351062372,0.538540799635957,-0.0310966082941355,-0.0540497088721613,0.241560965033538,0.272328582562263,0.452143436579463,0.443295940274574,0.731197191729741,0.39731227398546,-0.0312448827886441,0.241159829986347,-0.0121961611313121,0.0546353316236994,0.53464772296296,0.439468891796769,0.221521465655984,0.6666769307771,0.443094947384169,0.621019634047029,0.331025723176566,0.245926254329077,0.265221958407239,0.0975272791205718,0.324077914160573,-0.0402964704136132,-0.310729589840133,0.550674468537685,0.377561327069711,-0.0247867105575356,-0.222479157599255,-0.0997958197496694,0.634552142349388,0.630857845000535,0.160683574830772,0.246255171140729,-0.351887864342804,-0.348428132683188,0.279218945447182,0.0794805999091557,0.00443848843241625,0.308221447776324,0.319505863163101,0.128137706382622,0.397270831085183,-0.29378132671888,-0.384028135769558,-0.391978607839929,-0.202007394878799,-0.135695147341679,0.293099235638895,-0.00453526749365767,0.62278916935998,0.164833877898389,NA,0.688104755760925,0.870684728829693,0.386229268105716,-0.292035629154492,-0.068283274198591,-0.112989080646701,0.164206510398704,0.845488454852441,0.348645270276037,-0.0457312701378581,-0.0960654236998659,-0.249286538155048,-0.379088172426946,-0.156823377622626,-0.211375726859118,-0.166517466211047,-0.0774710608676103,-0.274992139984272,-0.258837828105602,0.0961051800186927,-0.0689249310237556,-0.166823448972011,-0.028958884268816,0.167388087057772,-0.12504207066154,0.168846393164908,0.0408957943016669,0.411291192751024,0.293548110047766,-0.149732409830642,0.205363971161199,0.153454465381721,0.19167815670402,0.297916310831662,0.0759590384696845,0.157615242945021,-0.364516543232187,-0.191732852310129,-0.0216659567812534,0.00761423297301527,-0.177212761375261,-0.118228691021241,-0.193017263865198,-0.249414158570187,-0.158919442548322,-0.0399533011528446,-0.207622190565086,-0.331895325244515,-0.157904812805227,0.45970197237877,-0.376007228647658,0.410427592025745,-0.358777167539322,-0.358154023238739,-0.336204983689306,0.0917976758454224,0.769909732878199,0.339423358901478,-0.314163485571323,0.51841903524681,0.404088748528868,-0.434255683543638,0.324306535357804,-0.0658706297850339,0.261376969034055,0.25317423057691,-0.448265195943785,0.457903107163745,0.150658099001164,-0.0882733526489083,-0.195182979075783,0.130764249445084,0.298508187019494,0.428370901060419,0.0983743411656793,-0.0505021758570072,1.00417243744774,0.218820991053292,-0.320488601415678,-0.133417600109173,-0.374718755504679,0.543937171260627,-0.178023364211269,0.45488964455612,0.518982938792138,0.447681266236386,0.263269106302166,-0.0709533505507605,-0.0254489027976338,0.145671805540111,0.0451192400510124,0.0340168558096757,0.558117044565892,0.60722095053768,0.258981034313236,-0.218815134972362,-0.610473632498307,0.188135360737984,0.586791117391505,0.279467964538091,0.164033665161217,0.174118559991766,0.356626812924859,0.500072038420352,-0.352912898467373,0.491315084598837,0.471469928515664,0.212769125602772,0.0339291329060359,0.24703371221697,0.236606152181322,0.301810612445042,0.198356545093621,0.360676842512876,-0.0769931791802577,0.453397361650492,-0.470477676240835,0.0556519222237192,-0.324261826572207,1.03808003940685,0.0730381450493861,-0.00119769622199223,0.0681219076786187,0.50644683121219,0.32228640732298,0.128400388549169,0.5249102053843,0.0340787425983064,0.0516955982147686,0.434674587067224,0.421030896462941,0.296489520833754,-0.122990020338458,-0.308183362835636,0.485570863488903,0.257677151961526,-0.10225971562966,-0.316870022643736,-0.317098198424772,-0.229416246632654,0.282448840034165,0.57662986636159,0.674112041611401,-0.192230938550783,0.500721640279892,0.20178119619178,0.223318968246516,0.550008232641421,0.358948456676269,0.082119706360416,0.371759217829718,0.538899112001619,0.283311064070038,0.183389504902159,0.280775709483968,-0.480170484568498,-0.368218838234994,-0.277273952424961,0.260567878605276,-0.177998299650677,0.420582470816867,0.0936714103724014,0.206734241241814,0.433344032679805,0.437026092026138,0.558785071766068,0.243866766311161,0.502406182135369,0.364848538965633,-0.104860236529349,0.586433267371554,0.431644743980218,-0.252595692898067,-0.154071195597692,-0.322640065660375,-0.358212839852432,-0.334679243000421,-0.319741074283659,0.244223005803389,-0.183571231474948,-0.0555100972064419,-0.121084989923797,0.0223899374749933,-0.256263224357669,-0.303046218530842,-0.289610139066953,-0.133793412073411,-0.062396776332226,0.169389840468998,0.408789456990466,0.100490218619109,-0.147466906765414,-0.331740563519333,0.357239425594637,0.303154596162634,0.31159797914474,0.273391266232211,0.237554196566098,0.0929500185801578,0.372029759235764,0.0838217328737496,0.223008622338689,0.236948591887461,0.171141353050739,0.270891507476888,0.0861291154317688,0.196545581412657,-0.11371510796239,0.0501283058131653,-0.328601144601933,0.282687870514356,-0.576361269707744,-0.238005471496128,0.0354640557306963,0.200637339256782,-0.622097844564615,-0.176488604562815,-0.382322569749777,-0.488617033730466,-0.397468472197817,-0.11836621855482,-0.394960842342309,-0.411064747275289,-0.396418172025299,-0.504803354471084,0.171584465552575,0.459764307833773,-0.1256816633445,0.0358512710521847,0.152999259392622,0.115924532360706,0.125052172949059,-0.0863950078423978,0.00119619823713229,-0.0485683896459878,-0.0242519674176722,-0.165807545965792,0.153533516679722,0.0806175311256599,0.0294984269675292,-0.195344150354448,0.22068310967615,0.17051232183619,0.0601030845818272,0.190382863945201,-0.27722270835586,-0.281472857933903,-0.399800247302153,-0.309649112879479,0.00643177384919489,-0.101401562079976,0.261578839769143,0.326706841405498,0.260372420491276,0.512831241169479,-0.450782794186874,-0.342129624136306,0.492158861957011,0.191525144621347,0.0149481001216398,-0.116446088576651,-0.0333496513078363,-0.154981977164917,-0.181903781568176,-0.0563944843758174,0.218550680133825,0.415980276627194,0.381823032633078,0.240897417017267,-0.0125881929201652,0.250441478121812
-0.571260908739768,0.432213937917866,0.475318655340334,-0.399774862852176,0.200626623957875,-0.24052950199371,0.0258348248249542,0.511959013238568,-0.141599297239751,0.379806964573971,0.126227638127576,-0.333868892405576,0.138150107354018,0.122243320417416,0.169362881270121,0.125968159676616,0.489018143413046,-0.14543016955457,-0.0438566914203253,0.27717980341354,0.346352450439413,0.609891518419902,0.0211733273924421,-0.30999877504737,-0.274867291880591,-0.667354957633647,0.248663723542007,0.0443970086085426,-0.199589842832008,0.384956262752645,0.191802739807959,0.133183546893653,0.123910270952861,0.537762905331408,0.205622018842923,0.260623017174628,0.203868446146017,0.299297878046367,0.311353477061283,0.379977784397463,0.542490777834663,0.398942759709441,0.155025694160064,-0.328150659752181,0.193225932370975,0.0197633426622448,0.12088087989939,0.29387491839871,0.597856268290801,0.586923598758156,0.135787654228755,-0.062771767982561,0.0996780168336979,0.698195825081021,0.54420704633848,0.687039033580388,0.379275513379601,0.567243830416061,-0.0826758968347833,0.524094862313236,-0.00377316096596548,-0.211724948096839,0.235299772033098,0.394169573727612,0.231914436296446,0.527928471366414,0.1065148804997,0.425223045098488,0.319843857043369,-0.00825060795590402,0.180290793521187,0.3532670727846,0.182762356886141,-0.103386659833283,-0.359501238903417,0.516813797824082,0.4292769760414,-0.0265570020647384,-0.237650067202798,-0.253052382829788,0.641243347763803,0.633621322820786,0.0966536905470265,0.0917440502674679,-0.201158198554358,-0.330662644637222,0.348304034055701,0.0921096406043131,-0.267654212589901,0.462744358762979,0.270747638429509,-0.0823573108859594,0.0870227229282764,-0.484763456564776,-0.592476414418376,-0.181170303041608,0.0711804157785469,-0.0420219724972968,0.306333279045504,0.0996501554476229,0.520646049840565,0.392418949014183,0.688104755760925,NA,0.506332709546092,0.617422021592579,-0.33484892359896,-0.220195182898343,-0.232011841790363,0.2745533868577,0.605490810724438,0.314132851098587,-0.172216675327594,-0.288232211628136,-0.309657548133281,-0.561123395936606,-0.251760387155692,-0.16946784828755,-0.146762194002473,-0.168723084761212,-0.192664809603636,-0.0987576400867714,0.0358868261169886,-0.308770282809628,-0.263369286606149,-0.162806572411509,-0.0673848469279455,-0.282760948316236,0.0370515867038806,-0.144241195323207,0.241558986541135,0.333881082859086,-0.172121241575777,0.111699111614806,0.128623282341351,-0.0525719232340446,0.330398210959358,0.226881949485862,0.230149842368122,-0.211927504134172,-0.129105076786551,-0.0739957383050676,-0.160201063752569,-0.291496239917258,-0.303644835500946,-0.316050075523374,-0.197383130582683,-0.225724200545417,-0.156713877033476,-0.404177678085723,-0.377344129205285,-0.359465871374522,0.333152731743993,-0.365573761095076,0.331596091001736,-0.416189017933652,-0.254942716835219,-0.176841950331386,-0.0658260518211031,0.54013788620089,0.305487133354032,-0.464923303810293,0.418766637768662,0.415166957737939,-0.536744624890477,0.294835702752866,0.0357250367899097,0.274848177062197,0.0124443745119552,-0.464961757565048,0.240993119938937,0.198208961939842,-0.439868642503558,-0.272871956009904,0.31355539995897,0.330641283397966,0.2348176063445,-0.125839871727594,-0.147071059347344,0.33551026159118,-0.00474092400308369,-0.391565656257372,-0.102709336412407,-0.514348972118761,0.323701637228019,-0.483069311734523,0.339959205644534,0.108489379218368,0.208192466719417,0.225375701768637,0.0319169135390886,-0.0886230397677679,0.0464968050019114,-0.137697705815354,-0.0395586823334033,0.423684951666301,0.503464020663657,0.585953532707548,-0.170443818188126,-0.313943926749543,0.0588454169376578,0.0915678077254822,0.45118398579036,0.266993118629042,0.0972872991380649,0.0197113119310068,0.513698646325854,-0.0101767873484379,0.459622552468472,0.647093961615571,0.37463114110881,-0.0236644410913976,0.106578541529697,-0.0827938256747642,0.612806559322092,0.225598601803071,0.466430531841727,0.0523350401068004,0.247599835398827,-0.456012648868913,-0.182005796868152,-0.466827680250755,0.829509643253082,-0.0149887817208633,-0.0921787219866413,0.0973781204590096,0.233501439848202,0.357485848461559,-0.0818379420876305,0.501589794290435,-0.0870668032564871,-0.0209462769334684,0.192711395560312,0.297883527226197,0.480562015032132,0.068198505875346,-0.168645931204262,0.506163724714008,0.324996494902855,-0.000531111715688421,-0.284432930701495,-0.11444121406218,-0.206204971888637,0.139827758421616,0.723108656152759,0.67810539151293,-0.141696851051205,0.328376314600258,0.125103325783567,0.214669742234899,0.574244633612837,0.364015942531873,-0.0176856526598284,0.105302983032242,0.505383664732418,0.276514827801946,0.0176771014000146,0.238023310150297,-0.441605593499358,-0.197778756357995,-0.138377371700693,0.388909766885526,-0.151662776630196,0.410632615642336,0.328601341438548,0.00730981626381491,0.231674787550087,0.398596833905351,0.608462403191268,0.344192262252612,0.508895085367683,0.200360520009821,0.139939448269505,0.523980181163322,0.486807066379181,-0.4175627308972,0.118403116274387,-0.192355497390827,-0.263594629560454,-0.316579403638124,-0.300754174675889,0.386013258321276,-0.0878314218170419,-0.061148084430512,-0.154835326375805,-0.00773913840844737,-0.286553570001427,-0.271112124783532,-0.280748503190752,-0.187985976875978,-0.206666139702089,-0.0108757102229043,0.27630883153411,0.140467653708439,-0.151396309746821,-0.0772058127890649,0.353876750842148,0.273680752272389,0.218900335071088,0.28967998266665,0.0989591779758534,0.112717239810049,0.225646145528644,0.175059782077017,0.179455890505146,0.245690413884915,0.267542885346126,0.269649297182803,-0.0829888457986191,0.0353266664280859,-0.276556388801737,0.189512293792974,-0.154407940883953,0.180773675452186,-0.519860328200945,-0.390422710573208,-0.174021860556444,0.394505662697203,-0.265535149940429,0.0424413004506025,-0.39131264329494,-0.463503595983406,-0.359488459043127,-0.356335483146217,-0.373151429018535,-0.384203752160101,-0.153407514882457,-0.257980709055253,0.0683169518287069,0.369723296379299,-0.41412702466522,-0.0271117113147262,0.144144822089532,-0.13443748838304,-0.0447560876308948,-0.163777340545449,-0.0752468210854835,0.308075475599523,0.269692879634638,0.101859896318399,0.293486096521261,0.10343653701588,-0.0120537400087168,-0.122385744984106,0.312394111447728,0.277534615105585,-0.0501433631014419,0.0537172249900742,-0.183680342249064,-0.220560908542354,-0.28903669707052,-0.406990620562884,-0.00209379518567777,-0.0694519432512606,0.368745645104555,0.344314886080105,0.55735470203919,0.586683429842141,-0.251293043541512,-0.308752792153562,0.405843919712801,0.183582192403499,-0.0283460331802997,-0.0680800739014661,-0.0607638524755522,0.00906739199079347,-0.133492032942466,-0.00593665490015778,0.341046793680212,0.577781581861272,0.402935417465054,0.513271366077299,0.0586533312567049,-0.0531732321796847
-0.547657081395466,0.213336055670642,0.32195330165551,-0.244015231225032,-0.0582131583924141,-0.0919518209008247,0.00280722291485528,0.148329508326128,-0.0423858795020113,0.191679669377836,-0.0732071852981039,0.0368820711659263,-0.189222616893414,-0.16299781857669,-0.0873869696716024,0.0877144869371507,0.261423805800474,-0.426383470998886,0.164331980982524,-0.0347559374488737,0.633153774105721,0.355884342076468,0.0513103370831792,-0.115736058713063,-0.0504043848530755,-0.340558165473004,0.459305919453095,0.292876374074221,-0.31402541864414,0.517168540225316,0.209052075192286,0.0787739171031251,-0.0803788615404115,0.586477859447189,0.0412449822925425,0.172294014403558,0.428800947698343,0.12841756144001,0.186308014744287,0.144511458865755,0.447319424117778,0.473840579351738,0.304015365472832,-0.29091821691304,-0.138899274663709,0.246143893817856,0.0452924290757941,0.255193813375556,0.647132817710014,0.396579090733156,0.247832184618857,0.260737789279145,0.194543651514849,0.421185335262766,0.479507426379178,0.313225765598453,0.358901675255592,0.297922231017294,-0.14414048199148,0.329608282792583,-0.115477297800824,-0.260906662358026,0.603208472571252,0.336946609789874,0.169182699358196,0.502986890126978,0.353194870998238,0.500787195833654,0.143211416615441,0.0405026832469304,0.155965892073972,0.1017712843091,0.103765835203556,0.164131047184626,-0.346445577080105,0.412588872504649,0.280657142103917,0.0437854679799647,-0.189864569816537,-0.108026436816361,0.593102456447825,0.544587677662425,0.126031632752773,0.223053919873899,-0.298656531295231,-0.34984669180012,0.212723732098403,-0.0124367411384922,-0.124767782362775,0.195130118689568,0.497779482438666,0.3288136830389,0.278545119022413,-0.148794731853236,-0.40510968921231,-0.119551401309553,-0.141589229585466,-0.190993896243213,0.00084146642613457,0.147863788322295,0.410834470954005,0.00484258079271628,0.870684728829693,0.506332709546092,NA,0.566358217512399,-0.212794832675018,0.0213848226182051,-0.0154291292633964,0.397178683685528,0.531540486398151,0.491117917887733,0.0484211371492871,-0.176448183318628,-0.112205228865838,-0.449513759333672,-0.194609762105666,-0.304967540630891,-0.236373174077997,-0.0330355098395509,-0.0790153807521183,-0.174474389870116,0.178554960144156,-0.125387532810255,-0.214838891796037,-0.291073276532832,-0.189303934698489,-0.126663737993647,-0.0921930876702244,-0.227762758788484,0.178041022163095,0.0713968061347668,0.0724676743527853,0.151349160147771,0.180461017234535,-0.0840921840300073,0.0661476428954929,0.0615401763261974,0.00794712047347016,-0.0931131437100419,-0.107235958506893,-0.231709017857343,-0.314325926338872,-0.450401036740483,-0.309093568283852,-0.384990407792217,-0.241961307667267,-0.193521100594784,-0.100711051312159,-0.372735740652805,-0.310999293877261,-0.33202700866766,0.38254673423687,-0.398334733660262,0.49141626649063,-0.178488531702169,-0.248507753418795,-0.235516774754294,-0.0917734850527002,0.571854225125388,0.210365836363679,-0.38869642729511,0.385007964323148,0.276230560929022,-0.449744132309056,0.148157323112191,0.0438304690260855,0.451463338240928,0.044040114045486,-0.180795707135414,0.071999897990261,0.0265770411725445,-0.080828464110309,-0.424962929750009,0.12284178500503,0.0563419340859237,0.120038615216348,-0.0448538003077005,-0.0288167324478161,0.727739223237937,0.247045611248082,-0.216774730568678,-0.0202237777009308,-0.392613058791646,0.461562103496652,-0.269777204113139,0.318109226014007,0.58271128681695,0.384542265767507,0.115562888655827,-0.169776455804653,-0.21623722845269,-0.0129091837602516,-0.0777505921750426,0.0572957517304211,0.506980770453112,0.45623114023101,0.154162986209159,-0.0428143350628384,-0.386161389382901,0.0182429509111215,0.429536564096829,0.101872795329263,0.0593584073294983,-0.0510624944909202,0.12950750629375,0.410292346106776,-0.188138144040296,0.216625485327341,0.376521651998884,0.20457201755376,0.0142843589415994,0.104428323721617,0.0474406722347013,0.0329227410005291,0.0375035747873182,0.296780418008866,-0.0885873154528375,0.473632068587642,-0.405189058815393,-0.162057225992748,-0.271948019395193,0.840071493575399,0.0357599785645727,-0.0606797394664179,-0.038721299053455,0.315637996412522,0.0571264202809022,-0.132160240051299,0.389808100269743,-0.0902668216697832,-0.215067280647707,0.335629593806911,0.342053757122704,0.29248393114559,0.143515797861676,-0.27868413483547,0.172847183056165,0.110754976111549,0.0370308571503133,-0.199368441007161,-0.197259410880973,-0.0657565800756434,0.195022493480292,0.528575241316003,0.356097117800046,-0.169304878045034,0.343278581296694,0.0628837387233192,0.241472486595929,0.370111909354968,0.295943003773608,0.0882461372526709,0.310980307452578,0.427238489416006,0.16419301938201,0.1789062359736,0.229264582095758,-0.321581560729991,-0.13419896151031,-0.1108669900589,0.281915956175384,-0.120171625932157,0.106377544114751,0.0785086079696077,0.318986067770143,-0.0010546670199815,0.276517293128306,0.238338219049787,0.0950328009954665,0.42195541678302,0.501235149621329,0.147987288333095,0.352223374546126,0.322337895052426,-0.491623958946689,0.0714534508046891,-0.407690602761139,-0.478097230502235,-0.252896493902547,-0.468683204201087,0.385630103495293,0.0142131672651703,0.0827558010889406,0.0939327524531934,-0.143423641284965,-0.344126812200691,-0.296933218272199,-0.195173568410418,-0.544917452892049,-0.174286668280534,-0.154346657847404,0.0931533413249306,-0.178159510237153,-0.167548976302356,-0.396567128406071,0.199105538541791,0.0792941085350749,0.0279411508302484,0.190039199918416,0.128655302355862,-0.0604242950998755,0.355015216087792,0.0452036021557009,0.319211396571647,0.150323893259594,0.0826656385675604,0.188009426729576,0.107713587309002,0.204605777122086,-0.187827333791463,0.0135826910538627,-0.345961004922446,0.212982903324153,-0.542669378078081,-0.321059643946621,0.00748910808450463,0.205533479071614,-0.477898644272834,-0.0111403625000005,-0.380979535479943,-0.717717892507467,-0.502441379697541,-0.306824578810901,-0.46430556586435,-0.270008096570228,-0.200653156396775,-0.362167255230048,0.153844506325608,0.35494236353318,-0.389361620766804,-0.117301420411863,-0.073554454010976,0.150761065533479,0.262069910565075,-0.0704265111074635,-0.0315729281403952,0.0920756951042671,0.0988506507293216,-0.062766422834442,0.406868020374644,-0.223320694829935,-0.38911677951099,-0.0218289176815811,-0.00117662745575789,0.0930713084657647,0.167822098360872,0.0210685414861683,-0.170207970012495,-0.21122210876539,-0.182802743467406,-0.250999094596094,0.00338478983911725,-0.045058338207921,0.070909486109057,0.145966416265825,0.161648529145747,0.447532247696916,-0.109879553936217,-0.2158889010693,0.490160200616147,0.249566425504187,-0.187494436105439,-0.138749278188821,0.124952932301101,-0.0710924811441589,-0.251407334470791,-0.195460556981245,0.23214166657529,0.303582355537802,0.446583598468388,0.446954445590886,0.117929579013684,0.214418604236309
-0.712216047778146,0.0454859859603085,0.275516009052093,-0.186651451124446,0.451190483297107,-0.104678495013484,0.417458511745242,0.200451916652023,0.0661810617834152,0.00856678644564192,0.12066378426173,-0.205102853100096,-0.0192139416793979,0.0275617475002518,0.497495281402098,0.0264811180067477,0.36799599389359,-0.226770057096093,-0.0280672699891812,0.0291516841631846,0.155520995591989,0.447319660669161,0.345003141355207,0.313072142621643,-0.00902203004057522,-0.36174750317475,0.235205353727903,0.244772701404635,-0.09900352383164,0.388523933740754,-0.0382707765234706,-0.105153325809924,0.025765322447021,0.351155698973994,-0.125574647253775,0.0259844515879003,0.0367073185808823,-0.0989066237044365,0.158571371939327,0.540353335830113,0.428886942652731,0.376512680770847,0.77470800242083,-0.25805257955156,0.00141981457642716,0.0655949963611833,-0.0267288308559124,0.0912749667940277,0.456880135741007,0.0818054310544122,0.813269720202734,0.645432194476237,-0.126022992271868,0.358267383204545,0.382201138786503,0.349844063984994,-0.141266800730616,0.261032420329703,-0.133101369862569,0.360116826084197,0.00601364420551933,-0.384375594268467,0.510365560183218,0.392364776972821,0.152808319469833,0.239641468478373,-0.116713648085978,-0.012203322648707,0.0604568138862666,-0.233232377570617,0.0857137334162251,0.12822683010358,0.195959519903133,0.335629662206263,-0.0215951110207447,0.194259285660451,-0.0117162534102892,0.439958130821215,0.040082837790447,0.0531646730287262,0.419097082995831,0.60896633997551,0.395553333341556,0.364987233422867,0.00772394387316321,-0.053942192627152,0.33568441079908,0.374626826968386,-0.359677587167618,0.0600873756629825,0.466711382226715,0.267366593544389,0.0872620463337945,-0.289558305572057,-0.357688230797389,0.203683032992724,0.299187074917094,0.27563258103876,0.11640967666715,0.310415405571657,0.178806535630411,0.119168913421999,0.386229268105716,0.617422021592579,0.566358217512399,NA,0.0723657778186965,0.123583615645658,0.31477939100468,0.925541063633544,0.399031030355566,0.62287355038005,0.0664749472039393,-0.351507938992757,-0.128968500161009,-0.400925696275721,-0.217878246392236,-0.140960167630579,0.140736398685146,0.211012464131889,0.30816157898241,0.281641263613675,0.290328767715647,-0.431870509156931,-0.0702263719752997,-0.191840820512184,-0.414936096266365,-0.455760239512461,-0.159179298546922,-0.367090685431876,0.0901348312525614,0.196353301891826,0.0262688587888283,-0.125786568868091,0.125855618339927,-0.16310671276645,0.404404443439194,0.377867095140063,0.154571882116762,0.24274733861249,0.316020509179775,-0.274436328142911,-0.296020869974868,-0.399343785253418,-0.419814613904706,-0.407187629331306,0.176874118324619,-0.313591082805409,-0.136511365169291,-0.393642483800216,-0.279446973649858,-0.218406499915138,0.375745792599288,-0.158665765300754,0.699614102223497,0.0278074923975253,0.155168873437928,0.109734070662933,0.0499114285515594,0.389713215879658,-0.00735502746751688,-0.737634219324817,0.105864819418801,0.166873308081407,-0.450966565882941,0.361713291049445,0.274250182427445,0.530514201996726,-0.154886838063708,-0.262054695323405,-0.168017236658751,-0.0421011612882678,-0.263566518960515,-0.405842244295461,0.428738803396579,0.110003418883901,0.0392300969351943,-0.272928315229128,0.0815759551460541,0.137636654911907,0.206921713021316,0.0835624270602766,0.229903375614895,-0.330627012313201,0.151122586115732,-0.445734223218717,0.439263862582808,0.239663913615459,-0.114452490379585,-0.0471787851497986,-0.120880949179269,0.12859662593472,-0.298268179480852,-0.160126262014305,-0.22689067743638,0.355182272787149,0.340077976352395,0.448185436070246,0.0603062610897051,0.0277821451733477,-0.0456245651504428,0.0184426936709237,0.182051804494621,0.338044860014899,-0.174214406916701,-0.0819585927397647,0.437698692997017,0.136405899372399,0.0454378769652168,0.321082523751691,0.24264834988004,-0.271760156896112,-0.157761879253044,-0.361613346522003,0.235012488947511,-0.0520273726133186,0.0561299451145972,-0.207975004868398,0.354878147812952,-0.381033370682314,-0.412060932593198,-0.215565088277103,0.231657342858648,0.0257401304404493,-0.208130547211878,-0.00557987345009541,0.048288145352386,0.223588725753393,-0.213327777585899,0.22887972365889,-0.185882475716489,-0.311708719584383,0.0377281462493496,0.19228658933708,0.48941229791005,0.497370854609596,0.0300700049589685,-0.0595222473336424,-0.00254795305234853,0.252884259219038,0.0174469986991036,0.119647856188971,0.0750094838402979,-0.194113222903266,0.371627732765463,0.218979764469872,0.199526854530651,0.309722219637085,0.0195681857184826,0.370427613326571,0.418875734585802,0.246372279620293,0.0910732076625093,0.11815572773306,0.138247288839757,0.372177016251073,-0.0142054832163179,0.154680476409524,-0.246644215678996,0.264564145105237,0.219426849736513,0.395810947271119,0.238202848078609,0.0203896959864499,0.182322162869707,-0.148137166437254,-0.210396234814034,0.161895474900896,0.168000635261366,-0.00878743701500444,0.919720861699354,0.353342864027708,0.475561005970861,0.378868878007482,0.434929613060071,-0.487294269162699,0.383413435238495,-0.506609333127495,-0.315871419334862,0.0983056128268549,-0.216144655053082,0.426894715039556,0.157483155650814,0.201255961829599,-0.0451753855066939,-0.236050370656056,-0.187558771277858,-0.266242207718504,-0.219276477525028,-0.613188766212726,-0.435181267436933,-0.396534796130745,0.103750538944528,-0.244024063406774,-0.402367353761623,0.0218062697899152,0.0414051357812105,0.174749906988845,0.0467379467540683,-0.0534584398640164,0.244280713265111,-0.41599690350529,0.184105139367826,0.0707974107086,0.180934804423233,0.196270261172254,0.425398591237529,0.307023448009078,0.198927937324167,0.125799388630335,-0.365500707189169,0.00197795265239731,-0.0730475457469407,0.277105665055392,-0.571650530300755,-0.744360404353627,-0.194524717812804,0.556955460994737,-0.244874579410125,0.229694482968582,-0.492390603418805,-0.640958836533952,-0.411680686484564,-0.503969709957581,-0.487140686582555,-0.0940004505666488,0.145048225840876,0.0805485232931814,-0.109770114832637,0.312478205422896,-0.441233442816801,0.021215922022564,0.0137657918935679,0.0922804686566868,0.187099934637801,0.210221931606698,0.161568043439917,0.44095025659002,0.359538891057415,0.0545327391847511,0.309263900949341,-0.224085331958697,-0.322939302068178,-0.118529761079774,0.0954614317881859,0.509849532848014,0.372851168618009,0.0297191103573897,-0.0593155607579704,-0.151259472627247,-0.254205827752642,-0.268107134155893,0.205805954271185,0.0182217676214748,0.0994348794227427,0.114913337168369,0.486140782101846,0.635532149747624,-0.0790869528840355,0.0570542071586529,0.230247091054432,0.29378634746028,-0.184912036611496,-0.134820546709597,0.208123638190705,0.234488871159343,-0.0901075674864757,0.0244972641273637,0.0579935929215442,0.162484799691636,0.425228528414502,0.589302518692654,0.117420666587014,0.100322642852664
0.26988757945588,-0.237478049412677,-0.0472616712394087,0.626388270536091,-0.0193391674435265,0.55121991035002,-0.0654794399294491,-0.145494618311818,0.584227460978287,-0.098589117765857,-0.0248572967783223,-0.183577465656068,0.0681845448732892,0.175686078774007,0.0604750217676684,0.137585921618755,-0.00718412722993627,-0.121439813316037,-0.0545416358857959,0.023671973311394,-0.293666274039669,-0.0682269145599793,0.548322241835971,1.06532057228451,0.823989027668843,0.324763673500625,-0.0321406268136464,-0.140561437231513,0.109880366829918,-0.0415763557663219,0.0970578376395285,0.185881863296273,0.389212559274854,-0.189783403922831,0.159520426397809,0.169853287918512,0.0533402352490778,-0.0951434242851897,0.0974408629915545,-0.183269183127012,-0.194634669742894,-0.208427185416682,0.406557681230512,0.683863046596391,0.0686139291696271,0.214125612161258,0.11369946679672,-0.419624095466458,-0.268894829655932,-0.33707767995781,0.421193399006771,0.445369314488728,-0.000985032490338702,-0.299175197959667,-0.216711039393669,-0.369621457921157,-0.328682869686237,-0.160984568939149,0.0934073132454967,-0.023320093127255,0.156344490477765,0.322772975957751,-0.00467446473719576,0.117062624430083,-0.0176874525873592,-0.179691948934375,-0.0848689232546054,-0.151079111432068,-0.00805283980719017,0.0356889591050573,-0.138924244841338,-0.305407526948896,-0.154395418751588,0.550634246643467,1.23704617407171,-0.51874149826687,-0.1237372930306,0.800342764019138,0.615440812522776,0.469620932186269,-0.259803681804492,-0.34852418346498,-0.152446763048316,0.0648572138518628,0.613057511523125,1.02838269347054,-0.138676589089546,0.283509070558803,-0.14238570300986,-0.0669352432056013,-0.283331620409814,-0.0383437762980774,-0.164424788961653,0.468520952242511,0.486425755102057,0.585615845293069,-0.000831262788188667,0.100287365874028,-0.0231576940873374,0.285545843210308,-0.182765979302054,-0.0695535865378809,-0.292035629154492,-0.33484892359896,-0.212794832675018,0.0723657778186965,NA,0.501334341515573,0.709116925783086,-0.0502032557623981,-0.20213957364492,0.435528314510388,0.733414297347917,0.418097087224389,0.175623159850581,0.276330071442354,0.191310777590109,0.206699828340514,0.493456335548433,0.312845946427081,0.277482128586888,0.491170811362124,0.464871955494958,0.164582017913422,0.180012352764269,0.247085475789854,0.121511783792988,0.192108153323411,-0.230614277494246,-0.291621687874995,-0.135049934935289,-0.0159172888191846,-0.13675611909804,-0.127726372536154,-0.295019964190166,-0.0272302885907954,0.0293823172078865,-0.0435659921607607,-0.177450391082408,0.145132430228709,0.0805273393010135,-0.0501674245397211,-0.033139877621644,-0.166235658176661,0.538822968948276,0.646759626539599,0.577031080804726,0.508979779218321,0.776638281715663,0.503439819083437,0.569823945393673,0.0429250359369386,-0.232306111802807,0.256594917059454,-0.246982469209096,0.751200075142917,0.982588150710049,0.557494498725082,0.00306867216567504,0.0979986527625683,-0.0963145349027434,-0.160823788173602,-0.147273663253604,-0.0408826678474007,0.553395850880872,-0.0666929089137432,-0.0367040321755368,-0.0930424084539048,0.163218281859731,0.378796537856895,-0.17022934627716,-0.229254196060873,-0.339784590007675,-0.0892219346151801,0.103413659927931,0.0437136740134354,0.130693700830813,-0.407109024802935,0.151946938645704,-0.345691189167369,0.146974941587875,0.517240525541385,-0.101997454518125,0.101312893824878,-0.0234458255139162,-0.0658203470889463,-0.161202804450621,-0.0784586928965171,-0.332379471970998,0.150278864143422,0.422354851829745,0.509638289454806,0.228742168964791,0.32236830393004,0.179861094323544,-0.134022141885973,-0.00673667470397184,-0.189532684001285,-0.141786380108423,0.35906815979126,0.247898777866244,0.198678589812669,-0.181836691925064,-0.0219818989639255,0.0982072727148544,0.105603250511042,-0.371300514230493,-0.062196342545417,-0.0644957074475259,-0.0393000516341918,-0.0966906948498409,0.0640038220420501,0.00601964455646743,0.138120614828271,-0.211593958184863,0.156484123269217,-0.00924820247540747,0.0647339065035974,-0.187321572093748,0.269159053734377,-0.174514326808689,0.324106410038024,-0.260163167743516,0.21645899808785,0.272111965172502,0.0501133669423305,0.048287785704579,-0.117972798566854,-0.00919807775757725,0.0741422240776652,0.101056435945884,0.0350602636916426,0.155817857795319,0.0630848894566893,-0.0638122587251684,0.111114427716801,0.548994571021781,-0.415261305234262,-0.0469947766732013,0.175791694018483,0.651575382198046,0.366671357270578,0.0816940636559404,0.0485485604866934,-0.305734704784123,-0.359533743731042,-0.0157300074731977,-0.176987247167518,-0.138896036866152,-0.111120323407177,-0.136108125213931,-0.121124509331943,-0.00161416406001873,-0.218597449069794,-0.0491132410687688,0.0477052900996888,-0.317702186192975,-0.0718943964364694,0.147712317488019,0.280270206089358,0.316457094949376,-0.146808602630644,0.0629454617603201,-0.17653761089888,-0.160428314592271,-0.111145407119365,-0.3885926011585,0.186865640253111,-0.0583261499063686,0.00941881345427249,0.004555914295289,-0.29487284224374,0.0383348811272218,-0.0350186416822765,-0.0992728247510536,0.307408698407754,0.13394372115271,0.126253141973086,-0.0682034278214584,0.266857288035208,0.160571987879354,-0.078060664446996,0.0382546916156344,0.351955591084883,-0.100555358836896,0.199652561640531,0.113152371949667,0.0652873394095377,0.279266980927698,0.0314041284527854,0.32858549842547,-0.113936456043056,-0.0834214012243488,-0.258847349969535,0.0107895608446112,-0.0767002157661619,-0.307805370602881,-0.101871573725389,-0.145536738730422,-0.28984729445721,0.0420680516195976,-0.111765493756119,-0.116168604093893,0.102384702479237,-0.0446246294648079,-0.401113321173319,0.0207282506614582,-0.144647153513226,-0.111035968863557,-0.144440268818034,-0.0709779652385722,-0.136021869130639,-0.171341724572873,-0.127132787817772,0.0732641947311609,0.113794985333189,0.263482371376821,-0.311766651809864,0.134508447210494,0.26289651461584,0.293006606413373,0.211405490059937,0.2714630852741,0.232645476657502,0.233638471806445,0.284218174554458,0.210231838214812,0.345367954774273,0.0691312461807612,0.246931610648764,0.0291981161984909,-0.0871367486379744,-0.296191580748074,-0.0800158768592361,0.105384559567865,0.304103348186438,0.179973111325669,-0.0204882246430045,0.000367768057644678,0.032632764551653,-0.026772141145017,-0.205972647890297,-0.200941102995546,0.125078624633005,-0.240471251404913,0.261084066691712,0.234509274321747,-0.188322125323639,0.440468755642136,0.686270349500148,0.438534958004839,0.676297847432678,-0.249991151270509,-0.210123999117249,-0.305400388531676,-0.193616298136026,-0.185259996059203,-0.00469680381253268,0.125117194978688,0.62318829574816,-0.154256940505175,0.233173001939699,-0.217737397285194,0.0361496078880832,-0.149271995338047,0.257531765804773,0.0358965850043976,-0.194836126517895,-0.290968795784482,-0.256589057749059,0.12356458824912,0.0203710404047517,-0.121909635616941,-0.100586906687697
0.138936390628473,0.122791089328965,0.00628020458915972,0.70598947201199,-0.052638139905227,0.546952470321023,0.115629403228421,0.110168479725137,0.247848750356402,0.0965526176021266,-0.144513714019332,-0.0296374486990563,-0.0439292601351174,0.0297878232025557,-0.134468489590747,0.0981046705687456,-0.155098996023702,-0.232852327114933,0.000671470106809105,-0.0408451186675167,0.133891271598823,0.0415254915920311,0.636944976015142,0.4837268745582,0.499601789306287,0.424359047569538,0.0778619963456921,0.161108002534771,0.251479400730464,0.176036783626742,0.389801261301417,0.508808338239888,0.475189133397889,0.0948636735395426,0.438376958620645,0.535811862697178,0.307287364641558,0.231554807598606,0.331948445541203,-0.035444056943513,0.0389646188156973,-0.106431996280949,0.432745832542852,0.595830813068475,0.163125365310965,0.509485137584008,0.472455038995383,-0.0673821796028307,0.00226958436163693,-0.0126087132458407,0.331226284314679,0.481587201937956,0.084956198909108,0.019457938637908,-0.00974132987409207,-0.107033716038615,0.119393010031164,-0.0591984143907966,0.319932020187534,-0.0406447266441623,0.308479413200871,0.0789142995147767,0.238386078337422,0.0577672059180756,0.0973648050191987,-0.159262006903218,-0.027708503368826,-0.173350887396207,0.125339815770312,0.178789201909196,-0.0903072512097155,-0.192139455373361,-0.070817715585072,0.257557718115376,0.566235804971457,-0.290332861326219,0.145016914289751,0.475511297736186,0.254477829809849,0.263371650715435,-0.0990221691787961,-0.223149935249404,-0.0414163317818362,-0.220681883688897,0.0694318118185003,0.336132306869523,-0.0243800799206507,0.120340108705544,-0.0306066447337358,0.192496080279364,-0.036443142806168,0.0994702362498394,0.0364440543281892,0.348646709164709,0.410202523486819,0.378329487202885,-0.143971777896412,-0.221141359864314,0.13774898086142,0.133863316008278,-0.330085732691524,0.0215607652008871,-0.068283274198591,-0.220195182898342,0.0213848226182051,0.123583615645658,0.501334341515573,NA,0.549568787868123,0.0553461993543054,-0.0391453180340901,0.276358062313235,0.42973332739782,0.190147549473842,0.0869373185102707,0.136996920468535,0.2223464661275,0.172470861965023,0.298298493144913,0.0649487018937233,0.383601914849615,0.149359034478033,0.245827304187019,0.0931660324555327,0.114938083551749,0.309468081535895,-0.0875715719601967,0.446664021510919,-0.260439014127977,-0.311106960257663,-0.0311731205330799,0.017967353162038,0.085786040170257,-0.130806635358906,-0.125306532508733,0.0834848718965061,0.216451815452804,0.0232434878900408,-0.235543009538222,-0.1899198405381,-0.0108301708137886,-0.214145465990332,-0.20026058963444,-0.177935787483641,0.463242552762198,0.50160120462695,0.569623821082652,0.148992179383823,0.503221168882623,0.434880056157088,0.22736764193581,0.174178415692958,0.0301403062692637,0.100565657967529,0.113229639205563,0.424522972277919,0.570587291403747,0.30997111680721,0.0342941061858253,0.190892222745051,0.0181046704081391,-0.159410833768415,0.106791193682086,0.148417349017121,0.367653255205121,0.0335336465548854,-0.149142515402852,-0.116447494479527,0.0764275441377755,0.170004237243492,-0.0892815147426369,-0.500263226831418,-0.0660148504779691,-0.185251883941027,0.000525205954073333,0.0409034488017273,0.241431762737407,-0.359259220808884,-0.222126169105965,0.11563054451996,0.145957592258866,0.313079350262938,-0.103811602783761,0.0968503162608797,0.0246084900676198,0.160482261508225,0.00607938135255351,0.224433152326113,-0.119601816402088,0.418115407356965,0.471412535090597,0.437919210427406,0.311505647774864,0.435303372665127,0.31543117410469,0.0656517655623558,0.224084729268636,-0.199704222659322,-0.106221048387241,0.161750696393788,0.262421042534123,0.322657981242691,-0.155447567623029,0.242930568750289,0.244302393533315,0.210295379562941,-0.123865752667912,-0.0705283192373428,-0.0522583677619546,0.023387900348483,-0.283020975108449,0.13150104546137,0.282132398909453,0.380448716813451,0.0600962987512824,0.250042692702639,0.0385886096414475,-0.125613086559568,-0.236534717657878,0.106140600453307,-0.178420524709808,0.152258693394233,-0.0461980566014342,0.0794700332566568,0.396290098440433,0.154276510323814,0.116028881017475,-0.0680746924948289,-0.233573855714156,0.334864052295354,0.21381179452299,0.242882753290322,0.33723306616049,0.0700257337721781,0.0409359505799275,-0.163015397544348,0.151334650980616,-0.041216713658739,0.0367992696360557,0.119795499174167,0.159578348543235,0.0133373502825998,-0.131828234172042,0.169469009904935,-0.325049415345797,-0.232874955912849,-0.00989228274008256,-0.15972393936057,-0.0446213817068383,0.118853446182142,-0.0988162284764949,-0.117407104257418,-0.247607833350102,-0.07598371231392,0.133652017156266,0.132754250739342,-0.271706041635075,-0.193810611979091,0.0274619219180295,0.112123955614051,0.117945499367528,-0.440127796641982,-0.20242756273048,-0.00768431485727142,-0.328123569982268,-0.0320519538168043,-0.277758590005728,0.153282837224913,0.180462932790356,0.0679217754682564,-0.00406910682645856,-0.039891751387442,-0.196738024657775,0.062676992450158,-0.18638729871106,-0.0691520259449978,0.0411282934114888,-0.0793450786352652,-0.201852191610539,0.17915997860071,0.019131875557726,-0.0913295676986627,-0.00749732300096155,0.176601007290541,-0.300331989963201,-0.0429531637533254,-0.102566364398771,-0.0743422862978245,0.00524778141594963,-0.0546880400855884,0.252567636920931,-0.151867646533377,-0.0145503344965355,-0.519712393639211,-0.23552670473678,-0.00898254917954572,-0.0546462893883161,-0.044428116663088,-0.235569990060335,-0.206853312550382,0.182409577951331,-0.180925907504315,-0.183240815568146,-0.151632595897553,-0.126637667794524,-0.246679419346589,0.110552400587318,0.133257924730694,-0.00517845534953106,0.136971583877195,0.0521480471100486,-0.204724190593792,-0.3027500216675,-0.147281440044129,-0.00846438199537638,0.248146167477594,0.673044090234969,-0.123179505823878,-0.137065967289627,0.0766732425077854,0.220526414389938,0.140741592507031,0.136336733643144,0.250556883854554,0.192399622160632,0.331737669736596,-0.104252290425696,-0.115733753213689,-0.00415715617506581,0.283287355916753,0.0632189724972561,0.0234827834613149,-0.179452916362964,-0.0570181492886798,0.258468696509615,0.0977438400417869,-0.0175291208271842,-0.102801341855578,-0.0515936195911938,-0.164116161411896,-0.0392556476326522,-0.37959367689954,-0.298579315690977,-0.0915905040314464,-0.171597889343809,-0.105213718247871,-0.108915218809918,-0.339163782896746,0.0504708186110486,0.281798203765048,0.0822892098069865,0.428919796468894,-0.289063715315323,-0.214641452729907,-0.341393729070879,-0.0795545801385805,-0.157082623477404,0.0120574465093119,-0.145313075473357,0.463517335198113,0.00432911062472294,0.319478678633544,-0.31650810241047,-0.200061153202199,-0.239132412574403,-0.0110258663835178,-0.252195473561761,-0.28581782542119,-0.17758464655916,-0.00663534855559699,0.0050209580619156,0.0433382750751545,-0.352093333722081,0.0620269953988061
0.276845458644977,-0.16746835851273,0.0384010922833083,0.418543203136681,0.317902533103214,0.317001471935112,0.230590924076569,0.0519961511964059,0.545810582845403,-0.118602464311052,0.221435010433769,0.0854597936367305,0.259710233559576,0.333630767709463,0.210762559393497,0.243667137466029,0.18272194764294,-0.114486562853363,0.0258112240859654,0.150070946853999,-0.0782483446310463,-0.263074146166835,0.297788826065799,0.898346168734597,0.480625401117772,0.359749431207695,-0.0178452247464676,-0.0758379421604106,0.141474209968118,0.0836741636904583,0.263338952572907,0.104921083428749,0.144949686027838,-0.0206387896970928,0.0129882779969436,0.127854252537743,0.0361578002344304,-0.190635109412002,0.0461581672198521,0.22536523190245,-0.151277443260182,-0.000326016807832981,0.492924079101803,0.414268630294699,-0.126248252680708,0.399057047564454,0.226596444415547,-0.203197811536041,-0.154872755231497,-0.325554193386115,0.643359921493023,0.509698032623742,0.000788930043752245,-0.136392475159055,-0.145631526223484,-0.175850701317785,-0.0745318564751715,-0.265576313412388,-0.0519276861085017,-0.344883508726334,0.127060320167521,-0.0295447167449918,0.103913675277437,0.0463022501091262,0.170364442444035,-0.254767229310715,-0.36349940579165,-0.386136389361304,-0.0532473783860856,0.0743379520903058,0.0156397992351064,-0.442964194097557,0.0927602228724613,0.759568170488616,0.79231013864082,-0.311252114555588,-0.198727657650138,0.785289668047681,0.500596105043267,0.336128545348302,0.0400096461216854,-0.209689581057934,0.0415705911882854,0.0540504771971314,0.589481141239453,0.811137690236444,0.0615084685567251,0.66220229426366,0.17516067167674,-0.00271338221546441,0.126660554905419,0.380720843843439,0.174299308549625,0.36500205167243,0.429226210313637,0.458069215611667,0.0768694091055922,0.200968911215468,0.0885140085485101,0.430017489277168,-0.069115163991634,-0.0442481216920683,-0.112989080646701,-0.232011841790363,-0.0154291292633964,0.31477939100468,0.709116925783086,0.549568787868123,NA,0.23521107378801,-0.0725435004873785,0.410660018458262,0.574140058214186,0.134287353311553,-0.0508636339597807,0.238206750310628,0.105419761974796,0.147005499491777,0.746071423845193,0.710168974508106,0.397999751499396,0.372364959428831,0.389233118618028,0.0109040743344322,0.319034121345867,-0.174251646493631,-0.236117831690264,-0.00131232948083035,-0.348755608791872,-0.284909665904599,-0.0453410516023327,0.12484728976766,0.135610847328102,-0.0812507515988273,-0.070682494737043,-0.00826552376213065,0.322902314346676,0.164898071319055,-0.0822123237119951,0.103428612322945,0.212957540082613,-0.369558220505022,-0.0616512696723965,0.00301129475871824,0.23190125307674,0.303798922505548,0.410488495813483,0.122018668932194,0.336346578061667,0.403511883564843,0.402182755840768,0.168462234502622,-0.0295479441910692,0.250802963914218,0.191808161361262,0.778294815671348,0.569956030554087,0.381896831395971,-0.0321139138764771,0.0453959488431738,-0.018218980628392,-0.129297498018341,-0.00866854033360991,0.0676758273870819,0.0785551079367132,0.220766785738589,-0.255740223757624,0.0346275543481467,0.0347637581029035,0.0746648175217837,-0.169815279273426,-0.505584814682874,-0.0957879130692103,0.0974814069483943,0.28711955854652,0.213734225952526,0.23421338213571,-0.127795005545801,0.0881284025128652,-0.118634053265195,0.243064639490418,0.343955499029849,0.0578818108577089,-0.0545696748184716,0.0137629371466041,0.145421124015863,-0.0125838021712724,-0.0106010369708289,-0.197996706584665,0.126063873099336,0.241476617287221,0.386090192920843,0.0197603928403699,0.359224339625064,0.0246898525219725,-0.0498987736818936,0.169969502453193,-0.0935444692719768,0.0780234987541091,0.16154424758139,0.263094319177998,0.267936776414606,-0.137767946908324,0.128203954257852,0.161777765043663,0.237327114341878,-0.329913600194825,-0.192242440229765,-0.0726187639366217,0.0591766921332954,-0.0509632996227192,0.0615067511016481,0.0523581473971173,0.0952685802244155,-0.100956061187636,0.133574840591434,-0.0362171525593977,0.0220663436136131,-0.180961019558256,-0.0385473459990701,-0.189841432465517,0.199868407067815,-0.196983924881933,0.226155258474503,0.0490240515639641,0.12885873193964,0.127607205301548,-0.0889693054766673,-0.285963785718281,0.0891335367367245,-0.0637289915337241,-0.207737900285833,0.0211406371227192,0.103283689451091,-0.022483907102902,0.0209795084545839,0.239397630052552,-0.0812734328745748,-0.145505897115645,0.050542788620234,0.426096969199239,0.236757543799205,-0.129878380182139,0.0129056962291877,-0.244776091277829,-0.217352453621773,-0.107671647856568,-0.168729084340046,-0.179125859432141,0.0254704824233494,0.0390229209629436,0.0286027113614978,0.1433957846338,-0.00354300366006562,-0.0269853439083261,0.320267059045894,-0.151788150602354,0.0227287338108337,0.0583328719768223,0.0893943532302428,0.159936725896771,-0.204589088291204,0.203278486250385,-0.0468913507739518,-0.0845448076545763,-0.142103992117504,-0.247219638445241,0.187730621535425,0.0251140466484983,0.0776686624080082,0.236090856506874,-0.140454641797002,0.116897521644222,0.0184116767045075,-0.0921538498476577,0.155626912511958,-0.114200711277536,-0.231282305181717,0.0221648235789744,0.104742802036853,0.269072924693892,0.108046618836627,0.0698535227689621,0.139629587558916,-0.225723965689721,-0.121576007437596,0.0625076078137994,0.0976011564378341,0.00793416915578064,-0.167935896730034,-0.122468974221833,-0.376964667868799,-0.0353562750114009,-0.141631016816167,-0.189281130411443,0.0501480406327638,-0.126786151626701,0.0197785533574197,-0.236077207996607,-0.146570678666907,-0.0869353260062088,-0.399162713823179,0.16239414309338,-0.0292536631449325,-0.239154403828875,-0.365223487064269,0.276450041971081,0.104367255912673,0.181372332041437,0.0956703987847723,0.104952519543891,-0.301231059863145,-0.0252736413217459,-0.149252130366551,-0.142563405529777,-0.173383790183685,0.0892371034546308,-0.256557774078124,-0.128641839312419,-0.0272824351672911,-0.0330460496379616,0.0344202268071974,0.124083543641089,-0.211060465411187,-0.00339591962753051,-0.0271184773544021,-0.0439976901905376,0.0223348293939163,0.0751074442775369,0.119769837298665,-0.0384150756664364,-0.0408445751055905,-0.200457702804387,-0.0226830295877382,0.192363271023225,0.210962726494143,0.122992148217771,-0.0171192465535337,-0.00471575599272647,-0.171949547944228,-0.105654078391398,-0.218777524360132,-0.126495574443565,0.0732637042084428,-0.153525301912926,0.081082855352008,0.0911920048082161,-0.243369397513204,0.104693889215933,0.296716595184724,-0.0461826655956321,0.428908880162808,-0.251310915121217,-0.111055641734665,-0.0408899690257385,-0.0147562824101035,-0.0109061018391279,0.184395841493014,-0.114588903699404,0.544346682942579,-0.134425850831745,0.254165412390813,-0.176393893180193,0.0597956063829119,-0.0680649596588295,0.253197816329678,-0.0102386453104332,-0.221780118384146,-0.226527449913331,-0.194535259922745,0.264151512864159,-0.040131940766693,-0.111926009039192,0.246580810199124
-0.407833130604815,0.00841774709018792,0.160080338233113,-0.33565174695835,0.380568118768536,-0.149481983568201,0.516038510261342,0.0479834708664298,-0.0286827155607774,-0.0805886102934799,0.137627870382918,-0.0464046301100978,-0.0846412805118434,0.0841364397676687,0.359042459906872,0.00363821326467462,0.113841861940799,-0.154236787076243,0.00532062090226985,0.00206937307696719,0.036781902462039,0.18296631825686,0.0402585187458594,0.245755799798246,-0.090033197334146,-0.239058260297549,0.0346895633279568,0.28393631355707,-0.0313713630363463,0.246260942203576,-0.0674944505260181,-0.257516438147394,-0.0527947958662879,0.245729995943573,-0.226205464605195,0.0058772501618664,-0.092751276158901,-0.165668689421198,0.034565247370567,0.451398249477671,0.190345565132166,0.230227578142872,0.650786163584592,-0.251668738591654,-0.0697234489636722,0.0477618667239244,-0.0680206531707567,0.0373819231288323,0.20186875049432,-0.0703090137020285,0.627613284608751,0.587005362359444,-0.0841279259060081,0.30135366034537,0.175298568782779,0.146371973557273,-0.222665166650559,0.156984152766297,-0.0979770809783024,0.0959601894950907,-0.037960661703135,-0.509565587079156,0.301319782959051,0.0267981229484768,0.115247892181502,0.291102659545631,-0.059101328629994,-0.0324299431518934,-0.254980412796443,-0.219856012115861,0.384290616114365,0.182040878350403,0.275407126873212,0.180617469684969,-0.187855645260591,0.0988993221510757,-0.049219624663774,0.259358194598317,-0.219561482042653,-0.124032802908701,0.26016881174859,0.328353164157538,0.391011431637391,0.0157002448520182,-0.0713848221096603,-0.107964335814137,0.150610884465702,0.183964277591118,-0.226621187999996,-0.0914152551391216,0.62487827742981,0.438533964587861,0.0455829291652407,-0.0644995651371484,-0.0794583078191493,0.336822132846618,0.240130208320984,0.177330401939651,-0.00452224438077969,0.141089057753568,0.124585857283778,0.0579365635416808,0.164206510398704,0.2745533868577,0.397178683685528,0.925541063633543,-0.0502032557623981,0.0553461993543054,0.23521107378801,NA,0.245005811753054,0.132504143503619,-0.138858641317331,-0.203192602762269,-0.0879447923016036,-0.172863529813937,0.12382536325883,-0.122211869169588,0.211898023240781,0.326642401698148,0.25146952654621,0.412801687751627,0.146358773626895,-0.282698123685434,0.175865137091071,-0.28076420682466,-0.46769862981752,-0.32324097578987,-0.166348281655088,-0.0174330404046111,0.128000483842561,0.0524693560446957,0.186266991820959,-0.315017547436509,0.233294998970094,-0.059088739721927,0.277047055413521,0.149443065946971,0.20599554530746,0.322603612100358,0.321156900554568,-0.00559908307545007,-0.0935838449622936,-0.0405574757068708,-0.423913950641222,-0.473048511891282,0.0306627472832036,-0.420891888350092,-0.220412725642352,-0.359868162073805,-0.176585763825915,-0.0399803079793931,0.438456735114477,0.089449809565687,0.834356449510617,0.102402109064081,0.141238124571887,0.0145209151471332,-0.0289389202167647,0.19274093095423,0.0648212962084828,-0.23667668629541,-0.0227214158593849,0.12499509008252,-0.387476546906265,0.273681456028612,0.114698458551437,0.505597810474913,-0.325589032948549,-0.110232781289838,-0.17360020420236,-0.0218904321550555,-0.0187340344810353,-0.0688173996900929,0.200260063302274,-0.0108271644051209,-0.107392323386682,-0.174690256104812,0.0604910727614029,-0.0207152399443563,0.0764803496409751,0.0282605338304695,0.348307726416814,-0.0430476432368138,0.0722989654204534,-0.181993511719938,0.152620696441429,0.118341569324625,-0.0803801210311766,-0.120843604937593,-0.102902330290421,-0.0597692504033211,-0.352603958355015,-0.188957807689,-0.166391820637182,0.069566268694466,0.213441341479378,0.195980375583559,0.409334671099952,0.284670439944488,0.0470853321924515,-0.0192187375532752,-0.0478071929818673,0.173398487081919,-0.174970566258115,-0.077036432170076,0.295139310573448,0.308212259361773,-0.220422670474972,-0.0483163996745402,-0.0661055960510706,-0.202026376195868,-0.182076422783601,-0.356890994046089,-0.0702849122873086,-0.121772772211281,-0.167803410294837,-0.156292303787158,0.146946490831634,-0.178430536310059,-0.349915450932221,-0.128968934349093,0.000802904202432512,0.194107427043224,-0.139282842323168,0.148297215343431,0.0349131598817326,0.162047365360583,-0.300419667980025,0.0526130279583287,-0.0414797178080412,-0.230754032558623,0.00673764396039817,0.175665088276036,0.406012969782397,0.41635168331063,-0.135614061343306,-0.17989311717373,-0.235870311337784,0.213557571480418,-0.0583589319673015,0.0917600081172046,0.105408559502804,-0.272563471483463,0.0846131881896711,0.0115397316914461,0.23108693090008,0.00958777223507899,-0.278476620513655,0.0803166866652469,0.0757664392144382,0.0953111605506816,0.0299062565619614,-0.0167676594788939,0.00662352157236828,0.283666544131048,0.0341249704774746,0.053996270414449,0.0841599804531705,0.393003465050022,0.342903742295204,0.192138371057273,0.237718453679149,-0.0992723320916975,0.132929864836324,-0.0852062330488196,-0.275948496250757,0.0356495622188579,-0.0917386317438038,-0.0189293580777263,0.357643262699015,0.369346214732288,0.378669343126606,0.0669599959783794,-0.00950683888263297,-0.536401942285121,0.407224057743366,-0.173404115523312,0.0858576009871746,0.128248034435129,0.0191916378482181,0.180109650631346,0.195319589169235,-0.00932584528976509,0.0156743784192589,-0.224153581054023,0.0525210922095089,0.0520148460536822,-0.0255968423089449,-0.430050952867931,-0.485506253102021,-0.303004040526734,0.1123017331129,-0.0019356226756191,-0.310469188360289,0.0722118643493932,0.0281944868682822,0.136324514024092,0.0252632137438638,-0.139234133572783,0.145818558691282,-0.367329063308909,0.0211687762771831,-0.0173923847620145,0.104491463105035,0.100552093405433,0.342012461837377,0.208277590918498,0.148064118221329,0.17497656821524,-0.163205793237449,-0.0132618673039336,0.173164294806041,0.193350108908879,-0.0853755072107929,-0.51987574451122,-0.360064672714917,0.516206559436273,0.134067958040481,0.304800465353543,-0.36238607365773,-0.261917754660651,-0.153144042010493,-0.453548093342084,-0.171420361971738,-0.119849844184932,0.290837915909068,0.11799749790042,-0.145607974096751,0.0694663579688558,-0.247249124926859,0.149841475863002,0.083672868739747,0.0269712249108391,0.0886648748588972,-0.0232681698926824,-0.0703575452165833,0.34499478933519,0.164648973982948,0.0577906593623969,0.170236278105205,-0.159920910452796,-0.0627844581027693,0.0256753993039916,0.0465452647971405,0.253076628670885,0.272830897830656,0.257610517712526,0.0584403106056203,-0.113096058450331,-0.127812062426079,-0.138841129622998,0.401598846441571,0.261457785535978,0.356510951237413,0.173361531478804,0.420563155299593,0.441981017426678,0.268160651178407,0.12922393717883,0.361594340626634,0.258888834027188,0.162043931827837,0.172605269846165,0.384707547196246,0.468606974264736,-0.013226532050821,0.212806220054077,0.247864637488987,0.134547390625871,0.0966189604984765,0.559415690835951,0.110657793300764,-0.0160943207581618
-0.367012048711059,0.245060703844345,0.398759568965512,-0.142559890286391,-0.00307056636264992,-0.168301085756109,0.167731552881892,0.492298793744975,-0.136620311425195,0.47990321279217,-0.0767426349472571,-0.0171136550541299,0.232142334300796,0.135845142759674,0.0168573664279458,0.101708323512546,0.332859159368725,-0.00680244592451753,0.369436878189767,0.274004046480274,0.471119873641606,0.530526753905133,0.141065535252878,-0.22378522653147,-0.0589643069898638,-0.334848825498885,0.625228755049446,0.397246544270004,-0.0974936777949505,0.38967897678447,0.280657574151095,0.0203242074139836,0.0495364066995613,0.899830404610175,0.299805559678881,0.183692825209669,0.445974761804624,0.334500682384791,0.348947732315766,0.522972812944948,0.555563739135889,0.381029039657169,0.19122190273424,-0.267740589709981,0.223029772800263,0.237274152132705,0.397584412025609,0.383268694675756,0.804494478885558,0.29503095431127,-0.061108968215238,-0.0310007482908991,0.0978071730104497,0.347191240423638,0.0976673901021238,0.33278110768622,0.429305470263689,0.356167278859509,0.144262976724396,0.268003930161857,0.143342821146332,-0.0264370979039399,0.533472861501474,0.493676355573962,0.342164488479628,0.54725063872367,0.443374639421604,0.442210298653526,0.305303592770812,0.226155726589991,0.400505045648349,0.204981437218266,0.240945568056679,-0.0570101854625494,-0.280220890703469,0.736109430703588,0.376375872013771,0.122628439979288,-0.195337013369466,-0.0734972264870015,0.708394918080572,0.762783805130862,0.32150558065056,0.183898546396587,-0.25988370487075,-0.265234866769616,0.0166004131959499,-0.0773645268213341,-0.0917771012526939,0.251686877709202,0.140604025530041,-0.119782961715547,0.135767578210583,-0.368975988173198,-0.358183701649917,-0.317678646791117,-0.381553239159524,-0.210967575873634,-0.0447684356050347,-0.201591333106442,0.552842792848712,0.186881139838434,0.845488454852441,0.605490810724438,0.531540486398151,0.399031030355566,-0.202139573644921,-0.0391453180340901,-0.0725435004873785,0.245005811753054,NA,0.419839908840588,-0.138662378725392,-0.334658216780983,-0.202019323908803,-0.242208471543411,-0.0712527077712345,-0.384278658109877,-0.174053374518689,0.0438523333353956,-0.196706686213089,-0.116582421550689,0.0252752409026269,-0.0886440996691016,-0.268945757600645,-0.00501371627512019,0.0745206939710346,-0.129984459253857,0.0551853347343355,0.0178136190711729,0.514339737588739,0.280161039794509,-0.307533216201153,0.0523061286450872,0.0614444253914858,0.191795275200594,0.337897446202119,0.256727786969564,0.116144394568063,-0.25932618056155,-0.09051852658644,-0.0145056757993894,0.0752649025995427,-0.21799775879122,-0.164326478493974,-0.223913358677515,-0.159659278598683,-0.354625111105029,-0.101636279535083,-0.339186030678525,-0.444941618761409,-0.0666174794158885,0.556099324046275,-0.297864660566699,0.468792541455447,-0.275822062326812,-0.296202036856488,-0.254014336506543,-0.0857950097439759,0.588953166611666,0.345416242736992,-0.453445464305441,0.272747907035237,0.277859629260002,-0.350567930933731,0.159288406023337,-0.0985109417206297,0.189751985732882,0.272126512452239,-0.467412915538234,0.397238222285745,0.0732850139736431,-0.177816714193674,-0.142385683899985,0.235120655920327,0.233825188773771,0.407100493845119,0.010972404013251,0.070386969427544,0.517106191671869,0.13825736284082,-0.416219934942517,-0.0933346259831187,-0.257011093429365,0.508456976148209,-0.364546096270278,0.581034211151347,0.402263893447026,0.22391894331457,0.191685781548174,0.0848996682331098,0.17600106712102,0.104396220876045,0.0527417109083598,-0.000457220682390685,0.463868588835041,0.385774611098093,0.150450529199128,-0.210333697458674,-0.560675382673374,0.153941374009172,0.633407755586408,0.200479631549908,0.0882812760655247,0.149073572846829,0.408892613318347,0.639380473723253,-0.33056938439134,0.162242122483264,0.319897669503129,-0.0203830717993834,-0.157409976404165,0.0673364956126333,0.0629524918391923,0.30034994658645,0.0907689292288606,0.0591669602886626,-0.251918268220667,0.451171674159382,-0.532888150397275,0.116784275668368,-0.228306106105281,0.635605524865336,-0.112890533629628,-0.077062109388985,0.0607185333381549,0.473783268989707,0.305712261320276,0.174033375068776,0.624533486294539,0.0978745150171326,-0.101176919105156,0.433015395391586,0.319358507869513,0.275570254444525,-0.145062903756548,-0.257999425786246,0.504978057646663,0.298692051268707,-0.0116458754783845,-0.327433780858534,-0.232840779417233,-0.178837608469853,0.163097553533603,0.772321477932146,0.875648110161835,-0.126180664246046,0.586062849135969,0.247524876901696,0.421910374374979,0.248743700728552,-0.00126731425124518,-0.20605048714036,0.05739662722434,0.418209563536435,0.164937797826319,0.0306871141968736,0.0696786225116164,-0.56158149858428,-0.206041320917907,-0.210322592891789,0.104578985679424,-0.348174402614177,0.10098161109255,-0.0315265811639221,0.100962286753192,0.260879783491699,0.385143095951465,0.594404841312445,0.176169336728723,0.599206988049255,0.310104673766619,-0.181296766129683,0.838750225531796,0.523710659628089,-0.220170407181987,-0.180386093784471,-0.453605706253369,-0.189938203034032,-0.19547276820124,-0.206546295825835,0.13319301467909,-0.0717058576594017,-0.0482872078725902,-0.170296071836602,0.0658964139675889,-0.113576083040528,-0.258117268017234,-0.31120291382935,-0.0437714104632983,-0.106023393081622,-0.0694815175777427,0.599191552585735,0.0458233387875235,-0.152278205684178,-0.244523090188545,0.472791179538,0.277899952335199,0.313498963769246,0.206433845581645,0.208666330629023,0.0803830223188802,0.224760622671968,0.113502674266302,0.27669552463312,0.283095211828479,0.23055519183975,0.322886001375919,0.0148969260890137,0.0719532539672915,-0.205588578410279,0.14289370048388,-0.0743960738143797,0.335806034027969,-0.588630968810161,-0.262207154922924,0.0829616053541008,0.240380048217647,-0.565883939871625,-0.108710951523568,-0.291226326851204,-0.459109697129464,-0.544567011497922,-0.111995970180376,-0.329424428539493,-0.24979533739693,-0.3781499149497,-0.34813657955655,0.0807666047750193,0.547601246011284,-0.200869294931371,0.0350132865297679,0.276275854505457,0.11954861135281,0.331863614798153,-0.0222466491303117,0.0461593108498437,0.126009322527445,0.125256529493357,-0.0226175516379345,0.0500415673440477,-0.011003485985135,0.147788166986396,-0.096340520945878,0.513611070947426,0.323278529875605,0.0895287039367131,0.197228674825289,-0.253429075102961,-0.223542687175625,-0.429328541658118,-0.306921848291005,-0.0893861220763157,-0.172757859528636,0.23581374613457,0.330421360507171,0.393148741248527,0.527102419832003,-0.438256265949593,-0.277554383828173,0.428562041155778,0.262986893019448,-0.097669208753285,-0.127102794839727,-0.026061315455359,0.0208522739023304,-0.0221914019852143,-0.177295875609172,0.362524796620962,0.515208659335838,0.363045763133136,0.328092598351866,0.0233565257366174,0.149608099561049
-0.412082599537875,-0.00981866124661971,0.0721907713742042,0.328223509215427,0.0138059129587517,0.108914117764034,-0.0382865741926622,0.0414057174870669,0.205531816256518,0.199229612501922,0.0849604821463132,-0.209619078005204,0.0286634305377355,0.0290296763073631,0.322362525140595,0.1810108641046,0.199185233606938,-0.398321557028487,-0.00209186264912595,-0.0488356614888822,0.177995887006901,0.374461627538636,0.672678278232302,0.403425084355761,0.306819349036982,0.0117316063824711,0.431076483776318,0.215858195786689,-0.0968962328887675,0.411898936958023,0.144787725786935,0.233072320904512,0.261337697492958,0.369515687184694,0.221838280600394,0.261627923275618,0.314404037084151,0.0302018243356327,0.296438914109092,0.326223196026753,0.311901377558562,0.266707566986467,0.557783644528802,0.125462934240154,-0.0230006805343874,0.216459617160458,0.200263528618183,-0.00821244955645209,0.37557839310252,0.0154983241680126,0.392686260284602,0.394049744884247,-0.190530591117869,0.173729143799453,0.135830910460093,0.0735702482859387,0.0297943953244913,0.12529943801343,0.0519586855177598,0.472616281433882,0.0240097767746124,0.00554837865237752,0.592079394191101,0.975953215469542,0.0551348905402451,0.0308069345763421,-0.00102519566328403,0.0466544769114076,0.148432333621897,-0.030892306932955,-0.0354412018656177,-0.0140088348894731,0.0452703936232921,0.694857334804879,0.460268588926683,0.103578397583118,0.0222494743110531,0.627028313881725,0.469662916716656,0.363229279354554,0.462465193804374,0.428320188817803,0.210784850710226,0.549768821400672,0.256428992110986,0.262228917438707,0.0232173777451966,0.138071810835286,-0.385084834938091,0.118748817136416,0.0630313881441778,-0.0213760210482211,-0.017294104806735,-0.10061465466256,-0.302092786699525,0.00560813161240135,0.00732076666321863,0.0391172795153281,-0.117402041628139,0.386191282379889,0.0957104958184292,-0.00434512422635418,0.348645270276036,0.314132851098587,0.491117917887733,0.62287355038005,0.435528314510388,0.276358062313235,0.410660018458262,0.132504143503619,0.419839908840588,NA,0.458180361385599,-0.156121515808529,0.0300674684023811,-0.168238099919207,-0.0803066591713151,-0.012903032794115,0.146299214225544,0.245213160437842,0.195240687081509,0.0972473067083833,0.424161929773855,-0.0777829817009682,-0.194944883999891,0.00501735364634401,-0.0906807984081712,-0.14931629997051,-0.151675717675175,-0.549448365897409,-0.0520105966926246,0.10886094086863,-0.0810134229542298,0.131804314331253,-0.0878055362644911,-0.0943814689506073,0.133890932227391,0.284136574613833,-0.159521278047981,0.203995586604696,0.0896322812786866,-0.396100659654502,-0.291915939547539,-0.526263650018493,0.0834324365223607,0.074444343614316,0.357798473641238,0.0442452429652558,0.246286280501143,0.0271300253257825,0.00215905525704033,-0.157939100585697,0.177119364323689,-0.210063801423,0.186945049095978,0.127147725887535,0.205507485976192,0.304124371437635,0.00823475057762969,0.547771124148224,0.00429509221185903,-0.912853638838443,0.0685928574758559,-0.0122759661609713,-0.0205833813576209,-0.0326035746410467,0.0945510980112427,0.383169988703313,0.16317628872743,-0.123426239148225,-0.0306124175765011,-0.101871933907214,-0.428651944252767,-0.470679092602401,0.381259131299427,0.100846620584531,0.102677345055196,-0.235917444052267,0.0640614149651475,0.235730114486948,0.444647953638769,0.173121110995525,-0.0187507552762836,-0.405532149155119,0.227705314793317,-0.288534473005996,0.370703287277625,0.260399982769164,-0.0867376555373761,0.157863796486343,0.204049208775361,0.345139767879144,0.113902592975805,0.249377295591692,0.0640317131731724,0.407404075750124,0.186573950564166,0.0891745960073364,-0.135623998590624,-0.285366653925142,0.0600834669231893,0.422822178704909,0.0889090722023219,0.0329732715031606,0.123015000547419,0.259245702327584,0.192577419225251,-0.268963529474234,0.151871093943584,0.347431715650542,0.144812102359956,-0.320826384471619,0.0032432704969173,0.107362816118969,0.210993388247575,0.13841333077755,0.160746244352827,-0.0155858499520011,0.409782239849183,-0.345583153953045,-0.254820386969435,-0.0540528628568745,0.334395172581026,0.017606281924083,-0.0178536847162496,-0.0691494537254955,0.125602707525393,-0.0228976319137579,-0.010350812504332,0.380775842701046,-0.219298624239035,-0.160013939243177,0.190049151236922,0.298261212850421,0.270022909253353,0.326981029411764,0.247688171923093,0.122710153992076,0.142142429189513,0.174967894507846,0.280538744386247,0.21003118252715,0.0170027669943839,-0.0150873851374324,0.569740331937734,0.239663010072112,-0.0495584168882357,0.390957316402538,0.29852977938182,0.43673458912493,0.214291014884027,0.0030463424927184,-0.102387887725915,-0.0443740771715673,0.177207620117866,0.10916631344217,-0.220990547198927,0.0032085565265442,-0.42722957987111,-0.000722454506463296,-0.048048536839794,0.205275096205422,0.000653891149474568,-0.119123553137514,-0.00681621677315099,0.061010594239363,-0.164270778784033,0.289981263004895,0.312991054985164,0.138757691893052,0.715516747228459,0.187693990778406,0.215552934742729,0.614618224507758,0.685864964349124,-0.13139872304064,0.0803721938122722,-0.483962898214486,-0.413340297201956,-0.0549872230718061,-0.199881630286007,0.426527249228051,0.161912873629416,0.42222986780739,-0.153177878401674,-0.0719402013341817,-0.197873139962134,-0.284539758962122,-0.194722268561577,-0.264492129646774,-0.00215809685193089,-0.230108536305393,0.0407450510680292,-0.471448248345693,-0.327195229873178,-0.349555958969472,-0.0919288149794867,-0.141666793483633,0.00980691512363851,-0.0971904172436715,0.330452240630444,-0.127321023482349,0.22246266831956,0.168827694901734,0.287722334760611,-0.0272778680432418,0.0775893248233965,0.0797260566397273,-0.125864639297043,-0.0788233504934149,-0.367009259159881,-0.179938838747326,-0.36551015703025,-0.0150911427691973,-0.716560234672723,-0.380768972380955,0.229478511461632,-0.00833566606052004,-0.486757177107794,0.0325371607041748,-0.181275392694136,-0.452041512380222,-0.379232789697959,-0.112869019022214,-0.370903704810814,-0.111054214406729,-0.156594679239039,-0.00496641378312996,0.111242017942227,0.586032120457078,-0.142552555576212,-0.0313777439895643,-0.089927062445399,0.158223533586664,0.439095813832694,0.355139472948965,0.180488988714556,0.122564228952431,0.178277014879001,0.0422780462154592,0.21236846304213,-0.34001092720781,-0.53267734206015,-0.0959681780583539,0.0508452270752152,0.406429560479721,0.327796170497743,-0.101100816762632,0.101519561853008,0.261324083765789,-0.00479666717382215,0.127209432411689,-0.153756905804827,-0.15322232774641,-0.1693668504236,-0.0168741807409842,0.102909832183615,0.3376967069718,-0.229913928432459,0.147301892960849,-0.0431732890740667,0.344301544532194,-0.350679376641255,-0.136025279514416,0.0661464304823239,0.100734358187987,0.0138144966050514,-0.296941891678605,-0.10110328855051,0.0911319539344281,0.498430994830575,0.330591056536786,0.0244246071173714,0.0923632210766027
0.25145670761196,-0.145962026705107,-0.0620129786158884,0.545921232048267,-0.0257677101664102,0.739206105745306,-0.0881388304071839,-0.0389352403992576,0.704125430045737,-0.12615352049967,-0.0875262057592248,0.0144723556505367,-0.11917288333544,-0.118145760165037,0.0355406058387754,0.0738015038807985,-0.0143687945737454,-0.120003944934606,0.0668391995409684,0.0210948767691342,-0.048913250086157,-0.114038462261007,0.302193943681427,0.598326370370301,0.726709180749623,0.454791491368335,-0.0136145578570092,-0.063759314841364,0.168095819208819,0.145193933731615,0.0710692513434861,0.0670931342306816,0.290582060531529,-0.16688877259506,0.140329538743184,0.149840537959667,0.0660012053249995,-0.0489076522377622,-0.0085639505748511,-0.247595579474507,-0.213095916408038,-0.0490310670552042,0.392946499306511,0.614785799891075,-0.0227895912498182,0.10264117755482,0.150432215559282,-0.350610081480721,-0.0711759729518703,-0.232604792667202,0.357922918453032,0.401396393074772,0.118807652874735,-0.15739812907629,0.0016906754320814,-0.245155583596962,-0.0254585628503833,-0.324691267772634,0.018632337490812,0.0872964240955934,0.235803023308307,0.414393185114135,0.176021187073426,0.222250235162352,0.0251223697132684,-0.129959016644367,-0.0762078738679864,-0.0801624647603217,0.104426177074732,0.164352015022399,-0.155060158149905,-0.257211618634358,-0.0982347048308208,0.501378666529271,0.743438739237543,-0.280619936602345,-0.120498012486301,0.742418226346734,0.396784004364879,0.658351427310916,0.0811871076626515,-0.168946049210755,-0.121303387858937,0.150315487973229,0.421644468601163,0.605690710684284,0.0415445839353634,0.341265248291523,-0.0229314230248063,0.0939911799277345,-0.0949666013052091,0.190195293066023,0.11110300842032,0.569681084690892,0.323460760983988,0.494354547026529,0.0712721470741169,0.0610529336378548,0.173266968628806,0.622249489861726,0.127963848613815,-0.192725773260742,-0.0457312701378581,-0.172216675327594,0.0484211371492871,0.0664749472039392,0.733414297347917,0.42973332739782,0.574140058214186,-0.138858641317331,-0.138662378725392,0.458180361385599,NA,0.336703721596566,0.120079442260091,0.063230252854949,-0.0298716974353371,0.170413376052059,0.398807455859696,0.134730547668706,0.354055649651941,0.259354729780148,0.403843481589941,0.278142717332098,0.0216228864238782,0.166635833409832,-0.0539263096153366,0.114634667823665,-0.164879691662147,-0.562285514208195,-0.0964372877942184,0.0526988174713681,-0.0765645514405359,0.0963504236068574,-0.0955195488474646,0.0194963040731547,0.0360815799771128,-0.0937128802831956,-0.113338214251037,0.137753289261828,0.211255680861373,-0.393873101351435,-0.169894712573668,-0.194782974542812,0.394304477919502,0.534307271082851,0.492736574617799,0.5396460546493,0.574073456227566,0.453272508315002,0.468748226403799,0.0758077447405402,-0.125104732604772,0.0917317631385215,-0.0874804357147928,0.515129696850983,0.629840591703575,0.258235651840135,0.0966075931836601,0.157219881232501,-0.0419688694745941,-0.10541174990029,-0.110097407226742,0.155322925573102,0.439420710305691,-0.022647715290708,-0.00549227040596497,-0.0856548116999132,0.0233754588723556,0.433530992629155,-0.108799010392638,-0.142416886160657,-0.122810501672585,-0.238159346074844,0.0343431888676564,-0.0389637785559522,0.133270262629245,-0.129101079236949,0.115972312795026,-0.0337298922708949,0.0852490166892436,0.349988962349544,0.0320217898884661,-0.00920595061081066,-0.0344768145639439,0.155188782424906,0.0371956776944368,0.0193619753187763,0.00535061027985237,-0.0418581267708344,0.150959742726229,0.241722550770362,0.207575060449423,0.337663307075202,0.142298011576653,-0.103659040961759,0.000181899573088029,-0.165967675461193,-0.0176508881088231,0.158023821001334,0.0648774922321849,0.0739263348987903,-0.190587330683621,-0.0384453210274473,0.00434998666985787,-0.0373041211826579,-0.366857526045665,-0.1046823088098,0.134332613143504,0.0911375776438116,0.0484728111964571,0.178963957974688,0.142595631540454,0.195192811340862,-0.139818863029998,0.0722382050630262,0.0349394660359912,-0.00396720713935045,0.0319804528704656,0.295403340214478,0.0301107809055423,0.542616072816264,-0.0319826774987702,0.0856151894920177,0.338660277119922,-0.0651546181352823,0.142650539630954,-0.0220462082343312,0.0632439545386654,0.0952005972101578,0.118113141988458,0.0222140966921725,0.174387859269325,0.0891000424263751,-0.00875568743581358,0.0601722114475267,0.467260539615314,-0.157675286931067,-0.0413673007302025,0.154376915035294,0.594731635146465,0.328393552222146,0.0827443763132501,0.334520581755812,-0.203552662790319,-0.198704878401279,-0.084763184430435,-0.032478794191472,0.119601133390766,0.0184065148198985,-0.00859393745797119,0.0543710037657724,0.186259818402276,0.0419272269548484,0.049253364154753,0.071226761825507,-0.07499707283326,0.0201382859495578,-0.00757991043446457,0.0788194754586012,0.156597181760949,-0.0659882075760179,0.0749672102548789,0.0523904506207405,-0.155679641726205,0.158072590755624,-0.135901677176468,0.260307338181953,-0.00265074253369217,0.100577868396336,0.051094814758396,-0.303317925229229,0.143022911629086,-0.0125785289707885,0.0690669273788791,0.429854530572686,0.0754005713617784,0.0884634192930612,-0.331093630697009,0.0521054362744919,-0.088036589680985,0.00606112242654068,0.0627929944096454,0.484548872269544,-0.074086502225413,0.121498311866565,-0.201161869902579,-0.1885135514759,0.257634037795519,-0.131537838518886,0.322136233284714,-0.0625487639644946,-0.167890240883944,-0.266798550092844,-0.234954108417593,-0.167009676152528,0.0107225372453149,-0.0403593111361918,-0.214562697870236,-0.025274469491724,0.0512265240090798,-0.306261997851936,0.0757671307153142,0.401319994994307,-0.0207375728787151,-0.53722379756323,-0.00181131514399276,0.0757586291442216,-0.0316106639274907,-0.0849230062524966,-0.032514107672257,-0.234103020419374,-0.476520643839609,-0.264896935229389,-0.0311241592724336,0.216056059808278,0.419386838116057,-0.293610852940858,-0.0180616339919231,0.101113162786452,0.250779185281803,-0.0244666241915316,0.145306272075726,0.225607980545637,0.152604892677831,0.189737700569147,0.128330332320893,0.221535238283287,0.24587923264315,0.160736001333713,-0.0201369333455325,-0.00794613544657223,-0.32588586683385,0.00046822722902884,0.139721153917043,0.300727518742178,0.107101051547589,-0.226281711022749,-0.0773133447110438,-0.0535165909257308,0.0187716180419987,-0.242621948995456,-0.315051357261867,0.0086295457094441,-0.20017436874335,0.228386637064617,0.207517522747924,-0.155660375457976,0.379205044309551,0.700708237102976,0.341591526651214,0.658838652120517,-0.183389731640223,-0.0158154942021151,-0.2314145862477,-0.128468276378659,-0.08997156105668,0.125124867565957,0.0695303301933183,0.623492709830935,-0.10778918460116,0.150221770526723,-0.352863769828673,-0.0227682756662001,-0.244171711770235,-0.121138006210149,0.0263600657269729,-0.197038922690813,-0.128852793026466,-0.0850819519454041,0.289781418720537,-0.17311037067098,-0.0790393351585167,-0.0811883648896731
0.65190773842075,0.198407000434729,0.174504129672086,0.110669747415149,-0.0642298351316539,0.576497216030384,-0.187698296328603,0.06163361795099,0.487542847648107,-0.00494985018583132,0.0306477793725613,0.170831243831103,0.131794179611581,0.0664943645786943,-0.288694682507044,0.128183826513358,-0.0690904302760429,0.0951022348365296,-0.168442031362848,0.10879211757587,0.055024654506224,-0.161248226220535,-0.00197472775918789,0.246189629706917,0.442801508625888,0.233574277772614,-0.20337306135756,-0.347555091026602,-0.225142330807257,0.122269508893483,0.187294379716852,0.165127383090553,0.382507380751685,-0.181871251372323,0.218982939126695,0.352645793955064,0.0896410200377306,0.199942378089445,-0.00720479644225358,-0.50741576407242,-0.203619353916485,-0.0344225042894064,-0.00710138216388225,0.522407455311414,0.172474027070301,0.105484736651742,0.21358270094272,-0.219696166198923,-0.0609793079026728,0.0935489371606731,0.0612552789394716,0.163022688933862,0.381196509259715,-0.0912010157156807,0.126442545792447,-0.0629700075074445,0.227868463517856,0.118632171995614,0.0791991805091445,-0.127954250883748,0.27267987963008,0.525891653489613,-0.223119084138019,-0.412556382847556,0.223462556542752,0.159870263083492,0.221770538539271,0.185932129029845,-0.0328883305913817,0.389377420393617,0.0365386332263747,-0.266700402202991,0.0132925626260207,-0.0612580640911674,0.357140108436981,-0.316306297379396,0.063661772161364,0.151019483043723,-0.0865925147780643,0.0387190418468852,-0.277285810836417,-0.558820796576705,-0.302795408016511,-0.204096254365293,0.134986983398768,0.278615656919427,0.13893182634511,0.305614560911698,0.234094117384841,0.144211858236362,-0.0583611028872415,0.282275466781783,0.288413061182501,0.636618137033141,0.562597439109681,0.552666619776863,-0.00845770681290458,0.0233769026288823,0.273922429602456,0.253906497468565,0.135287611831874,0.0437343189977182,-0.096065423699866,-0.288232211628136,-0.176448183318628,-0.351507938992757,0.418097087224389,0.190147549473842,0.134287353311553,-0.203192602762269,-0.334658216780983,-0.156121515808529,0.336703721596565,NA,0.364848592161061,0.156493752474607,0.0311325406345742,0.0572171111463681,0.214136902304514,-0.044602680342284,0.0611655606998101,0.415066040557432,0.12836013482179,0.567517243766983,0.171620826645989,0.139276030887389,0.345042041989824,0.557616651090722,0.1423953941503,0.11831302883866,0.124252644701701,0.187573152558592,0.0185145430776027,0.0941153791680744,0.0668843891846114,0.381475376642358,0.0328477579499202,-0.132317752695403,0.123157544741254,-0.264122137155443,0.060994588427862,0.203962287010421,0.0476732685634705,0.246223465341281,0.504959409159594,0.55912004197252,0.120551041907437,0.746615048636997,0.69599379096675,0.394336838709655,0.609396406743568,-0.0568210727538364,-0.126252093024107,0.100465470989326,-0.324843700285513,0.29246816462958,0.513312656712355,0.0727481278065447,0.192579349162696,0.101250605784629,0.0835436822475341,0.518566439315587,0.163757979678926,0.187259913584614,0.451240678768262,0.0819392433049084,-0.0679773595228747,-0.3606859394396,0.358016905269974,0.396271088304036,0.0238372511325935,-0.171532661078881,0.118662860853445,0.227787922105299,-0.100914824563569,0.133873795890231,0.234972568191596,-0.0152782506444369,0.175049672326932,0.0217860636987799,-0.0416382496606197,0.248282748850756,-0.350862203612574,0.0789179733818789,-0.0565760616033809,0.172110916399088,-0.323550623983077,-0.0880680497047102,0.277866810963747,0.315008861031548,0.351679109512445,-0.057228922353779,0.360522834689349,0.292466717685111,0.354052523036044,-0.348967655010936,0.240087483230345,-0.139048222174325,0.0134244891531844,0.349369697018675,0.437945974268234,0.0683215115815304,-0.0241122738187369,-0.0314548338592519,0.0837280258594379,-0.0418152143058305,-0.365421794884155,-0.0176915021783081,0.221925210739551,-0.0406285475761556,0.11683132222385,0.496734215720779,0.414196119448508,0.440858987632407,-0.178730174211544,0.418647267229675,0.255050947824744,0.496267965852736,-0.271031380644046,0.530740672379908,0.0164339045928235,0.305198693332565,-0.0495907157061105,0.224292986288194,0.515949415793452,0.176731717523479,0.316988337969399,0.188192580050044,0.149914583007634,0.0278068184540087,0.280140227882818,0.419552261393547,0.403899785889297,0.1671371598212,-0.0201658030600026,-0.215125654257528,0.252844404177061,-0.11933044433719,0.0990128380944899,-0.090610912693946,0.135318381321975,0.0391405426634282,-0.0916926871006712,0.363714312237066,-0.551573966046696,-0.244812126805107,-0.047961028889846,-0.442396577061354,-0.14521981573207,-0.704716824346369,0.0533614362041939,0.230448566520974,0.33553037451698,0.178844482635786,0.159194192901878,0.188177262337308,0.122596319600105,0.19534799694197,0.390488676316973,0.148624896151675,0.299679796236865,-0.0472239674054092,0.0156728112950723,0.311062330220631,0.00041413378940048,0.329091309498706,0.111373696450793,0.192902299454448,0.0795544012042265,0.17648575344295,-0.451935402333105,-0.110966133861157,-0.160606832684826,-0.293421488067156,-0.481621040911014,0.425822814104756,0.105388547264239,0.59106836402848,-0.0324334729785048,0.0715402225665066,0.138611901919776,-0.261397581327312,-0.332533091592542,-0.060771309954405,-0.0590880663243617,0.274064263731858,0.157747803795182,0.282108572473952,0.387610375693449,0.318009342263636,0.471735079305848,0.216603999626152,0.0652211992139116,0.122025167732682,0.212463807554277,-0.137224012930529,-0.0952824555969631,0.188187814696839,0.1737687766756,-0.074927933712047,-0.285484671732086,0.0747168219801742,-0.12738835964645,0.126690214464392,-0.199655226807549,-0.310276048594827,0.0153542588425283,-0.0412238653971926,-0.0180469066323189,0.219069291204855,0.409398120145475,-0.0900343640617779,-0.109786724187986,-0.166822486818952,0.37724227312117,0.419020917837961,0.113918069855859,-0.310093031867279,0.467194637108018,0.249702849718098,0.394723415400766,0.348684308312085,0.511226579913463,0.240200798544518,0.480404478150495,0.236074167672264,0.232094077202844,0.0621989301717044,0.394170261358069,0.098404498378908,0.192509432306644,0.157153997367668,-0.287966266135466,-0.507808420045538,-0.3636535791819,-0.301432236791377,-0.304185573672258,-0.424588192913678,-0.369884856868822,-0.341532698391818,-0.269335149705443,0.115999243010422,0.172296808590224,-0.0329496643933204,-0.0495943947098758,-0.220961100116499,-0.216696544381333,0.132147476441741,0.46552445816552,0.511677924085642,0.442552413752595,0.42932343844632,-0.181447222889525,0.0946451382767692,0.104379764263044,0.144419294584319,0.0700425637905027,0.128488931198285,0.305528616386039,0.257117846624293,0.205692566292061,0.123415251696752,0.227804373746009,0.21490085838129,-0.147586769019864,-0.0486562091565664,-0.0475140949410013,-0.0854109096808209,-0.0265905044141602,0.00365482726116382,-0.0149656672844091,-0.0962278084500727,-0.101735250870183,-0.349036454958642
0.164221772204142,-0.0508891207355179,-0.350455109652459,0.249020016378787,-0.0848882429343756,0.284835092579493,-0.285715325140191,-0.229297185311963,0.0843125844466841,-0.0773795043617786,-0.0866976656728729,0.0780821210619391,-0.109985390505009,-0.253594974530812,0.168923175508243,-0.052795143605591,-0.222365482346308,0.151656676733118,-0.0032582117426886,-0.186549702779485,-0.192322989788368,-0.195214495996969,0.128620993174623,0.253298045207275,0.342847434670745,0.18166097120369,0.0514889585610586,0.0623964653280898,0.164796873736486,-0.145422282309478,-0.089731739184995,0.0389887138867926,0.26843994115439,-0.337171585204831,-0.0279617897237403,-0.0109964712820158,-0.106958647497607,-0.0272310435382507,-0.132798961722669,-0.153304580075107,-0.156729451349653,-0.450352507697124,-0.0252463804334783,0.357690366071402,0.0320345510957925,-0.318657775032628,-0.107017877886432,-0.200804620256862,-0.300675825074484,-0.0586998489253407,-0.0148834017811159,0.319868018013774,-0.141219845212482,0.104962558109168,-0.0143761893687482,0.0220967149773365,-0.119673647679881,0.0498047778316458,-0.00263658018053856,-0.0396845880232942,0.128076723822302,0.0820429533987493,-0.21903090352594,-0.251859409989624,-0.0251357171688873,-0.0193922526292149,0.0667321009916588,-0.0370549563941003,-0.0543957449444817,0.014188020037996,0.0446673327204412,0.076858357855031,-0.0587385534768272,0.0663453936622916,0.202875235846602,-0.0752727922479987,-0.204587463718231,0.155518038983433,-0.000732284814914942,0.416068958522259,-0.131498398681887,-0.139112435728909,0.209171347791277,0.0966542990606061,0.0930117900236126,0.145232189354269,-0.00112529913110937,0.0732430606855177,-0.221947212693571,-0.266267399260069,-0.237108257985031,-0.0647930954529886,-0.131359056726588,0.364713113078923,0.219404476102475,0.219978750242446,0.216423229554912,0.204799907711501,-0.0839340375648868,0.319908787389445,-0.124402604775504,-0.287990401303802,-0.249286538155048,-0.309657548133281,-0.112205228865838,-0.128968500161009,0.175623159850581,0.0869373185102708,-0.0508636339597807,-0.0879447923016035,-0.202019323908803,0.0300674684023811,0.120079442260091,0.364848592161061,NA,0.317655137200229,0.0665914043199084,0.119124754821323,0.0262156808570935,-0.0533339189205909,0.568244300464334,0.309326158077051,0.249994502393478,0.454991123369718,0.0680620647796882,0.270486866126566,0.0465308837991857,0.148764583834311,0.00146870261316154,-0.080134632220137,-0.190015430496043,-0.0611462171783629,-0.0935055448060041,-0.0759910159835802,0.139876733850063,0.149952986556155,-0.11388617608966,0.185217581515045,0.0265560641391058,0.294110813439942,0.197252311537519,-0.111973743394232,-0.00157135275831459,0.0574049031813492,0.338086131639717,0.266515487087912,0.246314213686378,0.388802700015897,0.242060516732531,0.261859339425489,0.32082843888995,0.240329309310998,-0.158521365667529,0.00574324260087397,-0.341096832520609,0.199792108374158,0.320843530473649,0.137566728586691,0.209464187776269,0.0365699098731655,0.144835135066189,0.140145148016405,-0.200354514515369,-0.370771584534029,0.504052433811673,-0.0984111565114087,0.0841048379521654,0.187510867179463,0.167446079137463,0.550374010990075,-0.383483041887432,-0.311542960968457,0.0465374865891199,0.0274323514188241,0.033054535494211,-0.184196227168478,-0.193159369339582,0.00716620380320679,0.122867046668241,-0.196333010831719,0.179448745932992,0.57922221502247,0.138330623648423,0.398872659826906,-0.268583083802559,0.167151133884666,-0.24121980885575,0.148453498045778,-0.0898641318554609,0.0803521356052949,0.0776750495450496,-0.0600464353771299,0.0219988904795046,0.159532385006504,0.167433220544289,-0.164508976119084,-0.278723880644797,-0.0461391064335426,0.238369697222008,0.311140289533027,0.0654163878578425,-0.14688986820408,-0.026523016137789,-0.100126080565479,-0.107191346052788,-0.152592412501249,-0.328111864455294,-0.113144015729366,-0.185394715437573,-0.287703707064974,0.235635440557137,-0.0761113489499326,0.0115938143686909,0.173159808986626,-0.137575558364458,-0.0429816518681949,-0.0465235333144319,0.0754328253357464,-0.0415863769364976,0.342306720191882,-0.143641216163208,0.23600229351239,-0.279271810977806,-0.0466556637897988,0.281993429278487,0.199873768636429,0.0999724497455003,-0.000511242056212443,0.0353194041062082,-0.135853944290776,-0.0775360411032305,0.177163531032783,0.0557113909346338,0.154442204999067,0.179772923191391,0.154645553236586,0.473368897276569,-0.265079285374118,-0.243225480836735,0.171607428685112,0.276494489797828,0.291181217578958,0.222360175399605,-0.148307635382929,-0.191890683659743,-0.304158065974452,0.243380960476109,-0.160193892245031,0.183703864536706,-0.0561625566863269,-0.011737627608866,-0.00501826809842929,0.191213945666885,-0.0627705352809305,-0.175091982506176,-0.0573054227801399,0.0223058567002991,0.0804173261838569,0.266820484045456,0.27674027463103,0.269915466528247,-0.00240931887506845,0.195729249925943,-0.0439082802338352,0.169136146148437,0.257173271010557,-0.117592021076073,-0.23252662608744,-0.373811126435882,-0.246124091216675,-0.142578916291622,0.043359766935172,0.266688412629511,-0.246029432592898,-0.106467065070793,0.216757653850928,0.200117413181533,0.258523833180478,0.154771341947047,0.258087245696268,0.0439915608982067,-0.118509983220118,0.0328346046210871,0.0788216770899307,0.308731763869011,0.0406194292937416,0.204126480227557,0.232372758831462,0.29209942136506,0.058252693431564,0.229397481315025,-0.221114607888747,-0.148576209573125,-0.309872039608031,-0.075855479285866,-0.0697679404001415,-0.177634455290713,-0.124136254120799,-0.0916246758736826,-0.253942668246891,-0.256894182480588,-0.0841654615364784,-0.318052591393109,0.0356406433918154,-0.311008848125468,0.0143416745282293,-0.0435277921327891,0.0544901215748902,-0.117852592674526,-0.0535332096916503,-0.010769879050724,-0.193045460256169,-0.0386252468683355,0.169873590745537,0.298688210134285,0.284749172245808,0.270587483624372,-0.222339241088404,0.295203465367773,0.0152130021041897,0.380782144456132,0.188498488395576,0.272456993221798,0.211349365423983,0.26148687001532,0.528374130491447,0.359760407379124,0.244394481083142,0.241485176380749,0.228417296550716,-0.0278260249736895,0.228020501341648,-0.140370778141443,-0.11713481821309,-0.0440406630174498,0.209183895775704,-0.0606215586910492,-0.293873846945368,-0.242041203157983,0.0177343930386091,-0.0550890456219388,-0.313221599979287,-0.218224551860607,-0.376241002615545,-0.194107052408301,0.0490825707773787,0.104524739015942,-0.072902165055236,0.30013910611096,0.265914725533655,0.396222162178607,0.246605949715853,-0.131526104094795,-0.108556516485767,-0.0932576542996739,-0.270167495990086,-0.0520682088870352,-0.256769243003632,0.431519615248617,0.172105109225827,-0.0387484019910731,-0.239610150051974,0.0977711339949618,0.190896796288894,0.0418371645705137,0.108289197588753,-0.0801009235297296,-0.0327413949538445,-0.0692470502446684,-0.407413690741899,-0.0472974448827632,-0.095983478658417,0.0893072960370573,-0.212781595129726
0.72089083252782,-0.286859301052904,-0.388460970936544,0.361079113311055,-0.122265843517543,0.184933072798084,-0.0935747566109756,-0.348445128986533,0.168378654070183,-0.0955028955026632,0.0107047053729787,0.157102705639953,0.0350437158050626,0.122176492573202,-0.0642335821731017,-0.148196387176466,-0.47930322391534,0.17367929020222,0.165359147510504,-0.247787095052946,-0.457108207559771,-0.454621218932617,-0.00322490208879716,0.261946021707933,0.316378917967745,0.41649729842728,-0.14371849787618,-0.0691974949830162,0.485554359246661,-0.366270303802099,0.0666757047892471,-0.0490759888108426,0.073533612850798,-0.274518225523158,-0.0211335088627833,-0.0709714719925187,-0.250865258385812,-0.232499944052925,0.188457387797018,0.0629432809566404,-0.276558383719542,-0.4331598807812,-0.224298847696251,0.483055747289477,-0.0150830086348878,-0.0832878429652798,-0.0582431424806243,-0.0342505378959458,-0.584493580896657,-0.32744009844728,-0.232621779064575,-0.0960712371065368,-0.208410697155667,-0.289040230310856,-0.48122882520058,-0.224759963731197,-0.213208016946145,-0.357546597672568,0.188803667483788,-0.334772509327735,0.0340048954810046,0.240544218881221,-0.366732495315498,-0.146067680369948,-0.0278154610695325,-0.256988336189176,-0.0963578478250238,-0.366879718209556,-0.367074782923687,-0.10915527872845,0.0254570428857083,-0.172929769861703,-0.0763150132093321,0.263038805631225,0.34722818278747,-0.392571977935493,-0.43642768762768,0.0590787545430014,0.294385560911007,0.178835371585438,-0.288505041384351,-0.495597776084144,0.0188711479382795,-0.151343055315605,0.441658146542644,0.487756009338554,-0.327250569035891,0.0598155041123515,0.100741145292951,-0.46774131169638,-0.525007188869456,-0.206118967446189,-0.329259722043944,0.365239459238652,0.582712770012977,-0.00305985615946906,0.0428194584002334,0.129632616741554,-0.112874844070453,0.109899867606831,-0.305398315440762,-0.0924690891903238,-0.379088172426946,-0.561123395936606,-0.449513759333672,-0.40092569627572,0.276330071442354,0.136996920468535,0.238206750310628,-0.172863529813938,-0.242208471543411,-0.168238099919207,0.063230252854949,0.156493752474607,0.317655137200229,NA,0.830428863017109,0.418171940927536,0.593926413112363,0.577004522127154,0.0982225068452841,0.0757498111799689,0.203582157679008,0.602586421915925,0.801642029844057,0.137826742357647,0.29107709542492,0.0812082417431646,0.047611931460573,0.289933425909121,-0.191258744150382,-0.232499827714508,-0.186723065233717,-0.191257626449198,-0.107487110262771,0.0943602217388877,-0.207457677662454,-0.0950681889402616,-0.0584847877690398,0.252123928800181,0.0797473283645742,0.10721345202252,0.299530773047692,0.345255317253146,0.505580203869507,0.477870439098698,0.211433906310837,0.0708256980836693,0.197841121303467,0.730748537988196,0.491461118296181,0.742922283775216,-0.258631535851888,0.413235311144237,-0.37040487673812,0.415362966584936,0.109456654427662,0.135620865539891,0.192967939704801,-0.195712256099336,0.128024223535955,0.407644829208658,-0.324847601318709,-0.433949252534119,0.474298762905237,-0.255839528800542,-0.251262439450448,-0.00648123385793602,0.0962193325787918,0.135844366115579,-0.084481090663215,-0.0768901637850374,0.167208179973425,0.395410068892109,-0.225633002819418,-0.221198196635611,-0.195645915550024,0.1464862905001,0.0157616112866963,-0.395981777348643,0.0173953067387483,0.264376379153018,0.08948168191492,0.752216322396078,-0.223306622278673,0.334907440188248,-0.269729354372567,-0.144776742900181,-0.31851413889636,-0.0548444307837845,0.183479771438684,0.150338845340766,0.0814040892161999,0.332144619907677,0.272286085538279,-0.424211877447433,-0.350746349235846,-0.429588702465949,0.0605752017882804,0.168982132829238,0.118797820550178,0.121315628810545,-0.243413322570735,-0.2895759808297,0.299788190934901,0.284431789294962,-0.323630920114878,-0.290696048092561,-0.238107430570926,-0.415177816335592,-0.219748170108667,-0.123097884880772,0.022857377820724,0.129542575645714,-0.135043932517991,-0.0473178178562601,-0.192733938254121,-0.100772524801735,-0.286187114155165,0.214112272573637,0.112369131717614,0.256959116262877,-0.474267934841418,0.270277564294914,0.131844255260894,0.489970799325092,0.0252664093740736,-0.151593533963774,0.0816181398327847,-0.235055138183139,0.156686268529886,0.379671738674876,-0.0664707838226193,-0.0816211564208555,-0.205890032126721,-0.0845048675863112,0.197015043844096,-0.246421562741365,-0.35296461390661,0.0507534600270423,0.414761101706098,0.215165377007082,0.115698696649626,-0.111418431812737,-0.329276959699289,-0.508289740602892,0.122497692663187,-0.16421084202276,-0.062193078671496,-0.102960274851104,-0.364995574731477,-0.435714011245924,-0.091251332115676,-0.388882243290778,-0.481846990889218,-0.298337920810953,-0.240048509619444,-0.224391677703407,0.146805777214899,-0.0539681787896474,-0.088689295760932,-0.556365843120946,0.142692241355041,-0.17795689289548,-0.0617114885144439,-0.129437857256375,-0.0843132139026895,-0.310700685828332,-0.418463155556643,-0.121728408905512,-0.271790167431764,-0.363815025047374,-0.0133901557550601,-0.214250120938067,-0.313102253637641,0.470302740791737,-0.292946881432813,0.342164893425871,0.915707026239832,0.305132684402417,0.921894611412696,-0.30952135250749,0.396745076787185,-0.0967053762455454,-0.0415563096370163,0.228143873716709,0.894100124778516,0.921970537654608,0.108492490622565,0.433347318903842,-0.0122648625600414,0.0844818506815952,-0.248477450499583,-0.0231912854103162,0.0976593878191182,0.238762055924951,-0.601696291495507,-0.279134057192566,-0.0756669731115625,-0.333426273597946,-0.0936171583434072,0.0496255758937689,-0.396843052734552,-0.259595696757507,-0.189704406080284,0.0370028509328332,-0.205940063201097,-0.279717931397538,-0.210651372062565,-0.377155740522605,0.0162264792349479,-0.321524165130763,0.172284904937347,-0.117550214586469,0.560194649269948,0.360835017082948,0.111391482668069,-0.447046361636574,0.21755155998031,-0.333085086374409,0.426108585068548,0.839382571347766,0.537858907401493,0.454715385554341,0.571443973919744,0.183725435806778,0.0289250994656203,0.0990768063046165,-0.0281487114910414,-0.0724041115298936,0.53868594098145,0.213225587702807,0.147291409240516,0.0186844012810395,0.0816879980451352,0.170438378504334,0.0327488758705843,-0.103058104924038,-0.0856587499432026,-0.0623509311710893,-0.0607057635852053,-0.0355855394432856,0.217685498942455,-0.182099563802945,-0.313355166516148,-0.072059753457273,-0.0147925455883446,-0.119652551838691,0.107685068367001,0.232375790717826,0.218966503257011,0.453309042678017,-0.246377602515342,-0.19250078894968,0.0200940243555939,-0.0716956937771777,-0.225369329709926,-0.414390439812338,0.0311911423481104,0.352258001721999,-0.279009604794219,-0.0219959650606988,0.31126324372298,0.517990258943122,0.0179267540034235,0.312832283303747,-0.0249220121978156,-0.0288474261704703,-0.188208575135975,-0.214846899026612,-0.133120066368715,-0.356143568056282,-0.03769614945557,-0.00431927164633843
0.37608717772084,-0.0266931600546993,-0.232184305256765,0.334785251601409,-0.126363329079135,0.0819341631731288,0.0959618449711097,-0.124249161803031,-0.0567665140984635,0.167273913256591,-0.0468012872598188,-0.00979454527656858,0.0986450051922891,0.303297777100454,-0.0909086169870179,-0.0723280716631716,-0.356329503799599,-0.011766985598116,0.104361646667365,-0.0250871684749089,-0.194562844535011,-0.0713563964987898,0.137737455134035,0.186034611381775,0.198126383436387,0.411580899271825,0.10643377808364,0.228111886253081,0.710401743179195,-0.279427841476592,0.223217465632888,0.191879486735795,0.267233941851895,0.00631365324145632,0.0982120571101446,0.223657169024917,0.0276545899561379,0.0235060480062667,0.369544782982712,0.101957381874152,-0.0825543183025056,-0.273221075853579,-0.0213142678521675,0.361251532095551,0.0906349765042898,0.0636562416534985,0.169866503083298,-0.0189154791409583,-0.348301758122633,-0.12573603557625,-0.143223857011753,-0.0997262822196827,-0.188542410095618,-0.0308922259529054,-0.239934127497199,-0.060386759795131,-0.0774844684940643,-0.133572287383624,0.304101897859306,-0.158138944827239,0.086327151762743,0.0464981860492364,-0.148681160900761,0.00172277285009877,0.00971237764068847,-0.0426549786298386,0.0927543565217864,-0.0637923192273629,-0.294380979158459,0.0296998395986159,0.170119386414945,0.0594012728995468,-0.0192298119308056,0.168205821622507,0.188366862531369,-0.293234478967462,-0.18823450836867,0.0669116083079803,0.180975983879549,0.18270987563892,-0.0696165906270866,-0.292278096238494,0.114309076995751,-0.173842473629652,0.27834691820944,0.268546738224306,-0.244063585312367,-0.123774412752716,0.0363985538897922,-0.151493996052656,-0.301876195469443,-0.178290365045259,-0.273030767896427,0.173873469690226,0.372112429506634,-0.0764637495934617,0.0116613104930597,-0.0680880669375545,-0.0348795878845976,0.0555851057216862,-0.16925929593416,-0.142136580591464,-0.156823377622626,-0.251760387155692,-0.194609762105666,-0.217878246392236,0.191310777590109,0.2223464661275,0.105419761974796,0.12382536325883,-0.0712527077712345,-0.0803066591713151,-0.0298716974353371,0.0311325406345742,0.0665914043199084,0.830428863017109,NA,0.286204734615376,0.460618584289738,0.428067402604958,-0.0325977997759279,-0.0192832585905726,0.298747046713962,0.151203620564583,0.605996372930902,0.198550734320338,0.163942593953875,0.0642880946545854,-0.172393390735296,0.334032945256308,-0.0455842783196273,-0.192224775015269,-0.129425029610519,-0.256787347400887,-0.206369720480853,0.0847385816648613,-0.0692647583908091,-0.0863830717318635,-0.0171116917296479,0.107357719261309,-0.110674127692781,0.302061605250031,0.286540831194039,0.34447766281287,0.33848233113278,0.277658315693664,0.232381937916149,-0.117875139983595,0.172356721861354,0.524551983675954,0.230647472130567,0.707012266870962,0.0376831521817871,0.557781080318216,-0.0187619659142094,0.18931749792973,0.042833669972593,0.308876254077742,0.0844561424614283,0.060993582952291,0.223683541573318,0.228066143759713,-0.169428553416326,-0.26407092907926,0.418699081634942,-0.163040536888323,-0.19246643132054,0.165262479828915,-0.0614844504225,-0.00335436872842325,-0.00320370523318547,-0.0879954457683521,0.123473099301194,0.365687078974273,-0.102436215134882,-0.0818759723402336,-0.0922350234090693,0.0379011259293223,-0.148523871065773,-0.207842674164457,0.16233821306105,0.248156055593461,0.236572215041496,0.692541852178042,-0.0619445551052724,0.32869781608351,-0.244436496772483,-0.0468360625659187,-0.236827510398989,0.118888941400788,0.229155094461072,0.155943268750715,0.118092790087484,0.294005500727476,0.298919273598839,-0.29652785564914,-0.148195222995195,-0.34226316156215,0.190462378098916,0.173597108727702,0.25640285646225,0.21468726360672,-0.186321020493505,-0.0784083989917374,0.298754841500755,0.301861117151956,-0.204717999699939,-0.113342349056869,-0.242181158219167,-0.213768543326627,-0.263578244045348,-0.161334067033113,0.175099414874691,0.164333058191803,-0.022555126218578,0.113421001457901,-0.0528765180603269,-0.0407492741059302,-0.333657114389203,0.100973012539619,0.00293540954829363,0.107873686051528,-0.23372190021657,0.352717534382957,0.209083679754649,0.507078527301724,0.0876178149822138,-0.135390297465588,-0.0589697142015458,-0.0239173786294088,0.130765367347403,0.479034584386681,0.0302404065679968,0.180912192252862,-0.0492232646447451,-0.0737496792962826,0.0280098760034197,-0.196614227402021,-0.309004381647837,0.0678158581180368,0.260227266498889,0.159698473282962,0.164526116109087,-0.068589966353157,-0.227937244264243,-0.310030120537194,0.0671744589824635,-0.190579546315124,-0.220376289989711,-0.0677656779418289,-0.27693502931593,-0.311613049812648,-0.203625896561799,-0.350154570088032,-0.158108521648729,-0.116644488287857,-0.309178941971517,-0.102272528121731,0.163687553616279,-0.0105777151406512,-0.035955730784503,-0.481800623318769,-0.0121762575085966,-0.075759210646197,-0.0819418156546226,-0.180370052185748,-0.11376209981637,-0.159744194762029,-0.269992013785718,0.0193795576834192,-0.288423344745717,-0.224093043871533,0.00732648274051734,-0.153492554188197,-0.266027851937477,0.10579348365297,-0.106691216488061,0.252285789674416,0.75508381282681,0.0597731230256605,0.620252548396487,-0.302750134238064,0.442013319537189,-0.087591528514099,-0.130871207225189,0.158082629855332,0.513369291695778,0.600746309735103,0.0838714275093397,0.337050423838808,-0.0359736520387636,0.182147646661805,-0.106528860474318,0.0896381300643229,-0.00785224033232131,0.182325520058255,-0.375703940700442,-0.169586524734222,-0.0833815632066548,-0.23654118442325,0.089111501487037,0.0861281429461754,-0.373944318015865,-0.221442960734522,-0.177928561215948,-0.0533736338083811,-0.0774373759932777,-0.0867349514808004,-0.337445897500604,-0.111901329915907,0.129208453413087,-0.149664154838591,0.109470652826695,-0.00296697928294007,0.498471699722898,0.25379030926045,0.138014714029752,-0.217358649545912,0.133832208021625,-0.221711661193706,0.199225504406679,0.622234966715137,0.409588629220464,0.414640056173303,0.467998962366116,0.0627224396086746,-0.00800744001822235,0.0681725353220996,0.084834251527565,0.0885337783169691,0.480265434505158,0.178734723085188,0.188806691850571,0.0159925173775516,0.16593646946017,0.0885532018158428,-0.0479596868216885,-0.0122780201884721,-0.0354339078360841,-0.0902936068712766,0.013191715479991,0.0516290258809764,0.135217983692224,-0.0399575665047215,-0.28341253925675,-0.00549564487643783,-0.00509174834864149,-0.0815877484697173,0.0309836039113383,0.153101677846688,0.0867347967656062,0.282672564313735,0.00286937697250922,-0.0279516210580176,0.201354526365806,0.071537010254202,-0.188790463153265,-0.26327362470133,0.0285715505846971,0.201689308152392,-0.073118436014663,0.050512994620816,0.196111823853716,0.308499755275596,0.105477658622563,0.375428933306855,0.0874277515940989,0.0125390843604725,-0.0273659700900166,-0.036197728873378,-0.275036799293898,-0.120801845390852,-0.0994729983439766,-0.180996763503421
0.134523344623307,-0.297597883119751,-0.429800969170777,0.339013607696803,0.0371323388373248,0.220123720515182,-0.0353330440626613,-0.219828719954958,0.0692037191783349,-0.0647990165336953,0.37136273427777,-0.0646281607061558,-0.0699303643807176,0.0832536161973151,0.196539211944159,-0.0353701819283542,-0.0654483921815894,0.159500332793244,0.152780554054622,-0.176966572651013,-0.437328498406205,-0.140900581026102,0.120911950402346,0.258930920131438,0.132777854923799,0.409947014191187,-0.0289162974990656,0.0533639819392668,0.364659376250193,-0.236440076178749,-0.019624019428317,0.0267441582565876,-0.0545167545240721,-0.228439492758368,-0.155820688366214,-0.0742898789400682,-0.216425560615079,-0.179176677857276,0.050506187082839,0.0492052796216861,-0.302197499126159,-0.328060772215819,-0.0189431679132048,0.378351568287825,-0.0318113141296835,-0.205149474785568,-0.0769065263150278,-0.00908024195100952,-0.34497518013368,-0.294309522062327,-0.0451297742673121,-0.00397615790424647,-0.328883028570421,-0.169370123515367,-0.189398950117158,-0.234310529583243,-0.262308330753049,-0.26572980189247,0.149680859630243,0.0956731448353985,-0.117280108491983,0.0772426342056115,0.0151366554117781,0.14134694990851,-0.314184308451947,-0.10915733625315,-0.162409247537426,-0.214972394459875,-0.010406968384706,-0.159232391381523,-0.0998078683062007,0.0663245262049755,-0.0240424427561217,0.298255817398114,0.376741966602726,-0.322448618839207,-0.330677074167425,0.215631322251987,0.393266983083516,0.333076465473945,0.0299501740388332,-0.143160764504018,0.00718000673818568,0.202726566049525,0.460729806573639,0.42722702322855,-0.28148534089939,-0.0316636248044396,-0.200539354190763,-0.202815923120256,-0.26169323206358,-0.17552357752579,-0.251952438989989,0.222172188509101,0.167705933284219,-0.012930501060162,0.161371015585238,0.22923749417899,-0.0193302289261935,0.130147243832617,-0.290947902324561,-0.000918898274041098,-0.211375726859118,-0.16946784828755,-0.304967540630891,-0.140960167630579,0.206699828340514,0.172470861965023,0.147005499491777,-0.122211869169588,-0.384278658109877,-0.012903032794115,0.170413376052059,0.0572171111463681,0.119124754821323,0.418171940927536,0.286204734615376,NA,0.478237226818333,0.264414094158095,0.0970940867576723,0.0847294262336261,0.126765427884792,0.0545938468048465,0.275235374307901,0.0993364338634039,0.0239628611212829,-0.0883037387066783,0.0745028234186254,0.0336684686993167,-0.43563733525399,-0.159614134001643,-0.100600570700832,0.125904951156672,0.105618800224667,-0.000878725722045557,-0.11647842048762,-0.0617799562637302,-0.153645880565261,0.342625227187225,0.161960843480381,0.120114361178481,-0.051769836597228,0.223038986159558,0.322112827986398,0.312811399961104,0.261493086884214,0.117600345529143,0.0850701208747368,0.448324012884031,0.312043911695707,0.369816467999981,-0.213840961337688,0.116751516899085,-0.285357197596953,0.238332360035406,0.181655590464859,0.214464832343061,0.143614394598508,0.0313705515166061,0.135236563936775,0.0240926438735363,-0.381362131443255,-0.307501080583947,0.344796070957027,-0.198599154978916,0.0592770661975992,0.190668964144025,0.0107458964651013,0.129756010544772,-0.095400842253449,0.0202254126219382,0.011807572456588,0.0870611584250797,0.0489131936555529,0.00327049397241767,-0.227888180464453,0.126761348468014,0.00130964968761465,-0.324994961379193,0.0976654584073652,0.420120138778587,0.272386060273947,0.267279170674309,-0.200737677083257,0.242281367974179,-0.112171911122813,-0.118787474652881,-0.462825513906162,-0.0825115600681924,0.0247485977595923,0.0911345878095024,-0.0856013061588304,0.256538185696004,0.0579686752845387,-0.297746992724531,-0.245224995918084,-0.115574756381073,-0.0084985203717428,0.132795454193343,-0.0762410206996612,-0.161779873097593,-0.137738270743151,0.00780255455429031,0.21697451003452,0.0269885217415936,-0.169477785990013,-0.0311747827019309,-0.142841470981738,-0.206340339480225,-0.142657392931658,-0.242548165305912,-0.0683774883292435,0.0647831058669924,-0.00179265411093403,-0.0682328350126604,-0.104403677088724,-0.100806849406025,-0.136789172652132,0.217537021094334,-0.106325595885697,0.218548389687266,-0.263064071643204,0.197752151772655,0.0610252078321667,0.253465799792605,-0.0914510501221209,-0.199881948155037,-0.112872036914822,-0.219244487382841,-0.00671102015629131,0.229367707046442,-0.188741610315088,-0.0803112581226118,0.002892138384783,0.153889293950082,0.356069913351063,-0.0632146524223537,-0.383575240313773,0.221194265052539,0.388864377656126,0.560513302377345,-0.0472500854466886,-0.164834910152494,-0.107060370020604,-0.202753255777472,0.266512201489208,-0.109230169355078,0.10445824948396,0.10290659342071,-0.330402644772746,-0.326113086269178,-0.163798086778015,-0.249666682386565,-0.262912980110932,-0.124369443419127,-0.311529106362338,-0.260046426849724,0.0999507176071498,0.0050356397009596,0.0211069441501461,-0.163882772759944,0.145229297808521,-0.178615712642657,-0.0336535108001842,-0.138295918581478,-0.0863422966049213,-0.163351530918081,-0.26556062081721,-0.100892563987362,-0.072404292702965,-0.217569481440796,0.205805869436184,-0.0608799364742321,-0.0670555802853095,0.190622087798558,0.128951974567783,0.287827379388203,0.380743293731283,0.261175571032922,0.474983710372054,0.00925927291175469,0.341092510310948,0.438901502434045,-0.114542484196291,-0.013334588501019,0.341924915691107,0.316349285892099,0.166646610613238,0.0891704644845485,-0.00732631670273246,0.072572526355448,-0.328285526774445,0.0065930250385735,-0.228191074931143,0.0589423615840891,-0.142727541039826,-0.251381622475063,-0.178385149030102,-0.220225412145518,0.267731746192732,0.00309233390000776,-0.000514739958754709,-0.109335762613303,-0.173501741351202,-0.0548527320240441,-0.1560777934195,-0.0594259408459652,-0.163367221236716,-0.243701898291647,-0.157036206778171,-0.373771023274923,0.0282121911376944,-0.406731568921663,0.264604258312295,0.245546030343728,0.0944738068353597,-0.108642124810646,0.196710942479588,-0.0507480753966914,0.348880553611251,0.417108322157306,0.46628559117698,0.230241538892563,0.384505900190784,0.131651440454252,0.163717535398645,0.305258199055221,0.00237216278944853,0.0250956858302567,0.272233163866542,0.157097195934071,-0.147918026459064,0.0119560320489177,-0.0341224093150617,0.309428940408952,0.110097694200759,0.213223354017026,0.145700224116314,0.101461801608258,0.227573231881254,-0.172861324175835,-0.0738973563381768,-0.223874399815074,-0.35745264936301,0.0597522555978308,0.108594043311079,-0.222633576585876,0.129803068473876,0.160212404890332,0.149851389683796,0.29980514430208,-0.0216078606600468,-0.0515922023535527,-0.124704018027043,-0.257627373672133,-0.198357881032727,-0.344339829021971,-0.0942527656095632,0.291768238814994,-0.279539704233146,-0.118772812281352,0.195627291344972,0.258545967686182,0.00510572264440977,0.140252771926891,0.0881330567709644,0.241967686641942,-0.272626083469466,-0.0846845163264176,-0.0622789292245589,-0.142998925975968,0.0696528306897774,-0.0622558605414607
0.493425208968223,-0.150946982285736,-0.0774128227543852,0.210890948284663,0.207280287555682,0.297490411737614,0.250478439265907,-0.161454762873672,0.619926354822875,0.0740723974609987,0.186321247245601,0.15084789194696,0.200225966086142,0.347838077204597,0.187583587716093,0.150325109486861,-0.0558164965875614,0.139213901717438,0.0976023449544562,-0.0510821194387108,-0.333182942209162,-0.250030844772526,0.188672322875784,0.691616185629159,0.356624168061406,0.446751084874969,-0.117380087744284,-0.0526440841759311,0.364552555559942,-0.141462610398861,0.151161420145544,-0.0571535467201167,0.20975677380837,-0.210589446144182,-0.107375412599493,0.0856129462214434,-0.172004278456205,-0.261612261654047,0.0884083965340466,0.202193509516077,-0.234568737719433,-0.0819324195274757,0.310718234212076,0.574833847372053,0.0368106685525051,0.118680646058085,0.174150149145952,-0.171512825319349,-0.334856540168154,-0.248478480534277,0.386563546348766,0.235274085589528,-0.0899884198682791,-0.148738383987533,-0.162567313721262,-0.152623254680951,-0.14219707378588,-0.293416648263595,0.051429188301385,-0.109720617522128,0.160580621604856,0.046130793622063,-0.171812583551308,-0.00769501958911985,0.191761742985119,-0.0795501200235099,-0.1965388337979,-0.397516837076765,-0.183214697387356,0.051460480726639,0.152714516494459,-0.288989573598302,0.0442561337258041,0.641698666041443,0.619939957350122,-0.460550052321263,-0.393785879607844,0.554275830338041,0.299674987506841,0.285572064177166,0.0189014004839033,-0.276600894444588,0.0604353396028586,-0.0295120145277919,0.790485210927608,0.876551475701943,-0.128308366068862,0.505600877844556,0.13538138370263,-0.148448618238293,-0.186859761208969,0.149735368828888,-0.0371528450221495,0.461813134646296,0.552646882882161,0.366334060336891,0.229920296550758,0.234448783162208,0.0737303308208798,0.483004035725529,0.0243727596323481,0.0145321789769691,-0.166517466211047,-0.146762194002473,-0.236373174077997,0.140736398685146,0.493456335548433,0.298298493144913,0.746071423845193,0.211898023240781,-0.174053374518689,0.146299214225544,0.398807455859696,0.214136902304514,0.0262156808570935,0.593926413112363,0.460618584289738,0.478237226818333,NA,0.864951284039409,0.338971069507553,0.400291426540477,0.313272722296701,0.295785302795013,0.646280536038032,-0.237285265587324,-0.0280692025604172,-0.252786497964496,-0.190620747239659,-0.0752756957082113,-0.176802258131728,-0.137519385113811,-0.055884073891291,-0.236157312869069,0.0953550260985331,0.056390965244101,0.0464942015689042,-0.11757618959651,-0.0860582977658145,0.299909386144244,0.275496077347941,-0.0680248764158249,-0.058925758460693,0.221723496063437,0.360194866948145,0.434653455870816,0.261765089358932,0.191800117527499,0.301198746892858,0.650661023194402,0.678291547707176,0.478314366597191,-0.0943935587540812,0.487278163976172,-0.0280137004170742,0.764263621328482,0.428808552136835,0.270605050188508,-0.0725084486533024,-0.0597663396443814,0.142932826032771,0.117521800642229,-0.250565128750373,-0.0283607395677846,0.237372799516511,-0.0308899292674071,-0.346156077735719,0.0723384979307485,-0.115549232192046,0.0223139386803458,0.049985604748377,-0.12867876212673,-0.010952057666614,0.249615241261999,0.0596708120636615,0.0625286891431144,-0.0106556109419279,-0.0075506859449847,0.184479573599781,-0.293380735028965,0.118265927528162,0.346637222422601,0.113464213282648,0.223593622934223,-0.0699047952177691,0.315528609891464,-0.145909450072269,-0.278644874247253,-0.382355354425237,-0.0103464046179555,0.259282052585018,0.383603248247199,0.0132510075406638,0.334923606254509,0.112368045080191,-0.410970547382953,-0.0090345786881397,-0.223070198532499,0.148405386783576,0.253414750151247,0.269331483700999,0.100218421343612,-0.103467034086095,-0.0817847274442888,0.350465085396236,0.227413254454316,-0.388799602284327,-0.146882835472356,-0.127840222947288,-0.0506645141167668,-0.0073717298981716,-0.0218955151117986,0.140950816002762,0.11187572005141,0.00202821358252383,0.0798200055168277,-0.030248293115796,0.0709226158778205,-0.388826160544285,0.0617711402685705,-0.197134209202491,0.238462187224455,-0.347639563544603,0.615640602621531,0.0831014902637622,0.466815094517249,0.165470099385409,-0.0552855063701883,-0.178217139762424,-0.163623486503045,0.0306245071922726,0.140052443425369,0.0240901488274752,0.0343244986042376,0.0202976956297484,0.0195377238549698,0.228953317245263,-0.0948048046671919,-0.453380801020112,-0.158885992015741,0.40573583989936,0.392594889472048,-0.136051301526319,0.00625812703724668,-0.337246321310433,-0.360902363331419,-0.00243838772765781,-0.215481399305088,-0.146753080281021,-0.195905748870589,-0.177675292619092,-0.19115418027735,0.0192342704325752,-0.2807323559262,-0.139200661401881,0.0351687345951644,-0.274547309063434,-0.124002726522497,0.0788686455766537,0.0648052435764616,0.170409623274969,-0.355949501255694,0.2058681079519,-0.0887377679707518,0.00570774164655357,-0.270845991961902,-0.230203338140247,0.136012007636904,-0.16607972739489,0.126212841736575,0.0629032610570766,-0.492167167122756,0.149865648755317,-0.119612614207082,-0.26210979864629,0.232285809277094,-0.0918299442937691,0.197594679796224,0.507884615932606,-0.00244567371797495,0.772210122856611,-0.083360822263519,0.17077950321433,0.025315808283409,-0.271588389338458,-0.00592455532940917,0.381356677722049,0.403621713749695,0.0500070649945263,0.148356739537364,-0.194755995848333,-0.184033739217944,-0.263367517516291,0.0943339577720921,-0.255177176502721,0.150325738951452,-0.311921090377591,-0.242536373769552,-0.268100487433705,-0.13170957298852,-0.101025872519735,-0.27665447431464,-0.0654654008822832,-0.165454409387635,-0.150001809363863,-0.349957367372093,0.0219337556740727,-0.166563852816015,-0.240481229219768,-0.188474568092444,0.0626334403224283,-0.270058205717557,0.0235642716112597,-0.230658920550761,0.224303176383242,-0.00311413192827441,-0.0838325740956503,-0.36874731710986,0.159528293724747,-0.0538950869477477,0.0871976137554623,0.407915349481588,0.465263966155542,0.0286344092575259,0.406020725274602,-0.0175584793786198,0.0584873584189178,0.113369294221759,0.096135835993164,-0.0210391853136268,0.191027741389347,0.183419817899169,-0.082425760945936,-0.0793621702700112,0.0681903455575906,0.181061166267509,0.042450674990234,0.121701211821389,0.0857745286116233,-0.138151354790188,-0.0409845348223061,-0.0710775777057995,0.137767763228187,-4.47148867387812e-05,-0.234511409166127,0.170277209606874,0.117857973078444,-0.0588085340483069,0.130791190482871,0.359362733562691,0.0762311704528875,0.577263534940303,-0.0831923763303525,-0.00321602992801382,0.144225945992813,-0.0917239613422462,-0.10115916846083,-0.0735342027721832,-0.0794339479668523,0.547804091788825,-0.279826012787946,0.0280155949660333,0.0672340692489537,0.389261909530617,-0.0354148197397014,0.387649717742429,0.0222703738005516,0.0540420639255257,-0.222401359919893,-0.111664881802004,-0.0225534071727144,-0.092729042237887,0.121298173301216,-0.0111103346853585
0.25601202334684,-0.192750288950999,-0.0156214851616328,0.174944099667636,0.167539710269875,-0.119988583952677,0.308309764544915,-0.241231700623838,0.297405688467724,-0.0460190586275771,0.231818142942718,0.216543378020865,0.138315146564709,0.269996992417578,0.190874366738177,0.0419915984621402,-0.0492470700011887,0.0662390482180604,0.155037617305559,-0.0626648852960139,-0.148910221964176,-0.188408257139636,0.101014681640198,0.512178664286797,0.138424942188184,0.343116890661959,-0.0142209842800639,0.0231896335369468,0.268743598406689,-0.000276839700822671,0.139406065397988,-0.069758270476907,-0.0564763372259882,0.112778222229027,-0.213166305225864,-0.0343033864610616,0.00656169432404813,-0.246117047584842,0.188646663591464,0.495995846640444,0.0500583385239688,-0.0599157552342499,0.09630019076951,0.204958733601202,-0.0850595405760717,0.103717456537315,0.129398068077081,0.086760262090059,-0.135725534082891,-0.218023802907199,0.222575526568603,0.0834681232320314,-0.272473748028746,-0.028366170918082,-0.245659166296703,-0.0796732142472427,-0.204318127310353,-0.224065462490086,0.0750956082323792,-0.255507709187123,-0.0935643064138807,-0.217507948894335,-0.00013647386713885,0.107455661924526,0.0361542543474949,0.00951185056048557,-0.188269935466306,-0.27048467210309,-0.28108326134298,-0.0846863116796005,0.0588645009171074,-0.487510660261529,0.00118952620884221,0.781061915063879,0.319626888620201,-0.271307690172045,-0.456812630456837,0.503392875371991,0.405328240925381,0.20544849997537,0.0953278150773213,-0.138610620041093,0.193532341261668,0.114575001901555,0.542022369963977,0.539766765962039,-0.207085891054665,0.318585873754414,0.068705922953809,-0.311144378800044,-0.121153984181128,0.0496219024162448,-0.0564020952405537,0.133730472264589,0.193606900764442,0.0366407264332691,0.155209116463782,0.290152082644285,-0.138499568984132,0.273681201061718,0.00341298251109332,-0.106979652334954,-0.0774710608676103,-0.168723084761212,-0.0330355098395509,0.211012464131889,0.312845946427081,0.0649487018937233,0.710168974508107,0.326642401698148,0.0438523333353956,0.245213160437842,0.134730547668706,-0.044602680342284,-0.0533339189205909,0.577004522127154,0.428067402604958,0.264414094158095,0.864951284039409,NA,0.0960212430635543,0.23409830965222,0.236574739589971,0.170041144237635,0.626609077523365,-0.301960891015671,-0.187203135017544,-0.361206514013481,-0.18010182099145,0.031181649998885,-0.0245559238340296,-0.024791426221167,-0.0837957513472665,-0.126504128679211,0.0429067199474551,0.114805711401813,0.000719710784664374,-0.0160262170770218,0.0475989095989329,0.388082158068315,0.344841897076572,-0.130441312903264,0.0853472832978235,0.227132414198766,0.102365692598226,0.0767178279985702,0.109134296362142,-0.145180335097823,0.0577158353671964,0.349247834831828,0.272956812524037,0.471937291784664,-0.0344416260146581,0.434136472217547,0.107343336898955,0.544773333429864,0.0609824634525779,0.312543144065166,-0.139968199303156,-0.010397531961965,0.132474503976607,-0.0582460316825073,-0.184396980585846,-0.230912343704042,0.0421614390223997,-0.00955088324243534,-0.24767309732879,0.345320864544717,-0.0503806210837743,-0.209085902823373,-0.0830602235051577,-0.214299742848769,0.0912274131469204,0.249554275374836,0.103351855880029,-0.0312624598425364,-0.116089424222269,0.127273586190292,0.255634139155708,-0.114668862259976,0.253414878420555,0.235538724725818,0.206122868056212,0.215394980639696,0.0646178441151052,0.232149293292947,0.011161339829064,-0.0383003847449342,-0.402463903266044,-0.0279002846143277,0.115952939716161,0.123549822497531,-0.13662066926097,0.365442689721284,0.175322800281712,-0.0995716767749681,0.05354433897656,-0.102063010324645,0.0941270206377961,-0.0207700553251466,0.291067798972672,0.310881981498512,0.0730029668470621,-0.103820187419952,0.366472645785105,0.419613933783115,-0.127812869183875,-0.403199870045075,-0.165989343403072,-0.0543057272022754,-0.0740686326974921,-0.272235606307955,0.00723961689384488,0.0129493863328913,-0.118046537586249,0.0281206015187321,-0.0947951353000661,0.0782355744341634,-0.117789690961535,-0.281523053242077,-0.297866271181804,-0.0235214285922897,-0.203189993106454,0.358346243916204,-0.173484142629861,0.402840709479883,0.125530497807144,-0.14166144677751,-0.260598552695699,-0.18231589247334,-0.20135460331592,-0.132185741328982,-0.0756115256420915,0.199835747034764,-0.0996114507131203,0.154334904304587,0.0506152770719184,-0.0366410066836232,-0.241851791495496,0.0360933972693318,0.236806048726544,0.280299439047615,-0.0115326682252612,-0.179228561072087,-0.0321756628805983,-0.067965119629876,-0.0286207733708222,-0.0113089909601517,-0.148685580411425,-0.055763271397474,-0.147095973068632,-0.304874235800241,-0.109000019217148,-0.277521985791045,-0.218958240421647,0.0393464072262745,-0.438475236903267,-0.152131185113599,-0.115377041548805,-0.0127911955536346,-0.0847475346770917,-0.342635497476022,0.346450193690578,-0.19481468215225,0.0308960874921304,-0.342677176135597,-0.302499717660332,-0.0247449488557964,-0.272920045413714,0.10034721634714,0.103561027352985,-0.169825218119369,0.182144928392365,0.0939503682650218,-0.139249721139591,0.0610109369206257,-0.195341892275427,-0.130572909695763,0.61974706255625,0.0929501620520092,0.704065947183013,0.117124976246217,0.421895623030668,0.064364078252268,-0.145920656149328,-0.00898931691087626,0.531420680820693,0.578213989596582,-0.117050459653483,-0.0455715254589213,-0.444637663253217,-0.271150092164074,-0.239309629526797,0.0993084424786973,-0.14304879409219,0.0152044494568975,-0.372806465173786,-0.118322229790224,-0.0535826063106294,-0.139022455209903,0.0544762456513956,-0.209368316558531,0.116427900889144,-0.226309211451102,-0.0560815317070092,-0.101093254907255,0.0467843694904574,-0.131404390379675,0.0841262830168326,-0.153307948123469,-0.123226829339845,-0.321820246907954,0.168138097117407,-0.0337289192468118,-0.0110655453841181,-0.186063494499236,-0.136096454373348,-0.256447775574156,-0.0897096749373305,-0.219736168916816,-0.133565653366002,0.166267599300715,0.164133176464593,-0.187621715682877,0.22990668982598,-0.129819846933625,-0.171979801579146,-0.013154199676202,-0.0123184679509813,0.0394381550232391,0.110024721619054,0.106991759453685,-0.101897647051899,0.0921745607365699,0.251429620065174,0.22659508132432,0.11513066529443,0.233187050266008,0.201111753228045,-0.0498002842282628,0.0027209201164092,-0.0283143021293794,0.0950305237298996,0.0513319568807414,-0.144224152720785,0.0965261663838903,0.208820653879074,-0.0157499884245573,-0.00915115493419244,0.0963163506555331,-0.126658036681055,0.193279662269182,0.0480026460138101,0.0821964431922192,0.255099779593827,0.0395158688395716,-0.0285165898983856,0.00194180664166105,-0.194733617583032,0.31349115773484,-0.136336837181041,0.112667245934101,0.170315892847943,0.479809999499152,0.108858269835276,0.380529669814595,0.164176681826745,0.164025756462861,-0.0409879529988441,-0.0641660338942484,0.149639915918177,0.0434425737422509,0.260557259675773,0.17053007171112
-0.0147701245990153,-0.103276558658229,-0.131672665801813,0.256114434996506,0.136502349008771,0.290151744535481,-0.016167238238876,-0.107542545904271,0.378914829873689,-0.143165493049828,0.084188961040243,-0.0963460685278046,-0.0161711215736583,-0.0654879122053583,0.468803281946884,-0.00479718996389431,-0.0634981438342427,0.0509386187076522,-0.0557804831825981,-0.0961618347359083,-0.219326733146109,-0.0449846414958328,0.306534739233432,0.556356354040184,0.251245166074692,0.232197368528439,-0.105326344220303,0.127339134456002,0.180596966057961,-0.153502985321932,-0.101681774541663,0.0163066662165253,0.281684372819232,-0.348433154220086,-0.152660718876826,-0.0286862518299378,-0.236495539465989,-0.255490577827699,-0.225617048682289,0.00664055164922515,-0.171238596749785,-0.1849516659947,0.52910724130806,0.378320296966123,-0.0455546158617999,-0.0108729212070647,-0.00727435683039348,-0.365548314940742,-0.193217142588031,-0.21602356478985,0.466553751588327,0.582534969852206,0.0774508128329298,0.0350605437885545,0.008920208443021,-0.111295450399718,-0.209910839321508,-0.136593903126417,-0.013311938505256,-0.0641006365974629,0.137824328884788,-0.123420357760726,-0.0666230412113538,-0.0970907286761862,0.0149176869686925,-0.0993848193220666,-0.264852668279817,-0.354901799732557,-0.0856656000103891,-0.111506245395872,0.0294900912592917,0.0123135730843605,0.0594246107624408,0.231362191138972,0.414610971780583,-0.254227905797861,-0.20205928710348,0.500509612022032,0.268529839424017,0.503592989582979,-0.026055687055002,-0.0381656882815648,0.25633926367156,0.08204772323861,0.226825696092076,0.315528474951829,0.0182522124851857,0.287733075057408,-0.24113629684902,-0.18811952162334,0.0924054840576512,0.234598966515647,-0.131262034441055,0.36497574587026,0.306272654610025,0.484162269869727,0.259659220221104,0.19543396661894,0.0535605743361832,0.5620603851094,-0.106194033375872,-0.112928104295807,-0.274992139984272,-0.192664809603636,-0.0790153807521183,0.30816157898241,0.277482128586888,0.383601914849615,0.397999751499396,0.251469526546209,-0.196706686213089,0.195240687081509,0.354055649651941,0.0611655606998101,0.568244300464334,0.0982225068452841,-0.0325977997759279,0.0970940867576722,0.338971069507553,0.0960212430635543,NA,0.455598395095781,0.253667666396112,0.0715816791011833,0.0841728567865869,0.104092431114013,-0.255762237913984,-0.15629975718786,-0.216492422278397,-0.499200912020788,-0.253036749390135,-0.144387434536722,0.0692866439918165,-0.151086943677811,0.091800425980752,-0.147600411912413,0.114782693413766,0.305192349346784,-0.156752544502457,0.301159208184504,0.324179319183266,-0.419745243574219,-0.241456421283938,0.0180530255874199,0.175009762979185,0.263049392054482,0.469901171984795,0.210186123511569,0.050708207871335,0.252746222257885,0.389617777975589,0.224220996203819,-0.15972713767235,0.223531600809871,0.100530791705839,0.604158245093875,0.586140829523687,0.237172792537547,0.0344868597785254,-0.0661372791362434,-0.064444315036009,-0.0867125866364076,-0.295054623371607,-0.00573292943617538,0.147447450204232,-0.00975518619419933,0.0956874510209597,0.0897300360980653,-0.14619561201598,0.468653173986901,-0.274713561781191,-0.168093349821576,-0.0919765156961642,-0.0516267477880071,0.258873460516754,-0.0540320963323663,-0.108860583976136,-0.15987713000027,0.100869049215387,-0.242860690424081,0.106716218829056,0.541824726507787,0.37041011044419,0.142731108287336,-0.183571423470098,0.152295220888331,0.00403935117462187,0.223997476092268,-0.165913080371451,-0.0799817597192831,0.0147998780637379,0.103688205927585,-0.113323364348879,0.0890455933111834,-0.0248186027630883,0.00955329629251163,-0.173492488083367,-0.0392298087425332,0.404362129122458,0.462324569493947,-0.033069380995173,-0.187765069924208,-0.19823455300151,0.0186549780338384,-0.218644388679074,-0.200361618270411,-0.323024379055019,0.097792907129232,-0.252141103384607,-0.215340719549771,0.179432581589797,0.141182429398054,-0.0171055967866009,-0.0478453036831789,-0.107043561000791,-0.100448000733246,-0.0423917560220749,-0.14561997317812,-0.140497927277267,0.190723874207283,-0.182955477717985,0.228596567684816,-0.263532779742187,0.0299258491672528,0.0374021075503585,0.00290889729490267,0.0196955575946929,0.162081260587597,-0.112225738728898,-0.056120080422376,-0.00391194973385339,-0.148312217140465,-0.0875675151526629,0.0885169443670951,0.295061768553071,0.185071995387192,0.313157997163078,-0.228246233821073,-0.313395348501417,0.234159683592052,0.338862844908747,0.234161297180963,0.090872806267353,0.0147802621119219,-0.202823190532595,-0.300405672438206,0.289136052650025,-0.106736226506205,0.0850706537932738,0.021668633010291,0.0130775040034875,0.0332337174735471,0.163240218191741,-0.109930655769358,-0.196469604228121,0.0297292615167213,0.0763409568162065,0.0788899822775767,0.357343417006644,0.353473777622106,0.32162209190542,0.0542486852975272,0.176070792376053,-0.0528637467406082,0.0325353069739523,0.121709593357768,-0.209026950270922,0.019149193943019,-0.23077127138299,-0.102454281926959,0.241984328890017,-0.0756581550825541,0.393772712182458,-0.0476037201525933,-0.0629551173697745,0.0405135144174943,0.221711155198435,-0.00443911495546346,0.0317427355311399,0.247410311741288,-0.0197636939673274,0.0517250875986085,0.0103971401622344,0.0791842320196451,0.138134111207449,-0.214705919794635,-0.0873832212444149,-0.0289358140887328,0.223325968647794,-0.0973789989699603,-0.0959751790096672,-0.371161221833922,-0.239405609512768,-0.526131937756612,-0.328032790145717,0.217965870515359,-0.00987618655593355,-0.183018215220236,-0.336861026339819,-0.107511059424531,-0.178871767489088,-0.40569115193495,-0.16768783939822,0.0328959718543454,-0.244837961058169,-0.16541881778671,0.199406929663395,0.155370310566587,-0.0977876179241295,-0.0134870966715267,0.0531463715516015,-0.0482503886237074,-0.0346734313560706,0.110387074437765,0.0489819671998628,-0.0960301677617413,0.0984345036742905,-0.0658618690128192,0.119819633012691,0.0690930487786202,0.00385702666168602,0.0517845081776492,0.141835967313845,-0.195041106816109,0.0371766102551845,0.436999561396475,0.396215075186532,0.324018503496925,0.0498473693415798,-0.00622015219071274,-0.0560893619875165,0.0870191443289074,-0.132905271220923,0.0175552520774413,0.034601247164411,0.307514935225534,-0.0408706664007878,-0.118357603736313,-0.176505341611974,0.00604632044057472,-0.012342598219184,-0.242252740245903,-0.22813128414528,-0.106289901015044,-0.141202269434601,0.108320094818726,0.17484568143008,-0.188915062098261,0.206627673309007,0.281743256085492,0.164747628182017,0.303281457709535,-0.0347317197395548,-0.0527888879273951,-0.219886308776913,-0.30583131762806,0.0653780548693179,-0.0256175599722518,0.338500029839259,0.455367049950088,-0.0775897137935549,-0.102697068159119,-0.18199806618946,-0.0794419212903175,0.0875025773320446,0.167939961642302,-0.214440513822314,-0.126860136266566,-0.211116507177095,-0.257513718939493,0.06210073570221,-0.0114300550002878,-0.121718503547395,-0.0657668327611036
0.073920295987489,-0.147679638336487,0.0590341104698203,0.00374118894685941,0.284049077639675,0.406887841475345,0.146915862301204,0.022613346688719,0.558621813434184,-0.232014422264843,0.298356618610534,-0.109057813551018,0.0130625090454897,0.163659043330598,0.415398819640683,0.252222501098171,0.0974343254552865,0.144437460880726,-0.173464569820902,0.0642862421633439,-0.378398199047185,-0.103337228309077,0.225954128646958,0.727525635029828,0.372170379393452,-0.0503220933603295,-0.220469588321402,-0.260870544524237,-0.168453610830456,0.0800147709537822,-0.0661084729788598,-0.213104885619488,0.0942548531170836,-0.100443046530301,-0.116814857145228,0.0143222765088631,-0.276397821242078,-0.182671251754212,-0.166048049289124,-0.0620949943095812,-0.191408483783085,-0.0803772989936841,0.498747541082911,0.336382584529998,0.108720157144868,-0.038557608798853,0.0384496409798838,-0.214304316737203,-0.159314343017531,-0.35016187525883,0.67784603654958,0.686158713494162,0.0769387305617737,-0.114442983625737,0.0905892997802695,-0.160466280791765,-0.251652630891824,0.00664002471672986,-0.0445892683141963,-0.0209689437758332,-0.0286353003739426,0.0638144070330115,-0.102576459579957,-0.15894780367181,0.0147242947841834,0.0878082289602593,-0.115622265312315,-0.0358711837403423,-0.152874761755185,0.123865717046031,0.136154718229309,-0.0488432696565127,0.192764169271941,0.0856580444499355,0.361599879518987,-0.254326090123234,-0.105920680901662,0.706182692008769,-0.0130289574328182,0.192850166740201,-0.0608815778635163,-0.0818742828551052,0.214570922687013,-0.00147991308584409,0.18090595253223,0.333479495212936,0.0842376667664662,0.461480139985795,-0.373977652202913,-0.11871529706494,0.099680177142987,0.241433123047948,-0.198862697774353,0.496987379720847,0.411433608893503,0.953458142017782,0.203306781512001,0.331924142167346,0.0431866140621858,0.390616339509813,0.077553959275114,0.0663544198221583,-0.258837828105602,-0.0987576400867714,-0.174474389870116,0.281641263613675,0.491170811362124,0.149359034478033,0.372364959428831,0.412801687751627,-0.116582421550689,0.0972473067083834,0.259354729780148,0.415066040557432,0.309326158077051,0.0757498111799689,-0.0192832585905726,0.0847294262336261,0.400291426540477,0.23409830965222,0.455598395095781,NA,0.19039388508921,0.152244054683495,0.0632104060777044,0.00378353402796991,-0.0956516596918052,0.125542744994371,-0.0783699917151649,-0.0270428540939485,0.0215096869810118,0.246463429274921,-0.011082365505662,-0.122487478543746,0.0644201560529129,0.182709026433041,0.197096467446419,0.313991821463192,0.177773254337549,0.203185695409151,0.421599602537266,0.112763001022264,-0.0215248546697222,0.0904104611839934,0.152183744727898,0.190549905705561,0.339256133664175,0.283458381271982,0.118639418267053,0.0895353523324038,0.36792285401047,-0.0419880048674374,-0.0379758617995701,0.0810384924006405,-0.0117010898071723,0.529836955499864,0.986914156584699,0.198365159060027,0.160212870787452,0.050474157809259,-0.0499860475621236,-0.0303937275749172,-0.208201071889234,0.086471675005484,0.169643452792128,0.151488370301009,0.173661213432049,-0.07880034906511,0.0240023289086841,0.439184018133499,-0.182796009674749,-0.174141504512721,-0.297402424941291,0.028418002707279,0.262963087543851,0.149284317079087,0.0114665969599518,-0.126599040835483,0.399849588971025,-0.49816233794087,0.0150725632119223,0.416944275770989,0.149438881985689,0.0328571644581132,-0.239145182686783,-0.207375423788407,-0.137778077802817,-0.230156576046056,-0.288556850609162,0.149681807530357,0.125646151721513,0.130658902425714,-0.131319770573093,0.128737608102089,-0.0221417113091968,-0.230775761959425,0.0910409263918435,-0.0291708238239813,0.175504722362097,0.773768405394621,0.172919110235165,-0.129710852462748,-0.194525831779572,0.019357596352663,-0.11334389163334,-0.105952925260877,-0.193498345804436,0.248353446192248,-0.213327646500226,-0.169762098549622,0.0414309443275165,0.0766584798497818,-0.0967938465981046,-0.0941265580936672,-0.285366366362035,0.0383444546886853,-0.109956289778849,0.00906697730319241,-0.149718898552592,0.388760529333779,-0.332579683948684,0.259964115850332,-0.335095166048448,0.190729689958748,0.261279630215889,0.0825705447124206,0.0850785982922932,0.128778484698477,-0.0849408011356376,-0.00314652821580423,0.135578798040913,-0.0166651362649031,0.105335958867765,0.0849977044674302,0.218290728686849,0.155701742779449,0.277952623160585,-0.340350055433469,-0.29051343661448,0.251014661205227,0.204599575780779,0.345956102860425,-0.00479872030748701,-0.0813763613504331,-0.267445614531751,-0.200015822144412,0.29576966938214,-0.360614279835968,-0.267828889020726,-0.318382806906567,-0.0798528621914082,0.132802961958687,0.207600369646775,-0.222210829898203,-0.232080511218385,0.21348629464355,-0.0169687027420558,0.107257273040288,0.372473648444584,0.770461752622831,0.818271970503882,0.122259382436491,0.287556408517714,-0.0336177344565051,0.0605071194885268,0.00439409658535432,-0.327327552240725,0.237337197003346,-0.0296849119593737,-0.0535300264395779,0.0834887226632324,-0.162452969333861,0.173745391397022,-0.0996361212014133,-0.226067080374431,0.0127070683089875,0.407115502684105,0.275765557806506,0.108394716572889,0.471690249403418,0.145406250535306,0.0191178102260402,-0.0149439861472659,0.0222499809855048,0.112634378965086,0.0638257557170797,0.29182320497589,0.221467206086492,0.35828549887221,-0.0323676675679043,0.196759693435863,-0.197413182507637,-0.00647595154036836,-0.0759667744255581,-0.0456996252018276,0.111371445648344,-0.0783334111166787,0.119835332522962,0.0794074184260696,-0.190131032575468,-0.127785211845749,-0.293259376476442,-0.0900393420453847,0.164173370901538,-0.136526041630511,-0.234665945110425,0.359531120218724,0.160395127259439,-0.00949329949184742,-0.102855021937602,-0.155791468159353,-0.142968214217794,0.104277556481976,0.00756433795007179,0.151658455629872,-0.0763224468576798,-0.213006230462441,-0.000841549846486245,0.503467586765214,0.390496984201971,0.0838651088403119,0.0841878502673836,0.407936058819319,-0.161745752082884,0.295346844679668,0.251096948930131,0.599191013097003,0.378997055612793,0.040531418861007,0.129149529550198,-0.181055130451548,0.162761016554937,-0.275382700592082,-0.281817484385265,-0.128138094525469,0.0471498425755613,-0.0593975245811703,-0.0072275985199854,-0.0650684668100221,-7.11150397987733e-05,-0.0043271623093579,-0.0141871421324805,0.100298861447345,-0.0673447091019279,0.0630422922724683,0.0943857231728165,0.218769730672335,0.222839277548737,0.566406580136665,0.497382688264393,0.303640596356502,0.307514125239627,0.130519989163223,0.177982902641106,0.116932638893899,0.1064519956982,0.380335402100096,0.338272208143306,0.343035651065346,0.538745900957675,0.0425557926165156,0.0155715048199044,0.0304277800723694,0.310473690028434,-0.0415129633786274,0.303971470239361,0.0518649930345453,0.0694360911449519,0.0675497573812797,-0.0718913964048896,0.0796526450166705,0.15671262781211,-0.0721033445409102,-0.249675581425757
0.0616169308613651,-0.0443436606634368,0.0067852886963637,0.371479538598625,0.0284980783511332,0.350107880849798,-0.135622820998855,0.0339114270156851,0.363450636257736,0.112788505275709,-0.0268605104673979,-0.191758203312412,0.0147941066243344,0.0344521227243226,0.159115296745742,-0.094758861475663,0.0607747368225969,-0.0773205989165252,-0.0829325611278918,-0.0679081627654682,-0.070523651985984,0.0286547460859858,0.257389858144812,0.348707552327302,0.371992482193679,0.202504465577721,0.190184355448229,0.00116295232880352,0.133884421312998,-0.0113407827775928,0.180699435259984,0.133829360281736,0.34705254551864,-0.0990812862545759,0.175729099154766,0.238761878004258,-0.0695305906898838,-0.0559159449583644,0.155127311202988,0.0136638963385715,-0.092493970644494,-0.00286949358644579,0.344583339137455,0.414016714108917,0.0710338554092836,0.00674719081527314,-0.096415580773219,-0.358031681036022,-0.0327897854150553,-0.0919238990375674,0.337400733458915,0.334020154947534,-0.0428366715948884,0.120865395380231,-0.0217124583704662,0.0677230326740029,-0.13034308307105,-0.0283722938835053,-0.0133310398262861,0.0256273677608656,-0.0726435615436926,0.0951006694149663,0.10845394807673,0.245971494382665,0.103537340923373,-0.0642690771081316,-0.0231912599665271,0.0562257656592642,-0.0216238065681976,-0.0153288833832262,-0.102898577599311,-0.119241740824788,0.0938340852816283,0.390032634621005,0.401916215856106,-0.249406408093452,-0.221336306888126,0.52027029490639,0.374405366589012,0.503111261169616,0.139218541414553,-0.0213390158168231,-0.04953762680063,0.228514422325468,0.345068379768609,0.441888312538896,0.13638314097765,0.276038842181075,-0.14429077778396,-0.102472212622217,-0.0585972702148042,0.107848012312599,-0.0161809249354889,0.227609001360516,0.158231955397647,0.180831927536555,0.290308576698362,0.285492083972441,0.158870189063056,0.462935683546458,0.152964300749723,0.0655111288004824,0.0961051800186927,0.0358868261169886,0.178554960144156,0.290328767715647,0.464871955494958,0.245827304187019,0.389233118618028,0.146358773626895,0.0252752409026269,0.424161929773854,0.403843481589941,0.12836013482179,0.249994502393478,0.203582157679007,0.298747046713962,0.126765427884792,0.313272722296701,0.23657473958997,0.253667666396112,0.19039388508921,NA,-0.0464005386053852,0.014029688296724,0.02799095244255,-0.0412214587255606,-0.121680049830821,-0.0123819264174693,-0.289163250085373,-0.17504223093469,0.109445416382882,-0.193085432943507,0.154269598878094,-0.124295893575862,-0.0484593888673613,0.102636943664085,0.297576480908308,0.00401478647304094,0.198335936859855,0.13223242157833,-0.205915645826976,-0.112597040909276,-0.0958623860514655,0.331648526458536,0.34207348284966,0.281340556712271,0.381665278988519,0.434462400269681,0.37910965473796,0.43268282482077,0.0507417002196081,-0.0263232921970342,0.15537888506406,-0.0674342937492864,0.337865173052962,0.305437120074931,0.200029906101903,0.157595668888457,0.256137519529348,-0.0160874557103099,-0.198415639084158,-0.0377962361795762,-0.00529378712112166,0.223001949197901,0.0883520101936242,0.0293541593992004,0.364477753956287,0.0940220190922455,0.0953745766958552,-0.192797845429442,-0.242048322553246,-0.267685498386424,-0.109084719940902,0.268098768359541,0.0653018786442317,0.154688431671768,0.00644651163814213,-0.0720311647187869,-0.0726530627452152,0.33006545472906,0.220384575420712,0.012045376654122,0.0684847352806975,-0.0920943255314822,-0.0211988144000205,0.00343791105196545,0.245678917761046,-0.0898401794311762,0.15344125773779,0.187958738848308,0.139845107366066,0.204928236431054,0.0861105444037796,-0.0632888905020169,-0.0657293057648299,0.0696635928741731,-0.0357591270562558,0.0222163555516568,0.0249973875588261,0.0821440492358155,0.134414540799245,-0.191450048421413,0.11467266048392,-0.207327759785518,0.0332437541119822,-0.303184759770187,-0.216851957666981,0.00531046105592778,0.0470823830915945,0.0789463128252821,-0.0170398635256145,0.0923109963313288,0.0522296314795032,-0.0566153675828279,0.160758602838907,0.110659169105138,-0.0870447632269717,-0.0196347767471524,0.0125772190713809,-0.0493308213503669,0.148685015315295,0.0880901596603541,0.0536650794985993,0.083641349942023,0.0344759681921107,0.0175000880064144,0.0458927518777244,0.0185899899276279,0.197766129491513,-0.0375135653157737,0.067066212391445,0.0251974595930029,0.219208773495909,0.171935579892496,0.13224727071595,0.244292085368529,-0.20355313189491,0.0391126822638042,0.317781053989065,0.495934009992846,0.264793598923959,0.29809072749114,-0.00413438759980241,-0.107308022218224,-0.209766853960134,0.0340949359859768,0.0433896992179639,0.0409927999130728,0.171435389759994,0.239121715313851,0.092266832983492,0.157588512190852,0.0518638373085197,-0.110463375835064,0.161869630500071,-0.154228784214418,0.212655462090888,-0.111326585737125,0.0595776309904839,0.0349668237750037,0.0829843265520557,0.189565522944915,0.0293722801912595,0.00192076012266362,-0.0124276381149829,-0.127235966395339,0.172075945988634,-0.0321699533935607,0.0723062917169867,0.284940439743161,-0.0663763240499577,0.415676050314644,-0.00440575732882274,0.205688257611459,0.245039504219884,0.129122074344469,-0.00874297852664622,-0.0146938865459208,-0.0233138062688809,0.134678683881387,0.0524506372576478,0.396703648242997,0.0189942493763214,0.0314432652103836,0.0969008776342664,-0.0161182982361198,-0.0287272245111857,0.0397037511913249,-0.164921238427541,0.0184087023155882,-0.0144969693102121,-0.0203043194860032,-0.19175455549399,-0.132127349604077,-0.00456682422563637,-0.147341055987548,-0.03664950480589,-0.0564681461237172,-0.0156499450120339,0.103183571586274,-0.0539205311798066,0.107305283097112,-0.0403718815636034,-0.0206800949103592,-0.202043569839805,0.0794089159714514,0.223263829805474,0.000380940488899425,-0.0483044149936212,-0.0269915597242442,-0.132016698057796,-0.225235843578327,-0.00721869075099101,-0.0989025715456024,-0.154652284720429,0.144861707594487,-0.182214348928881,-0.00386812116547909,-0.0793526784245099,0.100551445330382,0.0435551778634557,0.120567565080749,0.0357000904022717,0.0332267336090552,0.11302770815074,0.049058117915985,0.116180201582535,0.0330726019020338,0.34303011217283,0.0417145907355772,-0.0819279827298352,-0.102550977325593,-0.180339434773855,-0.0207138340946317,0.15149165319167,0.00949982285259444,-0.131443483832494,-0.0572829814922535,0.00466876561410056,0.295269843402654,-0.137542214099534,-0.210549504209467,-0.300459725432471,-0.339850830827098,0.178155818395783,0.32515237973333,-0.494555618523536,0.197120710277953,0.274290250065145,0.161320669616615,0.327424963174287,-0.181113777591918,-0.280314359588904,-0.0664327399063543,-0.00830610247552125,0.0834954066177871,0.13258470186309,-0.00633926761185702,0.261845143170092,0.0420562817922341,0.224120446701738,-0.118762779770533,0.00214043729329292,-0.0791423958359447,-0.0178329435755368,-0.202888269043211,-0.40733798376491,-0.165678899422951,-0.0812760749013819,0.140980079535557,0.140569843378402,-0.0264496749102312,-0.161819938646388
0.70378408830243,-0.0488962755955407,-0.0821880732842694,0.132650052983059,-0.306566657769667,0.44923527597191,-0.227190719837657,-0.263386595663541,0.406911759284058,-0.0274396792846746,-0.117649571770613,0.261729177810976,-0.116018398869015,-0.164638805625353,-0.287101652578776,0.0717302003532774,-0.432322655863023,0.0300426928246002,0.0744115713333106,-0.271250295710814,-0.0593433750352402,-0.297825893174524,-0.112781896806024,0.0996956349684065,0.418985271492114,0.199459783635109,-0.182890912327956,-0.212226359985893,-0.0139276272424256,0.127825537010172,0.0636047378545079,-0.0764258092877639,0.156778525180768,-0.127572967986607,0.0949608384348114,0.0511092666650791,-0.0176904943457067,0.00939806435897976,0.126922173945876,-0.178712946294843,-0.187366010351772,-0.0813247970756906,-0.133189774553386,0.524929506487227,-0.0478586996814721,0.0590856342470168,0.133787459141001,-0.0279572720779794,-0.142987389705962,0.0226995157505459,-0.264236524726016,0.0127248641557996,0.156594859406215,-0.180040688925248,-0.0922470105847146,-0.161932322325724,0.164142150033891,-0.193952072541388,0.0567736826259252,-0.109453336110121,0.21284731625775,0.457122556347813,-0.253807560340288,-0.184795508843389,0.0158944723453875,0.0636140983484942,0.115910830551135,-0.012826821985436,-0.228887571237178,0.059475557398546,0.128789390619482,-0.184169852776441,-0.0678131437158452,0.163723728926265,0.207010935506608,-0.060426797064996,-0.0884563463622133,0.0228609995127906,-0.131614990799678,-0.0291365213710895,-0.213083814317445,-0.320611780467517,-0.189926416394171,-0.263040976187434,0.100137055871245,0.288644539601976,-0.280278933150289,-0.00695679666621794,0.0891546144423167,-0.16635327317277,-0.303479924451641,-0.0174607793627445,-0.059896666902233,0.669913570531857,0.51123515951913,0.193294920313858,-0.136674921738245,-0.0832595856063257,-0.090703948895999,0.2032401238719,0.0701021512671956,0.00820833540719182,-0.0689249310237555,-0.308770282809628,-0.125387532810255,-0.431870509156931,0.164582017913422,0.0931660324555327,0.0109040743344322,-0.282698123685434,-0.0886440996691015,-0.0777829817009682,0.278142717332098,0.567517243766983,0.454991123369718,0.602586421915925,0.151203620564583,0.0545938468048465,0.295785302795012,0.170041144237635,0.0715816791011833,0.152244054683495,-0.0464005386053852,NA,0.405327224000413,0.138907590299496,0.427462241552304,0.333080240889577,0.197041553845962,0.0239238295671689,-0.0520895031840694,-0.180690419514304,-0.190371173438675,-0.0738251729191442,0.0644119162540692,0.184213382700526,-0.311206446572819,-0.309846255487546,-0.0749389175086365,0.0408522837362711,0.102138481538457,-0.145445328754111,0.048092568119018,0.0608224497777421,0.575335221290914,0.486221440330759,0.0537930042957576,0.405119010189494,0.386601429151374,0.474684255920417,0.473965522135775,0.292770977773809,-0.17247093562238,0.0476235199967397,-0.330707700847932,0.335903206155314,0.206960365169115,-0.11543711169597,0.03493727993461,0.0164305757399839,0.302354811683019,0.513073340792937,-0.150976927149964,-0.00606110092097884,0.430219691783745,-0.25547147443289,-0.248152094903639,-0.130957446605166,0.0593383379875737,0.310168329119242,0.00338582879757129,-0.00736700222074824,0.0819585518526207,0.115604153538753,-0.408972107706792,-0.274109159969119,-0.138788227154823,-0.087904617680373,0.102131884907689,0.0329692349618852,-0.101810571617637,0.0730399367858757,-0.197978123220579,0.268826090446383,-0.112276406127183,0.245712517071885,-0.261759445347814,-0.0998024614811952,0.178876274199965,-0.0118925069424205,0.202222564043126,0.00103303774037037,0.223225866227492,0.304967835766416,0.365777195185461,-0.343399484164559,-0.0518633700435612,-0.381466471505617,0.108037455358048,0.110359821525945,0.217045603253846,0.246851709734006,-0.0947623530174541,-0.449262647012603,0.270550018686811,0.29730084413316,-0.188892327863076,-0.293218849876776,0.00520620942858013,-0.273971188292517,-0.0151342416929947,0.184172120911999,0.20661467475319,0.34874150968775,-0.154493196285962,0.0381358009608567,-0.0323890054806623,0.152047979238892,-0.0659112459114518,0.370833833302348,0.107602404203087,0.302097617954944,-0.127629099668631,0.147647109034559,0.468110353742477,0.38290928536139,0.258665788138894,-0.000583928575397526,0.156293873003982,-0.0226884014935585,0.251508154418172,0.407812783590366,0.283114535443628,0.00192191426078236,-0.203215769717931,-0.124445219188242,0.174402313175055,0.0091505324429351,-0.178415972547893,-0.103428213037147,0.135186598151842,0.0602567902285545,-0.145101472676028,0.193164572481545,-0.241128050976824,-0.23736765597093,-0.15453493918978,-0.164504812903528,0.091510812078283,-0.313872962609504,-0.268124368192525,-0.188849820562538,0.0511765271707428,-0.22152426215981,-0.0956138276410152,-0.268076918403236,-0.0241572586959042,-0.123583606685462,0.112538287408625,-0.0521323994700305,0.00988418424172234,-0.325702655375717,-0.0528596267343924,-0.00623465017393691,-0.0829956569861494,0.370350467917552,0.043908867170637,0.0591302365097317,-0.0496449017670306,0.0118548828007517,-0.290044290596955,-0.144865677217093,-0.168905703614124,-0.143819937080197,-0.332453869651666,0.487043096110606,-0.201416555848069,0.538575243361858,0.239022011389349,0.204278221287606,0.306329384845851,-0.288780935674573,-0.121474302398768,-0.0651376609599228,-0.0364037914199087,0.24131865733035,0.497711818213848,0.492860877731258,0.302891059112014,0.34960814591151,0.299993039527734,0.0434252732286816,-0.168631909535002,-0.0592783197836971,-0.0474521797936123,-0.184883460553655,-0.239523855724539,-0.233488829425871,0.0101303908423535,-0.0767869583057963,-0.302066481913046,0.0450389067725061,-0.309646512035049,0.123227093562034,0.00886814110891481,-0.108350732742097,-0.267463832015144,-0.370337140513621,-0.252122477547087,-0.307904515352239,0.0260424896041789,-0.266572407663182,-0.19289384329982,-0.130961598847683,0.410011786642571,0.517890830972985,0.19975290203109,-0.489435068448722,0.253360764339635,-0.0937182719995956,0.481744890153615,0.438973930205396,0.443272065201965,0.395599136403078,0.562004989231277,0.191531930483466,0.0320811907309867,-0.0533477217383885,0.167409164074951,-0.0104462398358345,0.197520543295482,0.166358129829181,0.00622788722255855,-0.196521315476599,-0.117099593410229,-0.0645764476611827,-0.125693568995942,-0.291129025188901,-0.218676657951626,-0.0913398279445494,-0.0792764832282048,-0.191735783180859,0.136567491272422,-0.152380576395227,-0.0926546758277933,-0.135003071010651,-0.0833870113633856,0.141430004680352,0.294827590596957,0.43237024633881,0.449989896616243,0.521366825249779,-0.281088325866297,-0.0569676177768038,0.0359836323983477,0.015893547581369,-0.138623796433817,-0.152703106389839,0.187265548795818,0.291073449377819,-0.100968176120452,-0.077134246286948,0.206587780806427,0.475656633258585,-0.131095700425478,-0.0168757340200983,-0.042524477951469,-0.0388898786043963,-0.0052831060662268,-0.104128325788412,-0.0974831908940149,-0.309705914351203,0.0603904713286381,-0.0686599553163531
0.513302092102062,-0.0470764094506077,-0.0370694528530927,0.0980239241899694,0.183532543298632,0.0108105734463731,0.142950984037595,-0.163333938540176,0.207835159192206,-0.162065461459437,0.183923965413263,0.136601372547321,0.251036669925358,0.397160114740486,-0.0472441616674077,0.0756692678512285,-0.203463359032637,0.0989669897575267,-0.0104552552484259,0.0418707720564926,-0.236460126768504,-0.211090046011472,0.0192152235566305,0.261165810283544,0.108084740159109,0.207730983164091,-0.178866251036872,-0.0444056603134109,0.372349852251734,-0.158560437727113,0.0680288038989134,-0.00153312235080324,0.148707877210797,-0.178710355378852,-0.0276645927625019,0.00236306017435315,-0.133029456509256,-0.0754620373664253,0.271459281341519,0.221794560010977,-0.0309110039472695,-0.349430428279634,-0.0820788243607735,0.273829687848005,-0.0964278436957903,0.0425078455386542,0.00991791316195923,-0.109183192400698,-0.317900536915416,-0.067792549984852,-0.00680692827074666,-0.0146420847424794,0.0313610518857226,-0.115816913904453,-0.0404940817609409,-0.00944245051413756,-0.0690280881426837,-0.105404676113651,0.11913362578168,-0.364277964161535,0.0802418950318176,-0.0393169995609516,-0.354345656428222,-0.283372989392531,0.0563452704989512,0.00182450822102596,-0.11346818842669,-0.318537773519162,-0.342594676131911,-0.11604584862352,0.142002174989,-0.226903055187649,-0.0683125384540071,0.30324021121762,0.223298492416011,-0.385375843094836,-0.17232627057783,-0.0125534459594996,0.0893147845953304,-0.0248843992258824,-0.249740477663492,-0.450911623701912,0.000260643178160513,-0.385969299359556,0.239845446595491,0.364166698882067,-0.0956605088988279,0.201916736133076,0.101059760904404,-0.163305451527533,-0.145832916517463,0.0285109296564029,-0.0947042253209652,0.230883542674789,0.439594130720247,0.122459500469022,0.113938926801166,0.0447042077901003,0.165707846906006,0.129300153745021,-0.243273802828681,-0.111850474042455,-0.166823448972011,-0.263369286606149,-0.214838891796037,-0.0702263719752997,0.180012352764269,0.114938083551749,0.319034121345867,0.175865137091071,-0.268945757600645,-0.194944883999891,0.0216228864238782,0.171620826645989,0.0680620647796882,0.801642029844057,0.605996372930902,0.275235374307901,0.646280536038031,0.626609077523365,0.0841728567865869,0.0632104060777044,0.014029688296724,0.405327224000413,NA,-0.0417092514477815,0.144195184981134,0.0292437858333812,-0.134595661283583,0.245274058115158,-0.0824028041643309,-0.232443244008602,-0.00937312839570563,-0.396493757161197,-0.0723621113361028,0.0283564011808577,0.0132065381068659,-0.282392901831008,-0.0354908010303991,0.103909640882749,-0.013981340760891,0.0940593486761969,0.242697948187251,0.402228810092226,0.243715086652735,0.223281675949238,0.171155323767161,-0.10723749357881,0.0676510368714313,0.397953769192479,0.276617719255396,0.501347891400078,-0.195693588051457,0.420995981505895,-0.00279063030853336,0.365297471221539,0.113293773143214,0.154111527781962,-7.59108100278083e-05,-0.0965508347622338,0.164127805403685,0.38546251143301,-0.0208505263069955,-0.143926734660095,0.142339241999264,0.0797781747982352,-0.444312259206146,0.0894930674726832,-0.1216675637337,0.0624711999525042,-0.0806456256317449,-0.0448741866247487,0.183253680143315,0.459979134439897,-0.122557157569868,0.0103408854744541,-0.0367337633539494,-0.021653334092621,-0.0180965038307129,-0.135571579675942,0.114480865718303,0.215589136330017,0.13705192775918,0.398716156654523,-0.00362208902565257,0.301540988986756,-0.304444965671629,-0.0898436905689066,-0.179375235092114,-0.1063917715652,0.253979467376811,0.0697498848310629,0.0987072680501372,0.221954663472867,0.341394444450098,-0.208929486655438,-0.0357872571619776,-0.0644514099434627,0.158045944947051,0.211324724958065,0.293228247996776,0.071842799592268,0.0374330870117577,-0.0931622334006761,0.352857449879965,0.243156219724932,-0.220545468584388,-0.192257564383915,-0.00807516052335069,-0.203535681594059,0.0225922690713909,0.0486631804585662,0.155430015597316,0.165968556714016,0.0250595008183368,0.129156291086279,0.0630493627788057,0.0924749192903662,-0.390191815911753,0.0390434728628607,-0.126630694587057,0.0289235257188201,-0.267397443969991,0.393045215632762,0.0363546765224297,0.4518965158609,0.0976522500255219,-0.0169366766847505,-0.135825371700865,-0.211210866240824,-0.0647963717476547,0.299221547276283,-0.0774659027173582,0.0303680822121577,-0.135091582903056,0.0895831889711665,0.0394109606022528,-0.128241561452518,-0.318460813461885,-0.018501715272442,0.224432282222691,0.00162736865085721,-0.0197739012578341,-0.120774200551391,-0.350428991564812,-0.397568105401757,0.0127051048096397,-0.361308107262168,-0.366141167054861,-0.305662092034726,-0.100306972699643,-0.119506911196805,0.00229688636538021,-0.227812988455709,-0.0421413056044607,0.0136157934433288,-0.17124682746613,-0.177446122312877,0.239416839911493,-0.126927504825004,-0.0295662322712558,-0.424008835929139,0.163620151936256,0.0747625881969059,0.199998289091816,-0.122565386939264,-0.0423360752238447,-0.152133888794545,-0.376347822260612,0.0972722581826967,-0.241348031985291,-0.206207874416131,-0.0246952340269892,-0.276428115416945,-0.50282406890011,0.108354120570999,-0.301437409913518,0.169482222145864,0.709958087943709,0.170013708865838,0.668492179979957,-0.17496952891061,0.0856095371009083,-0.0527434652667938,-0.168370856236962,-0.0183404569199475,0.691222802732654,0.860400594986314,0.0472484480085314,0.237217271860325,-0.244522954132232,-0.0200250132963832,-0.318076079977329,0.0637748806501197,-0.0383084071070436,0.185433309180609,-0.464507602432924,-0.105304280945939,-0.0540152909640786,-0.325291828694169,-0.224691057853769,-0.0611597410012551,-0.343401726850556,-0.185412063666682,-0.346337586319255,0.0392492742451971,-0.0368308891109439,-0.201617772620336,-0.165217943030951,-0.0961654218162094,0.189615421224601,-0.0844492425440986,0.267797251984857,0.0768932488707489,0.422821749393873,0.123809734305315,-0.130341933526484,-0.234579104107063,0.14441637777341,-0.303595768903707,-0.0248348836988022,0.472625489300155,0.388286630169835,0.109731285698679,0.319158035197893,-0.106336116081283,0.0112468729097486,-0.0288961570278259,0.114652585128162,-0.19814903093026,0.279050423222596,0.135711186812184,0.139845718222179,-0.0739154944242508,-0.0578784598746378,-0.0542095065342814,-0.118146277472043,-0.0292051609167173,-0.0842249846996329,-0.155770854891373,-0.171631672714942,0.0368030821418594,0.25133649775581,-0.0395856910967795,-0.372526536897246,-0.0804139134242491,-0.159836563852652,0.0520773065875297,0.00879030071758736,0.0898275910281437,-0.00470107573187434,0.269101681703457,-0.101858982072467,-0.0803251273554344,0.250075793736144,0.0515713780287281,-0.0695448444304972,-0.134582150580979,0.090574163222586,0.309767205417861,0.0173047650496072,0.0570633854311143,0.240303825496979,0.357341215373088,0.133835123726103,0.397089984840918,-0.102018154148823,0.16104166901136,0.0184234579530833,-0.0572958924964267,-0.0560992588064187,-0.167020995818436,-0.0791723717574406,-0.0164636689033849
0.12376116291282,0.0826711610331908,-0.0946308168048914,0.589417116324368,-0.152710858331612,0.353762508100688,-0.0826517921118099,0.184269310910307,-0.0852858129067654,0.0851096732940325,-0.058986446448074,-0.18364080440772,0.0242271589352451,-0.0456177192895601,-0.0228725637909113,-0.120705049998932,-0.0762976113188851,-0.071913184291965,0.0136731033336062,0.0835525993622033,0.0549105962453246,0.291294246898473,0.399108116658443,0.0618897326210745,0.502561005339279,0.184417340888943,0.183617200158016,0.298653308238318,0.259585253675669,0.0635007299325504,0.0479457965552201,0.348370084629122,0.327157244193173,0.0456550847347249,0.325001868542877,0.162562869269939,0.1798609068513,0.270822002236166,0.0849248592912304,-0.171005277561714,0.0211132146424373,-0.22187413415695,0.0606273714385914,0.392515116325314,0.266476410136568,-0.0119818724697761,0.198609899647822,0.00991152159457774,0.0596026998193842,-0.0158011357361106,-0.362677478372037,-0.0560563273129762,0.000872128516354466,-0.128092780988919,-0.0975426170084325,-0.12359353866886,0.0286360530982705,0.0421086676537493,0.292445726200875,-0.0321527725829374,0.176527780700965,0.439275334179851,0.0184918632667849,0.0836897793086338,-0.32626494237405,0.0160007012966194,0.0821724424497302,0.168717547022123,0.10490409156335,-0.0696590703098763,-0.0722348628747695,0.142988817308778,-0.0399728058372385,-0.205661959215535,0.208376424443485,-0.0730720151851077,0.110865166498717,0.0390135824753464,0.185601043369387,0.296738496295602,-0.232120835279615,-0.0390841970768868,0.0988526471610272,0.000945405682705133,-0.0950111069326079,0.0102173156439381,-0.119091138836975,-0.182758973430837,-0.283599778594073,0.0149875443769145,-0.299009137978021,-0.441575982311884,-0.249347242227457,0.0626636310043698,0.161038113491042,-0.0909869098016824,-0.105157343018955,-0.0110855392555626,0.154567202741461,-0.135093158647496,-0.188831774585329,-0.0333353689019374,-0.028958884268816,-0.162806572411509,-0.291073276532832,-0.191840820512183,0.247085475789854,0.309468081535895,-0.174251646493631,-0.28076420682466,-0.00501371627512019,0.00501735364634401,0.166635833409832,0.139276030887389,0.270486866126566,0.137826742357647,0.198550734320338,0.0993364338634039,-0.237285265587324,-0.301960891015671,0.104092431114013,0.00378353402796991,0.02799095244255,0.138907590299496,-0.0417092514477815,NA,0.434947069792098,0.386024435530402,0.221264479945136,0.103294606478006,0.173494879120995,0.105636135392683,-0.278383919994655,0.039567994188484,-0.199540930703772,0.208996646413167,0.127755191424277,0.168559531985786,0.131170868251408,-0.0538774666917535,0.0150547927436598,0.116311896649443,0.304341524598613,0.0132483638062155,0.502415607733177,0.431003721492474,0.544441454447569,0.135619323159166,0.26690609457131,0.332220012123516,-0.0175236297976204,0.27080764884258,0.0308839662903933,0.121527112244014,-0.0992915179781107,-0.0106351995176516,0.278507642621513,0.2598394954009,0.382614431224661,0.27149127029052,0.0879712461071206,-0.00108870740032913,-0.0454405516785448,-0.0502073512638646,0.589842421623879,-0.0150385809777882,0.255805720647305,-0.0609769949432262,0.225701287839066,0.276510549319314,-0.00203281976360621,-0.120155400473995,-0.0659833591646997,-0.0799171061992743,-0.0188731975949658,-0.0362873711299459,0.122294062837731,-0.254230249234054,-0.0975656633681815,-0.0175718892675934,-0.0462425617704188,0.275458594832015,0.0660892463873058,0.340747444745242,-0.0191034589537222,0.0741205236629584,0.0458214244818801,0.250650861456202,-0.00326776802046448,0.221078158722739,0.173896572862588,0.252358543750087,0.248364791758919,0.204494480273946,0.235616459335167,0.183035662747168,-0.0770433093080809,0.0725652726042806,-0.124374584083361,0.188665276967271,0.103951251634246,0.0285253408885386,0.0379188339553718,0.0960342486043882,0.0698713943243072,0.00746366388249291,0.103239983046269,0.0645362055175441,0.0732186557199584,-0.119746753306467,-0.185611254212308,0.00583949342156645,0.0145606041741679,0.11968424673917,0.0254899985286441,0.042789982014535,-0.0922003799570962,-0.266610072848768,0.0572705186764461,0.382275577389129,0.11632735344005,0.186919207184546,-0.0406484887518518,-0.32314465972066,0.517816512627303,0.0529999474139774,0.0505547511331071,0.175827401176494,0.323500199397298,0.294023488963251,0.26823042253983,0.373992028620164,0.147355045134721,0.113731459993608,0.0286070412214957,-0.103481555816086,0.318016681479518,-0.12689723558167,0.102402095025442,0.43096659286075,0.220777317459376,0.0171805756430595,0.141950649403539,0.0296383717470017,-0.0261992317482808,0.0802476236064474,0.244679895781636,0.157262138761138,0.202630136592327,0.117320058777523,-0.0559507040253177,-0.0644199829787675,-0.0880125522600107,-0.107781863383709,-0.0280659233223385,-0.0216446640450081,-0.190835027353104,0.00224585542519203,0.138773738932322,0.0983323057881769,0.0476513093793537,-0.07516373981432,-0.0300265276497018,0.164929431339408,-0.129489285743171,0.0711788418046478,0.110481735010779,-0.00417454293712366,0.102011366707708,-0.103298985315383,-0.0870508172628439,0.108944916492771,-0.163594581770181,0.123622629503679,0.103085396638852,0.225539700185951,0.14402893700167,0.256155250101366,-0.0872592341688521,0.446415066420635,-0.0709654478736374,-0.110949304870005,-0.0281564061873005,0.273160267778429,0.0239910991428133,0.273809169337567,0.0923029147746297,-0.0746226429529096,0.365310155603212,0.357899381041328,0.624289623084772,0.364614719215106,0.192962779038562,-0.148733616767725,0.0596020761033265,0.00774358767740336,-0.0563729802953841,0.227359690755792,0.246421605854838,-0.0929787971739797,0.282708834373019,0.101644780803739,-0.340571394690049,0.276435034362435,-0.148693945692595,0.0616185380585794,0.078737792895383,0.138414469027802,-0.0337918043469861,-0.0431929246483106,-0.144423258735284,0.0669260686562572,-0.146998133939549,0.220826166494788,0.2457551102208,0.509130493516231,0.572459456345809,0.114892172014741,0.029693867031179,-8.55779877140427e-05,0.436745563570217,0.302191174932703,0.233735265001616,0.663204268730279,0.328767123923241,0.466364528932659,0.158748960497194,0.275144361335098,-0.0604183846039694,0.355800201251648,0.260206838214528,0.10372768316647,0.193798784913916,0.0740787197126952,0.0255826464031632,0.269145766670348,0.12838358019963,-0.204306845407147,-0.173573240589752,0.0910545304923328,-0.0434329747764571,0.0192964253672002,-0.0119133108612023,-0.227131933766817,0.133853006381339,0.136738317701944,-0.0165624629232739,-0.0365237304333138,0.299966914910952,0.248975870262133,0.313836912286633,0.129631376022574,-0.0349028482664917,-0.120624193582739,-0.183999899686966,-0.0302244047528099,-0.0133648779487253,-0.0676042805529732,0.0160567739561881,0.0645610907880765,0.0460327559641903,-0.0789233546621281,0.0504373429473992,-0.0475439986081885,-0.124065385331726,-0.0687434217189893,-0.020410252533738,0.0608700972479053,-0.139158372795666,-0.0654172466670015,-0.0173050446152663,-0.120441632527774,-0.320825055944348,-0.115771925259419
0.478041643438691,0.0336051043951434,0.0640887571340322,0.128989297434858,-0.242772900602376,0.365204374694575,-0.222937196269808,0.137231920120962,0.157683744377434,0.148419329816638,-0.0196456655765397,-0.0347234536105774,0.219128676458496,0.117002872504596,-0.387241687242063,-0.124567601874424,-0.177299323415644,0.116447931449738,-0.0471291893251813,-0.01040071379729,-0.00101510454111378,0.113296788696914,0.102002732909119,-0.175497362518167,0.21851730014309,-0.0469263221127065,0.0468007461965985,-0.0939346673214712,-0.129198541386553,-0.0528122464591411,0.090683993161756,0.184747441771607,0.170745223236761,-0.00425705640954365,0.343080471267801,0.0583570636903057,0.0686991681485774,0.231337734684781,0.138102459096898,-0.230088888623391,0.0380482125270094,0.0225699355179861,-0.126032043763251,0.306783467071111,0.191502276950641,0.11285295482899,0.0636422970481642,-0.0377915206379174,0.0358424715792278,0.156246035843674,-0.459521668557009,-0.252399974504573,0.204112991144601,-0.280985804363171,-0.0323335432140151,0.00563310467886976,0.254603349625786,0.190067244282955,0.0892926079989841,-0.0156292472864334,0.16266712731954,0.893573477506997,-0.10069388286718,0.0705842618882213,0.0244220233758261,0.193093038766958,0.341028489070076,0.270397998661435,0.0386380268452866,0.0906862239379576,0.240001432933905,-0.0341500436546973,0.0750244482064907,-0.273847680610977,0.147297077818415,0.0660290025457797,0.231778273721555,-0.214812383797822,0.00977115992467664,-0.134795653154887,-0.120002694926035,-0.10823324150794,-0.14201593703371,-0.127169239429049,-0.0188593194896992,0.153954288765742,-0.188372132267858,-0.112872351896337,-0.00981876745059185,-0.0313858184312635,-0.271893463599294,-0.246499931428198,-0.135585931268277,0.222646355911978,0.343822495077417,-0.152698807562046,-0.358205892757555,-0.198162669415221,0.0670122980093048,-0.112165261367116,0.149426930527634,0.0747036771169237,0.167388087057772,-0.0673848469279456,-0.189303934698489,-0.414936096266365,0.121511783792988,-0.0875715719601967,-0.236117831690264,-0.46769862981752,0.0745206939710346,-0.0906807984081712,-0.0539263096153365,0.345042041989824,0.0465308837991857,0.29107709542492,0.163942593953875,0.0239628611212829,-0.0280692025604172,-0.187203135017544,-0.255762237913984,-0.0956516596918052,-0.0412214587255606,0.427462241552304,0.144195184981134,0.434947069792099,NA,0.367022814333582,0.569565020342455,0.445023485206548,0.270582247253907,0.101770710298461,-0.132660791054687,0.181288301589728,-0.0653477243183815,0.267055541209332,-0.0241966535879149,-0.106585202954027,0.0778155700054395,-0.296657153851183,-0.179910034956091,0.353493712577073,0.380569702572808,0.140023538807844,0.519854291859106,0.479638692988692,0.153640219916589,0.355015499272415,0.335345664243007,0.349821826374572,0.263243098521176,0.0779679854557055,0.0150562983073916,-0.0226286468503042,-0.250348623735644,-0.0358659309300952,0.0731795364434716,-0.0610484699680889,0.264668169221859,0.357695714381088,0.189663556040412,0.430211519029363,0.0393850186228748,0.0919993793351679,0.291544168955902,-0.134648324838826,-0.124391930746866,-0.372140345324208,0.367516721276175,0.175802547935093,0.222916214650925,0.21661274925567,-0.00659534367915335,0.245974294637252,-0.299865627549748,-0.0186862667218881,0.257487879901506,-0.0137611542840908,0.0441036860573596,0.0674119685326443,-0.0255998328023117,-0.148002121206055,-0.395299073155998,0.0903024770296071,-0.0423179473089338,-0.0267168355149574,-0.0224926655805769,-0.0215437901231452,0.264783275885187,0.118556857563213,0.205382095332862,0.195587091702709,0.385047345266568,0.10087149711915,0.241576466894579,-0.0499747816725487,0.0427919756952164,-0.0752321671041083,-0.175685480887934,0.04441794325314,0.180509986871783,0.268636590790163,-0.0484689344252664,-0.230111465776535,0.156826260386049,0.211221579097885,0.109374758723412,-0.0312900925085461,0.358196630469378,-0.021229155097093,-0.0283163322546429,0.179778899843923,0.218316816286006,0.316045563138,0.096111937943643,0.22020856032688,0.201098239429065,0.0252113738867049,-0.0128889700683593,0.366285045578568,0.48401773721489,0.166583590478345,0.148074723864433,-0.066515935249692,0.515564480624628,0.0658811892609799,0.325905980142413,0.246072196971189,0.593490255863227,0.365439680941858,0.408102779309373,0.361970613074641,0.297965283387467,0.116320727536494,-0.140322190490385,-0.275533857793965,0.0545242560055012,0.155198479305445,0.0263075059874059,-0.139137683604272,-0.0145441052252882,-0.183800022161752,-0.240464496401109,0.1948220399617,0.0627135208898054,0.104546837649055,-0.115771112186563,0.101343590913991,0.126051752862917,-0.13763153426518,-0.0539535602812698,-0.0326862185647828,0.0340734692967393,-0.163578362146754,0.0632961347453366,-0.203172285866781,0.0356970620386869,0.153122401709751,0.164565500525904,-0.163322824194902,-0.0230019276603745,-0.0758704498309723,-0.326147564058952,0.167203292922168,0.00465513823910652,0.337833351596221,0.478592489620941,0.255682254441312,0.28061612082382,0.239373925169367,-0.171998675855596,-0.111781567769414,-0.328733454158603,0.0948592886507913,-0.0297284765205185,0.46026208775701,-0.239944350985587,0.363822205072904,0.0992731925910417,-0.0507244593053855,0.19295129592743,-0.270572911855678,-0.257484129992116,-0.129448340006753,-0.174066595266662,0.238524555354113,0.236747927981951,0.158295524713825,0.317014345072824,1.02132400320412,0.607197436785732,0.738171125028014,0.266361784145842,0.219823595454435,0.458967354627641,0.128961239674489,-0.0403356546163416,0.111543169807678,0.361719567256573,0.171305648144576,-0.0808279177814614,0.490977814828355,-0.0251772784456151,0.0677511092379786,-0.0546548025257312,0.178991300818269,-0.0945767415689344,-0.224110614783814,-0.355928148148753,-0.250081107928419,0.10478362392137,0.170115544205366,0.0532269760282669,0.159244484436145,0.259873847606177,0.42948503114028,0.126341639989012,-0.180153430667268,0.186665859403418,-0.229134684589891,0.427854491189359,0.505741034048788,0.390492792326369,0.530106035900428,0.265632163808944,0.158151911009188,0.0492032671625844,-0.00447805612304279,0.0193226377744719,0.218190124223474,0.590828388710244,0.171337055821168,0.278526667164405,-0.153887243037181,-0.209244624388464,-0.00699718674796615,0.0297021332924764,-0.154325718589964,-0.134604514448605,0.0380017142449565,0.00893679375045017,0.397127267862523,0.459485647783868,-0.0396843672202444,0.105009838712121,-0.0644392424786641,-0.269207031600503,0.113491952214962,0.333016127548401,0.301029937184353,0.324136592669523,0.253844799419002,-0.222406665232323,-0.168466825573708,0.0595844198768265,0.114388392697886,0.0403749241125342,0.0336374108216472,-0.0420647324367397,-0.0173516846824985,0.0299828404553832,0.0802535501946876,0.293334383287607,0.11535311967877,-0.231156411235238,-0.0392965239837055,-0.0903420529653887,-0.045820427250704,-0.0462496880272792,0.148228178624872,-0.0556905185528436,-0.175290769557886,-0.179046294107552,-0.0577787043703461
0.376873094348884,0.154004054861194,0.150963575111728,0.30729715885911,-0.165315548731113,0.476455143311059,-0.175051775905359,0.250901576946142,0.138295585379794,-0.0458080438299062,-0.0428687232592826,0.0111138740460083,0.0736764386201408,0.102268615726201,-0.390641511606638,0.262933816329089,-0.12549492658403,-0.149015933044268,-0.156776419050644,0.212567452339239,0.0698664316520989,-0.0932503468745022,0.170477565375222,0.0136708810420705,0.353005332484285,0.107588464827009,-0.0637363553614395,-0.236121535301218,-0.162267990576497,0.0791327217361026,0.330625856545665,0.330592026862139,0.26965674431403,0.0736196843507928,0.537846727153069,0.394833446882088,0.253286738398626,0.456059796109301,0.201304035363777,-0.359175082577104,-0.0541193746783812,-0.174036175190902,-0.100421684003797,0.3818242029881,0.210424271967059,0.288685685335697,0.357234772380238,-0.105936920603026,-0.0198192421694227,0.0268246318620292,-0.179202203121409,0.0339522467312532,0.377843306844345,-0.110580808646795,0.0480367314466547,-0.0814096255737581,0.321326607168938,0.113859491480441,0.321401544396977,-0.136188890976689,0.201489414131106,0.387569156774251,-0.0795021603823326,-0.215188135031737,0.0941073679452338,0.0226615412003793,0.163369589609058,0.252700319565153,0.133066999171713,0.388177796229316,-0.0540343226642118,-0.0436522995205937,0.0905102050951783,-0.308067705299474,0.148220815455238,-0.100191034342667,0.470501161392184,-0.0831836141654056,-0.154933718620965,-0.161497707980215,-0.263298011056014,-0.388511443008015,-0.250147183241224,-0.456784133115311,-0.304049741522838,-0.00796614477030918,0.0266235924810438,-0.0741047463494006,0.0223439314556167,0.304606517304811,-0.138814715037412,-0.0716681474425807,0.0176197995630886,0.363118812492256,0.39617968304256,0.290747731318945,-0.432084849070481,-0.352936198418315,0.16176547831278,-0.191097836337101,-0.107573601737057,0.0436055139375973,-0.12504207066154,-0.282760948316236,-0.126663737993647,-0.455760239512461,0.192108153323411,0.446664021510919,-0.00131232948083035,-0.32324097578987,-0.129984459253857,-0.14931629997051,0.114634667823665,0.557616651090722,0.148764583834311,0.0812082417431646,0.0642880946545854,-0.0883037387066783,-0.252786497964496,-0.361206514013481,-0.15629975718786,0.125542744994371,-0.121680049830821,0.333080240889577,0.0292437858333812,0.386024435530402,0.367022814333582,NA,0.0408597111608704,0.120435486114859,0.209285675766035,0.27527662805422,0.118796793355912,0.0586439335583993,-0.223758302076583,0.321373627558861,0.1507626595826,-0.0379103414100739,0.0348581512789511,-0.557700560357059,-0.230598757859398,0.124016104342323,0.0127786440300999,-0.0293357193126637,0.514789877378137,0.421650353540458,0.236797857461769,0.33110433913224,0.364877590660541,0.232661674540533,0.132541103108007,-0.0884095363600048,-0.0579914099146487,-0.0641998012469783,-0.204556407732229,0.00626200083225617,0.394793190504187,-0.0712889474797219,0.130756114227542,0.163097736280621,0.094538568899415,0.330333462500039,0.239254045253881,0.244769399013527,0.35555247926509,0.11172207573483,-0.102326467500152,-0.494916866107936,0.295117750095151,0.338732265378045,-0.00793437590480448,-0.285224451225854,4.24224259276852e-05,0.121403514138242,-0.125679328667288,0.207246347855215,0.407028756626872,-0.208454312148047,-0.148683568340014,0.00365242776017648,-0.141322913766418,0.0330707473352428,-0.405386739198705,0.0632362113325997,-0.087305508766349,0.0657219460051443,-0.214606521519958,-0.013654264773696,0.197428047341638,0.423549073711517,0.365354975431502,-0.0668379708642644,0.437649661035073,0.386739412942252,0.455247354180389,-0.0707193900128225,0.247051262039145,-0.1722290199428,-0.194854971261213,0.253913068673281,0.346213596997637,0.241072042082329,-0.0858351923880565,-0.0159422328533142,0.204828987330767,0.122944282141927,-0.0511803550097933,0.0489270117867368,0.135824485711099,-0.0739126489919671,-0.225440952743236,0.41451312240103,0.273347769986247,0.482429079079173,-0.101429762915972,0.403184738377289,0.142691945583774,0.190867176448939,-0.2535929380561,0.441088151103924,0.0244123559158858,0.118957972290078,0.0305927977257226,-0.159061195862965,0.685667999294769,0.101359879245438,0.247230558039769,0.0433980692964834,0.0208019066830623,0.387870323282906,0.368696199599257,0.473799317889449,0.389164323597507,-0.052999969061545,-0.122354385937921,-0.341833541263176,0.0422543610964492,0.107563181457059,0.232891345799585,0.0326819808914744,-0.13787933250784,-0.224824163849489,-0.255059255388969,0.289951345775333,-0.270972733285878,-0.0776280449623851,-0.149630295091811,-0.404514447515627,-0.204796399487527,-0.294272608919222,-0.0827257848029641,0.11414105619546,-0.0510491875268076,-0.0240099714669146,0.210859955243175,0.135255235717828,0.0142618505004477,-0.0267379544366305,0.282009733785358,0.0564539629862681,0.117982223558331,-0.332663759456068,-0.368582794604294,0.230018677989106,-0.162720544409778,0.275318162994019,0.0306855013732044,0.22995007064019,0.318810928384454,0.0951758225158222,-0.487146448292952,-0.0242722828060042,-0.588443849311661,-0.170469270066314,-0.411649173254289,0.129550120592664,-0.0457883484600227,0.332382751056392,-0.152230668354858,0.170936122924397,-0.126721783275182,-0.221558873507293,-0.425425643720447,-0.0250207051342816,-0.121981061124353,0.0553506528162079,0.111274615888898,0.139823520237522,0.298885818289196,0.285724853707342,0.712573933341087,0.20488575606502,0.203388168419278,-0.131709033636016,0.312332179476675,-0.0213954482330361,0.0657296649709373,0.265575709410709,0.168578541668866,-0.0702252293672711,-0.114728047413358,0.240751421779131,-0.144050051828411,0.0893015776214443,-0.246398590559633,-0.129030609855748,0.105585571734456,0.122165936393322,-0.0390740647202904,0.188469482961425,0.268141782985738,-0.111079859681999,-0.0646104235413255,-0.0209391399006292,0.294589577059647,0.583057204042704,0.333998511217822,-0.126609860492713,0.230381630904193,0.0830681206709678,0.393416266915586,0.274404951541946,0.343428069381137,0.319003308913443,0.296378239190102,0.202269180027626,0.0446508080432653,-0.168204726730227,0.101732891254473,0.152229600423948,0.135570678721429,0.0461887122275476,-0.143002720382294,-0.281489785098158,-0.0945474154606687,-0.22084423727743,-0.124384988130141,-0.340305077360961,-0.278107444794941,-0.253082043954479,-0.162670260334498,-0.0614682061952512,0.0343601235405633,-0.106040587061531,0.104391418238397,-0.361784377200962,-0.414614522071977,0.00865486512847036,0.201813362584964,0.30317277748506,0.242253900971217,0.281625662882559,-0.415614560469466,-0.15800926290199,-0.118115265351249,0.184056566896749,0.042189606606466,0.123118179742531,0.0778869299563992,0.196809877314732,0.204628442589723,0.176999912466518,-0.0828438322439113,-0.0358294056435441,-0.337818862670935,-0.128269271000969,-0.0784766942441201,-0.281172777381919,-0.0235338089382561,0.0870321694326838,-0.027221334614376,-0.0746556665744838,-0.445881859737197,-0.0873610809871288
0.168194374360832,-0.116120778221261,0.0321114307019177,-0.155197622461385,-0.0895778119035216,0.136605551888296,-0.101129023559995,-0.00552301191724855,-0.0197873716225937,0.136702845270268,0.025043121789726,-0.00911735874145568,-0.0296872379224508,-0.19844084819767,-0.0346230559638072,-0.359309682916982,-0.0490270516235373,0.222174065331139,-0.112182107121712,-0.239917360515805,-0.0371723724637917,0.0641099432607919,-0.194439360940549,-0.394672610199086,-0.0247778742540955,-0.207715410104347,-0.0838638017521066,-0.0698941703818475,-0.321167044005925,0.00824224916541674,-0.138524315910108,-0.216746762517128,-0.117235602785768,0.00858570877714381,0.130888086267534,-0.139112667653838,-0.262188206650183,0.0435749494483519,-0.188433419157402,-0.207196204168683,-0.0933204329756731,0.146349782254191,-0.129694267140512,-0.0201111620250916,0.202069526845887,-0.297034104021507,-0.238230957134329,0.0208904175947582,0.179558148660967,-0.0812713691080252,-0.427799899328266,-0.186632528005154,0.0300131936624841,-0.0517027095407568,-0.0393895044414929,-0.00512898347733957,0.0210199243661861,0.175881497611214,-0.0499399320189906,0.131160811036576,-0.0331442428823291,0.457628599672941,0.0974592973526857,0.0924264226578146,-0.072648811569942,0.152521756537467,0.121799377471694,0.149320530683708,0.0636453810605949,-0.11087118516551,0.146149670784721,0.0278858671419293,0.268682717316451,-0.382680315066171,-0.186058584860467,0.0481965134032315,0.0119901414669595,-0.267027026005669,-0.120588198487864,-0.182671875735862,0.0524962147720504,0.139711590084482,-0.0583460107551648,0.0911771643054833,-0.0926802268191768,-0.168549898548265,-0.0755975953390755,-0.161507231112569,-0.0571482925268404,-0.278510047973045,0.044663755865937,-0.0366960427368945,-0.0399921148221269,0.00387460511193776,0.0575285043623713,-0.229020155446597,0.0343307488399791,0.162680239771835,-0.0374603527968775,-0.183760106909982,0.237583427005611,0.29795453026933,0.168846393164908,0.0370515867038806,-0.0921930876702244,-0.159179298546922,-0.230614277494246,-0.260439014127977,-0.348755608791872,-0.166348281655088,0.0551853347343355,-0.151675717675175,-0.164879691662147,0.1423953941503,0.00146870261316154,0.047611931460573,-0.172393390735296,0.0745028234186254,-0.190620747239659,-0.18010182099145,-0.216492422278397,-0.0783699917151649,-0.0123819264174693,0.197041553845962,-0.134595661283583,0.221264479945136,0.569565020342455,0.0408597111608704,NA,0.299307901189201,0.181434352050378,0.121392770793227,0.0123760460425096,0.361107300772847,0.370101605286632,0.181343008171192,-0.0526061436742638,0.151178074943129,0.338252841016097,0.102548658692759,0.271435674746181,0.133211576662991,0.305274278922677,0.0925750845657286,0.123038452259117,0.110964186292856,-0.0638233736013322,0.209722401033337,0.0422534310230826,0.0628865649082641,0.113325274368552,-0.181480297661643,0.222415003726847,-0.204782925909542,-0.0603374260480232,-0.213371881083959,-0.210356591818858,-0.35056682572321,0.419988957611708,0.206158344216768,0.0339957992677885,0.30440551027526,-0.0905169430147711,-0.00183051909046906,-0.0472230679673761,-0.106177557598915,0.224468895598418,-0.0378450593153298,0.2304814911613,-0.0253175775320032,0.218158401097745,0.238780947353596,0.102319822023592,0.0876721550503867,-0.149567213125537,-0.14168771819444,0.00107358845092973,0.22343297294513,0.167116023418795,0.00568728176456107,-0.185407811479294,-0.283966259231936,-0.238382510550538,-0.0858650120086243,-0.198900170498813,-0.0448482754485846,0.239362271718479,0.0746912825731276,0.242322248439547,-0.146259291345282,-0.039915738541705,-0.0980752547929445,0.111764014575654,-0.0937524409918346,0.0195018354035294,-0.0322405312184458,0.015623642193848,0.0665845164076553,-0.172656557980812,-0.0699282757754267,-0.0810286185248033,-0.0136230705944304,-0.180884905638832,-0.033360176404883,-0.162007150880806,-0.100705882454651,0.291296835796508,0.207618819121162,0.344238152753213,-0.118585409501453,-0.129445460458063,-0.00181538052799582,-0.126617253606152,9.01825333558235e-05,0.0393119598036679,0.0513523541843502,-0.0850401873280883,-0.212429300577246,0.360517290821757,0.276760740515827,0.409048206003741,0.144268068222308,0.151716413855746,-0.251742008338433,0.185509788099814,-0.145430930149473,0.0686076473169121,0.26913519416525,0.66777635797698,0.199193429483161,0.263840076928294,0.109754008238062,-0.00645735609605643,-0.0220945822185268,-0.0410958932594068,-0.0119023132011626,0.0935955582227439,0.135103881884361,0.178892062135082,0.0943003325632605,-0.100134450739751,-0.048454164172923,0.0322212449953784,-0.0351598324059169,0.0878344799277016,0.184520842041045,0.137512688006201,0.304946045161821,0.381120050082648,0.0924692081980278,-0.0376112347615262,-0.0706314149103095,0.0888461630919147,0.0794467422914259,-0.199860571517875,-0.125839815764958,0.0508447015217673,0.173935284898087,0.0198409178693666,-0.0782456017922375,-0.119626557471024,0.185115570806394,0.0578339010612627,-0.0193523182518619,0.00655434167058686,0.270955756320217,0.399237736279107,0.0739302172013823,0.325195739696041,0.107749018692772,0.114190383147042,0.264472517895531,0.0833796754531056,0.114109246888186,0.232648052085154,0.375668364029923,0.0916824017579988,0.254412525211905,0.0408981497708162,-0.0568740651622679,0.147020786638623,-0.131155920158581,-0.0410786851087578,-0.00487279282074966,-0.260150116986822,0.317392791655821,0.094419203143914,-0.0477019559897537,0.146464045210751,0.400169195191609,0.19947202192252,0.833243640721919,0.263335456299395,0.293018819614882,0.242838401686039,0.0734824913392761,0.100451910642823,0.209790302804471,0.496744871662462,0.354029911146656,0.165956406057933,0.193185668236381,0.310407200820117,0.189339585000946,0.265581515037802,0.23691016086482,-0.100335461415783,-0.0304994747936176,0.0164314980584472,-0.128265708308509,-0.077598234786676,0.0290840541508446,0.19702068359339,0.000641804301146387,0.112997518286136,0.104787135116494,-0.0312081451032916,0.242613042460999,0.277117618068734,-0.0177705804444639,0.39213557013789,0.278911154437188,0.182489902136319,0.169429637774922,0.0822611383665574,0.136609628490184,0.108479875957928,0.0992030407039557,-0.319261953559897,0.222491604587368,0.57039760820094,0.442052130543949,0.343332905114043,-0.258854561969635,-0.502417367592935,-0.162792173286767,-0.0932896184799851,0.0314691025510392,0.00769522916966549,0.279139162296045,0.223606900606152,0.266401967387697,0.324372159739522,-0.231582098010651,0.236993780507106,-0.0140451679668944,0.00471171628407347,0.141753047615717,0.310940639466253,0.0131849206658272,0.189822643732514,-0.065575815597877,0.0549309034257015,0.172908190916733,0.0912957365162285,0.0557077853734756,0.176335697039741,0.0489776760112589,-0.0131891431333445,-0.240919465573203,-0.00271414839137463,0.0915140289757145,0.637194662044016,0.136307872436894,-0.0848783782956414,-0.362153445703221,-0.0445535868967349,0.0598488446116172,-0.154006933437545,0.0172573696563344,-0.0266781844218616,0.0547243865537918,0.0110218957387745,-0.0231344705991089
0.282501004510281,0.062358719076564,-0.028888453007233,-0.253494118828963,0.0716274306316905,-0.210281897133926,0.0783032903160251,0.11130927271864,-0.340985692493394,0.00367442783045006,0.0814694249615495,0.124059908473633,0.155093887870152,0.239166256864915,-0.256486825444404,-0.0808163871029754,-0.101268618723067,0.342252441655293,0.0695897784603827,0.155462109305537,-0.0412940504899349,-0.123699523173201,-0.207135903348014,-0.275625224332486,-0.140356499061618,-0.178705674713968,-0.0419938120413912,0.0699674663299589,0.0547628893504129,-0.0443479960442211,0.0529731096735599,-0.0274156878563942,-0.178004788338557,0.0957566216718219,0.0310464928099984,-0.0882311940706844,-0.0902054486240318,0.0929133109434923,-0.0372164678329105,-0.0195685396940724,0.0242281008141504,0.00215097160097103,-0.38286528619453,-0.161681907028899,0.132531614794519,-0.0733960094128601,-0.0777615038629539,0.26829699817012,-0.0806412484083844,0.0360673368789919,-0.346516126998248,-0.36578597914605,-0.0345447685232218,-0.191345714523461,-0.120987541324915,0.123442760721101,0.142518215629785,0.196294200891098,0.0513998315692658,-0.331739157860776,0.0526847935999208,0.142473347734863,-0.24086021230857,-0.333683183490434,0.020858515492937,0.107863385825433,0.295953594931986,0.195801686273151,-0.0893355660281729,0.146640699120875,0.305309280779369,0.0143986537944546,0.0974811953978965,-0.438441798443522,-0.307276532294854,0.029322861501576,-0.0528819456891616,-0.436424628309931,-0.278454185397638,-0.348957679000728,-0.0790644995619215,-0.139555016730807,0.214025456446976,-0.161461309860761,-0.138403926318713,-0.205790606050361,0.0318622783634405,-0.0144197581298431,0.142587502693017,-0.067852950666178,-0.0119860570847199,-0.0333709613596697,-0.0291998616292376,-0.0576573893814843,0.193694755938547,-0.256510721019702,-0.0868569510945265,0.0483453111594223,0.00374806641413338,-0.342582782610517,-0.0213128046243512,-0.0821427792207151,0.040895794301667,-0.144241195323207,-0.227762758788484,-0.367090685431876,-0.291621687874995,-0.311106960257663,-0.284909665904599,-0.0174330404046111,0.0178136190711729,-0.549448365897409,-0.562285514208195,0.11831302883866,-0.080134632220137,0.289933425909121,0.334032945256308,0.0336684686993168,-0.0752756957082113,0.031181649998885,-0.499200912020788,-0.0270428540939485,-0.289163250085373,0.0239238295671689,0.245274058115158,0.103294606478006,0.445023485206548,0.120435486114859,0.299307901189201,NA,0.45526385926479,0.190065716829098,0.0433400645660101,0.0191325622626826,0.0317970907575963,0.520440181247691,0.0148571469403306,0.00421208405869197,0.412842855243695,-0.15444567502636,-0.0526487518792371,0.886710634920207,0.767424415325472,0.595559893228699,-0.0489368644149048,-0.114063177106126,-0.170470948194947,-0.164311894057101,-0.18831499471762,-0.0116298791669168,-0.0917301876734399,0.188078677187033,0.152865980926017,0.128379610021171,0.0312388602878074,-0.31127860373037,-0.293173288071694,-0.0762147450879912,0.280262857672373,-0.0167421136965537,0.0892954003179942,0.457059600017915,0.161794206643736,-0.127591353832414,0.0181026323369565,0.0756730603910114,-0.1055499236242,-0.175136804873471,0.288613054112306,-0.0946813848640468,0.169454633513145,0.0697414557662039,0.260961993514579,0.555966043563161,-0.223509022975138,0.000969362776661587,0.0365567969679496,0.384590641580466,0.139163838627021,-0.0338110112137743,0.0297843163923373,-0.171942183397278,-0.104394943856152,0.237015490600849,-0.049438574846701,0.00829837683330107,-0.167568229080004,-0.194325501786631,0.0841063935023371,0.134414787891898,-0.0535948069451515,-0.0100588265341855,0.0503330791760744,-0.102551157595131,0.0203236028246374,-0.134253695527212,0.012454091167228,0.10532950179363,0.0367931699620076,0.0790995999560197,0.180954859969896,-0.0130362638016572,0.0431321384184706,-0.0497580486421104,0.130883089797591,0.0014279117817137,0.088031585862405,0.131356759804476,0.0397921784329104,-0.0724278837131369,-0.125323730004142,-0.0632726689209315,-0.00838286288282303,0.0360874630739607,-0.0920166375334698,0.0207345494872508,-0.132494756403282,-0.0384057911223295,-0.124333494953072,0.121909610987013,0.238142075762536,-0.00408724322943283,-0.0882919830583498,0.0941345911734322,0.0532770093687702,0.182498098549999,0.118449358872957,0.0449405784339284,0.327274205914798,-0.0598805434440844,0.153198847892605,0.210779803323838,0.0289842037297225,0.0309643324152394,-0.0471444047780376,-0.235665498018618,-0.182516676117653,-0.110387958744107,-0.120833458570558,-0.174790961344823,-0.14417357037243,-0.177825616697792,-0.022401902065453,-0.0557926594985935,-0.0582284483397925,0.0702499225572499,0.160611790645743,-0.113416715319143,-0.184430876581772,-0.267674662115054,-0.0404531417733371,0.0355477419012149,0.139446003985245,0.00582983607258376,-0.0882402056166839,-0.0206977677565699,0.153644720878101,0.151760774647707,0.252816998650885,0.0162426587501096,0.0944562507468389,-0.0987774286586597,0.0582266777896744,0.13970403191771,0.250743040132675,-0.0306414558369249,0.311638158171321,-0.131480080464695,-0.0655534021283598,-0.0314976644388397,-0.35068583975631,-0.0313575361572852,-0.2213275222769,-0.114068527656545,-0.185115368360795,0.0345300695760531,-0.173149767149289,0.213518257488153,0.484964304162892,-0.0297954810501242,0.503537494229993,-0.118995897029114,0.0513652831808852,-0.326542972610018,-0.0909888177911346,0.165487279174704,0.441792350802059,0.426808625471319,-0.0703044279317826,0.534565837315599,0.0547116826198736,0.453208394033862,0.274335382610011,0.702135458736883,0.594549777700246,0.256962983636505,-0.138050570981643,0.305590610971268,0.443532246825404,-0.0515499467434541,-0.0597236248174984,0.321231362550621,-0.0332586290501844,-0.0453123906893271,-0.169995186959186,0.372019843801212,0.0303557376899538,-0.0740131392544503,0.0799182365046336,-0.0418927849780338,0.0897486180951078,0.158354763563495,0.368990229120002,0.262271977167966,0.402937894001424,0.138627098268878,-0.263354043613944,-0.00680062088918765,0.263109426187358,-0.178511093066565,0.106003038178049,0.413601464193969,0.27739531396574,0.23428501224761,0.304008252651045,-0.147653946972653,0.0398784232309685,-0.0459546391696777,0.0975693813724589,-0.0291498915726532,0.436644560381307,0.267867080494828,0.333161495436512,-0.0871320780180516,-0.159686303874398,-0.19510202635142,-0.0240280077957645,-0.0365608100951885,-0.0877998432320073,-0.0636976026174452,-0.17442978389222,0.613468019654061,0.763726190795182,0.156079174755296,0.109127348166726,-0.21396837343128,-0.328867874054072,0.342551889623009,0.0845726923541296,-0.112034779596434,0.0103456093795357,-0.166627775269164,0.141986632876139,0.115810779377247,0.392750473653582,0.194199271627304,0.131185247593886,-0.0470165703752288,0.0473604119969484,-0.274305254805824,0.0964102582289513,-0.0672538855160441,0.706455875947925,0.357166250201136,0.151991877773374,0.185187289790006,0.0704763954161433,0.307855900608894,0.172039183391904,0.0651483943259015,-0.085158519894125,-0.0460614610300739,-0.0270689958596173,0.0155336356762714
0.0857467305566426,0.511140433976632,0.602880604365544,-0.129763888494713,0.317019870042374,-0.00631715123279362,0.301911458512613,0.815791888173791,-0.123830149891,0.241866109926067,-0.101938818035426,0.189229113895338,0.372475682577474,0.15793056463826,-0.223304929659266,-0.0462249068346301,0.23625819100956,0.244646499583707,0.0761335745902154,0.510632660451029,0.580099557862563,0.353426499385848,0.0707826393503106,-0.157340672674877,0.0843073162506186,-0.246360592430521,0.174752382378798,0.105230653931232,-0.066049791190265,0.394815408268861,0.316766205083427,0.175786784602975,0.0671636789890328,0.517432559379011,0.331930426288712,0.303869889633507,0.329616731348161,0.552480383095854,0.151137420945258,0.11890817010365,0.467297827266473,0.325382156324078,-0.081192471190183,-0.164020013699266,0.560022205716663,0.125982007066877,0.461584494023873,0.373681926217434,0.539938634975008,0.400264862873883,-0.0724732706487392,-0.0946885794081463,0.283115726737882,0.237475802126363,0.215999375851648,0.50348259694596,0.555282195696337,0.573153207795047,0.2089100060638,-0.0647302528423616,0.387428254635954,0.235009890430042,0.165304384118798,-0.0870629605223524,0.463828615242701,0.444986635506279,0.442832268199214,0.462307633709608,0.300094359858754,0.336358306215303,0.207290600109749,-0.166898912006232,0.270778867434826,-0.32898887234434,-0.279575680739644,0.240718994086073,0.359684504507016,-0.0337134889022102,-0.292201493253246,-0.149016669751767,0.331842438075861,0.0909684647612308,0.2432475558147,-0.188343717659104,-0.365765186190032,-0.338705191302147,0.427024316023804,0.302640326689118,0.215923760797469,0.450942174167737,0.16715316893508,0.111178394334496,0.410271333509202,-0.191960720783008,-0.0234840261454597,-0.0895113342488281,-0.151211151292476,-0.0490850676307145,0.379518649380141,-0.115105620804191,0.487407616956448,-0.0849307466270348,0.411291192751024,0.241558986541135,0.178041022163095,0.0901348312525614,-0.135049934935289,-0.0311731205330799,-0.0453410516023327,0.128000483842561,0.514339737588739,-0.0520105966926246,-0.0964372877942184,0.124252644701701,-0.190015430496043,-0.191258744150382,-0.0455842783196273,-0.43563733525399,-0.176802258131728,-0.0245559238340296,-0.253036749390135,0.0215096869810118,-0.17504223093469,-0.0520895031840694,-0.0824028041643309,0.173494879120995,0.270582247253907,0.209285675766035,0.181434352050378,0.455263859264791,NA,0.748384914614197,-0.162575885157392,0.206796274948618,0.109367849001504,0.888439084029723,0.694730197187146,0.233325583464909,0.832590273939144,-0.541495174300091,0.0608413258271887,0.202015454905754,0.414442875170947,0.147684982608197,-0.0839683140403674,-0.121504397841734,-0.015563334645573,-0.142955687925516,0.103271779115328,-0.160683472065029,-0.307156569641604,-0.0550085284514768,0.595987852705969,-0.126702406670905,0.437395998096109,-0.301538400309978,-0.146020935211398,-0.156752056898043,0.184066260244297,0.33304715016784,0.396243284987048,0.0920046721037798,0.649153866848567,0.316495274215502,-0.13098650381229,0.542803497587751,-0.0149022271593714,-0.273082748128541,0.516618437928344,-0.24723395167717,0.26605080699466,-0.0381387587513859,0.167443159113002,0.274686528577505,0.0308576681650965,0.248280773227253,0.614585339852208,0.20900677375775,0.165286244242136,0.384793819667124,-0.0859442393554895,-0.246086586813918,-0.270754386007575,-0.0160437921954787,0.286161132409534,-0.0980380980847816,0.36334141697871,0.194968254781453,0.457970780031226,0.345339789734355,0.0564865076484074,-0.0519775949064838,0.219051836313351,0.16280595816164,0.24643487423744,0.281068047517388,0.561563109624265,0.458031825802184,-0.291293364417644,-0.093961299254647,0.479317807527519,0.255400442156624,0.390706464112158,0.0842354518018067,0.165451214205146,0.102185036186171,0.435404050839262,0.0404737662672316,0.556616655233169,0.360791874359779,0.0373037296158371,0.159289026656736,0.3114616903078,0.313051452141415,0.124167015046854,0.43094345810824,0.241025142968173,0.0680748561214006,0.158529825673225,-0.0689957376814334,0.166263564678128,-0.0668647876905555,0.394595900998775,-0.0468093680256372,0.224727515777941,0.178220440497916,0.607042263892426,0.523084597903912,0.277940000566091,0.512785540981702,0.330539691417893,0.125048106201966,0.50505220294081,0.171874033855808,0.0489327357126561,-0.306552540454455,-0.17689749908083,0.218849044614838,0.483234855203727,-0.0801317965946469,-0.355848378257294,-0.394075449329426,-0.0928649519410636,0.337462506228118,0.1847901852222,0.591948514280338,0.000331231874281032,0.204901018410204,0.0494897988006728,-0.0880173535034746,0.431852700061935,0.383719264685126,0.190503740213041,0.346218071440771,0.45798653573633,0.511745598573145,0.195408942752145,0.501333197527169,-0.0778230191736907,-0.0904617727223135,-0.0487703310552891,-0.0395813375349969,-0.191266745458134,0.587623139983925,0.278090071628188,0.113089680314134,0.351608953188006,0.283543717739878,0.358268594941335,0.329337443856623,0.0149273725792426,0.187552293916516,-0.246710881725306,0.218732559352457,0.060390558888559,-0.120875926691628,-0.117537831871883,-0.102394944193973,-0.104060827144181,-0.22275981409668,-0.0324470773673803,-0.00215324356112589,-0.173225445665183,-0.128686300650892,-0.228833560618763,0.167211651440088,-0.0450966132099942,-0.0162710108177082,-0.160810061838491,0.257095541813739,0.122097835512159,0.258532929247763,0.728313269871438,0.49028566102579,0.363068724069,0.0924027658957597,0.315025353234057,1.09785720648676,0.81740653720567,0.118490191322353,0.103483537622911,0.00913404810294315,0.194700256125498,0.207033433507023,-0.0605759055694542,0.160484378527825,0.561605548051011,0.390287605712033,0.260152531051268,0.431124442751368,0.164878735188908,0.156886314051715,0.248358731297423,0.485760288393041,-0.108729638330491,0.0939928069404121,0.0872161628307594,0.288997764197135,-0.0707070373232798,-0.0406304018709484,-0.0673360514229824,-0.110735652748621,-0.0718916447252557,0.0161874495226382,-0.0257685162287752,-0.0215859328624688,-0.106926023651561,-0.265344886179196,0.11593480990552,0.347721744625977,0.123475173999801,0.380727841025878,0.119374804164486,-0.0360284645910989,-0.00882821753794994,-0.197660516446795,-0.165206593882802,-0.0799860392047922,-0.0453755951372299,-0.159824665536812,-0.304395534175257,0.454516387209099,0.467316995262124,0.016498715909069,0.476621382021484,0.066274065192418,-0.337148773540482,0.367468807219957,-0.0215455149483718,-0.112410787022533,-0.268675703498093,-0.308438664722495,0.0568878436103738,0.203894875033861,0.588085078329943,0.499237237964568,0.593879734628413,0.56425482132033,-0.221794916147296,-0.310833088198433,0.5418914915318,0.226013013184646,0.177528840713167,0.00641973305740897,-0.105429973312333,-0.0397222374521226,0.0225584373504929,0.118643673942642,0.436721914058926,0.401946140009677,0.34461103970921,0.268339112800817,-0.153443120471755,0.0657798093947227
-0.0532321073948506,0.344495915508059,0.369492950197671,0.065826376674835,0.512558587795556,0.0791326607009922,0.110956352880766,0.698118658314457,0.0551022753110237,-0.0110681160574026,0.248583076872973,-0.022857515558133,0.223520085817072,0.111988026937311,-0.00432714302495781,0.00591165290292578,0.312334125133401,0.0886701562569166,-0.122508804052692,0.453348580585006,0.279119041509109,0.124084708282221,0.103187077551705,-0.015335213747679,0.114619363722519,-0.226956366560099,0.0552735273285913,-0.140191699283892,-0.109871636423754,0.292197574670156,0.484640205295328,0.174277802486708,0.073337762189157,0.392837854203266,0.280471702041566,0.330685721384614,0.203794824312082,0.409023630644719,0.176349219748201,0.178970245147143,0.311768651689492,0.198803916646687,-0.0558335585450432,0.0138839767944519,0.469320200666156,0.170767666997591,0.385422529041199,0.312537853615115,0.332472581511991,0.283694965682338,0.147609090705705,0.0416414909851819,0.0533299639801696,0.273409906577321,0.210155444448009,0.561341862089845,0.372838869444586,0.425640418206652,0.074732486738754,-0.058783795754031,0.075049251879932,0.132854802705346,0.118470447399185,0.0726454839788386,0.244777886620854,0.166677519567992,-0.0273189480433011,0.221537124035091,0.292611713375494,0.278671614056557,-0.126969703406058,-0.234271229640166,0.330353096318754,-0.256478272142368,-0.0730748475742873,0.173161739778414,0.148368921169274,0.218707096193499,-0.12302100498454,0.00723878306469958,0.297497680438407,0.0717285718447508,0.0919907650977007,0.0728691682977065,-0.239054174007709,-0.167161374115024,0.695256694876028,0.53882370262718,-0.0461097297131927,0.328925225933271,0.0678750747416164,0.0322356911359695,0.247131705041027,-0.124233596284775,-0.113660477868631,0.0337066560837764,0.16225472394348,0.330564952475073,0.554175468397396,0.183828028663937,0.359722530950414,-0.105586622496628,0.293548110047766,0.333881082859086,0.0713968061347668,0.196353301891826,-0.0159172888191846,0.017967353162038,0.12484728976766,0.0524693560446957,0.280161039794509,0.10886094086863,0.0526988174713681,0.187573152558592,-0.0611462171783629,-0.232499827714508,-0.192224775015269,-0.159614134001643,-0.137519385113811,-0.024791426221167,-0.144387434536722,0.246463429274921,0.109445416382882,-0.180690419514304,-0.232443244008602,0.105636135392683,0.101770710298461,0.27527662805422,0.121392770793227,0.190065716829098,0.748384914614197,NA,-0.201704517860762,0.281593722628044,0.0327117895538883,0.716861571201489,0.699934940708121,0.429230294649559,0.868209392270069,-0.371709405601536,0.277824603603454,0.1168342109157,0.206033514031451,0.013650669241017,0.0605398657879924,0.0230775503032123,0.0383651873757426,0.0376524009761048,0.145275859988692,-0.00198521636552287,-0.106365291760409,-0.0672408695773327,0.242554312283222,-0.188728344036141,0.131395338219262,-0.242580126042594,0.0779764656229631,-0.0222557280591214,0.283938136457214,0.347989721308508,0.143380708475896,-0.141156013057854,0.487366067270853,0.165689646882974,-0.118110279660732,0.664340083177734,0.0959697657634907,-0.160924764774535,0.483056168153093,-0.181098081208218,-0.0322350661515093,-0.225595247879939,-0.0990911860763025,0.0931059698152304,0.254549182221212,0.351973300772117,0.556379713412327,0.194963826979676,0.156545112346191,0.172063413242326,0.0483445261755473,-0.010105739572248,-0.232101871282197,-0.139810977823528,0.0859593989834937,-0.194038861859993,0.226734437535189,0.0125410765514927,0.168436272614398,0.543331057029036,0.061857886815229,-0.127424312629888,0.116817050230341,0.315243874561872,0.182072182869722,0.158756127706711,0.556946561329388,0.677504877526942,-0.276157386356964,0.0183502368402592,0.352111377100312,0.190853505067694,0.417813813210728,0.30643891372923,0.106890082892465,0.0935307125573613,0.186584311223013,-0.0356812874650479,0.452498258146693,0.41884141381583,0.230905156940934,0.0244311980642263,0.210864910345521,0.27854481686916,0.116010053394851,0.498025474526717,0.315832424230012,0.198820770414121,0.0425563355865318,-0.108534796079161,-0.115366470146579,-0.239217808995162,0.337587851566367,-0.130881851714852,0.156771376243237,0.0938161001771967,0.301999649642966,0.38018752388241,-0.0565954447041673,0.443026063572412,0.0254396509737989,0.122551289324794,0.185861097922768,0.209256779125376,0.105996243159255,-0.231157176443873,-0.0961408147648675,0.274450257620761,0.359321626335902,0.0425008394703983,-0.280658043029957,-0.163517564580424,-0.105422249936652,0.069844786463931,0.160948194225534,0.502094534117587,0.0471987020259294,0.0573875218033131,0.0371729698709662,-0.0917823743009983,0.663691660366991,0.591882799252868,0.221381373397259,0.266757544577672,0.195186315242765,0.58754914471908,0.0403589449571355,0.543401362389343,-0.128387632999867,-0.0301978182131142,-0.0551358038445022,0.0658979300609238,0.152801859213686,0.66688545939229,0.363304801350453,-0.054922161326015,0.175789248256525,0.251215064636814,0.397278754382287,0.270426850696241,0.081248325107928,0.0046818734650804,-0.0352278868399386,0.247619365685009,0.114442879504867,-0.134186029503451,0.0127000730960201,-0.0698338395722168,-0.158458350561421,0.00398033880860424,-0.155394814042004,0.123696162789656,-0.0839041412670088,-0.105116853027551,-0.180407111935863,0.188167642082565,-0.0356600683021047,0.00635318454947439,-0.130965988063915,0.057541614773397,0.0985945515388068,0.106575057955804,0.690036757483591,0.229404459053418,0.232726986489318,0.235225503181027,0.239675558207778,1.03950756755273,0.66454364573551,0.046062704507654,0.0438875132154714,0.0781490099592421,0.272444998430338,0.172866833774842,-0.120769629553937,0.0449308854512572,0.698551747709537,0.477417525347486,0.462478072820724,0.222771145671881,-0.0472242135492542,-0.204036819464598,0.101144848440956,0.18341799670345,-0.278565206371606,0.00164625434052162,0.0452114878476722,0.183398779844136,-0.00490273444338431,0.00831975295470423,-0.131987958371598,-0.119713875277052,0.0272503946061469,-0.181813774277104,0.00265401938339333,-0.00609902349989423,-0.0525778195293638,-0.244571819184234,0.143391742193508,0.348707379295919,-0.0418816953836558,0.325411231504905,-0.233450832653825,-0.0829598038556742,-0.0166009317456468,-0.0372456037554134,-0.0116481283100875,-0.0549757485118984,0.00917466870123243,-0.114007497291765,-0.153728757956202,0.347601956595714,0.208634405747134,-0.169471607100573,0.31388011502117,0.110989160708411,-0.117432893044736,0.0711002399810543,0.099934603741376,0.0205579090049191,-0.158986759598032,-0.163585141229222,-0.0302084309586348,0.0540097232233169,0.455023415620732,0.655353868466566,0.772830476521455,0.719572272644294,-0.210208988053195,-0.0851683832010413,0.402471209585462,0.259224430127033,0.117017244347789,0.101416441832809,-0.255303532010379,-0.0414410027467442,0.118199790807871,0.0422250278367285,0.321854330361291,0.348884082264192,0.525685157407272,0.328110201199562,-0.164284654055912,0.0933243955707612
0.0475260506394194,-0.294124181766085,-0.0693394497445648,-0.0985618372068185,-0.214540327528238,0.0328140874327845,0.0653938687044829,-0.199179128990007,-0.0445015904936285,-0.151677668473653,0.0375806320437295,0.0302775514194682,-0.16143415795519,-0.0653562394631516,-0.104879246147237,-0.0419021587694212,-0.177904612857121,-0.231933747990214,-0.0837534931061614,-0.11653580776202,-0.0975938715350533,-0.294987013929442,-0.0656749799478925,-0.0596037575039983,-0.235913548907777,0.0911387654714331,-0.310317216092143,-0.0686573245762906,-0.217413682458753,-0.0710727696013449,-0.226501207857109,-0.029604466609177,-0.0719754133159429,-0.146893569903212,-0.159391261107781,-0.231961694408848,-0.158129487215698,-0.232563734942426,-0.335315154752172,-0.0736328798820094,-0.13122558488175,0.0446286592109703,0.246752965560789,-0.112846342798679,-0.361952085771638,0.12312192572144,-0.228605736057233,-0.287665808368865,-0.137552872389151,-0.254059177594504,0.195555820442901,0.173530835547392,0.10809132050981,-0.119466057867243,-0.0328259797692539,-0.153623020045916,-0.130252050258019,-0.104160959411643,-0.221934314777458,-0.0591862813175934,-0.0234073185760764,-0.11002932973098,0.133510281979303,-0.0899619616536331,0.0637144846911102,-0.121152190204426,-0.0860836057131308,-0.112924721623256,-0.0836796616960166,-0.00264968105357628,0.142664340368937,-0.0280853622929272,0.0481453512964287,-0.0224635854661956,0.0370962905863514,-0.160925241012612,0.00183355828963604,-0.150074106480359,-0.0101312734165656,-0.314998451959587,-0.207592986102711,-0.126479225320082,-0.0679441707342734,-0.154286132547794,0.0307642546083428,0.0111851152450566,-0.109385701905156,-0.0848640921372226,0.0712092042075604,-0.160630948113605,0.429178947019375,0.369718599762174,0.0422271000399898,0.134587675615904,0.188028219566316,0.239539240785772,-0.162755813840815,-0.213933323214576,-0.187931011449793,-0.0645853127575827,-0.146377162889721,0.0398004426798624,-0.149732409830642,-0.172121241575777,0.0724676743527853,0.0262688587888283,-0.13675611909804,0.085786040170257,0.135610847328102,0.186266991820959,-0.307533216201153,-0.0810134229542298,-0.0765645514405359,0.0185145430776027,-0.0935055448060041,-0.186723065233717,-0.129425029610519,-0.100600570700832,-0.055884073891291,-0.0837957513472665,0.0692866439918165,-0.011082365505662,-0.193085432943507,-0.190371173438675,-0.00937312839570563,-0.278383919994655,-0.132660791054687,0.118796793355912,0.0123760460425096,0.0433400645660101,-0.162575885157392,-0.201704517860762,NA,-0.115457331223471,0.0445566230626359,-0.131830172619215,-0.173896215943958,-0.13583800053925,-0.174726794187209,0.0277871184589552,-0.0823748141003322,0.119294087757811,-0.0235486614413777,0.0411141211892392,-0.185854237516593,-0.164034013827171,0.163535638209737,0.104210336726737,-0.0527645936691881,-0.136976150876371,0.0945530659329974,-0.35070118370038,0.0698339052600053,0.0604456376635724,0.202981075321058,0.0241886492077824,0.0963398427313063,0.0166431629904298,-0.135248422838424,-0.0550432319561553,-0.294164385235876,0.206882913561087,-0.128766168980264,0.23508833145046,-0.169304105977109,-0.223240395715413,-0.010047945141806,-0.0654651619728364,-0.224014320507298,0.150046900369739,-0.107893134501787,-0.12513441305941,0.256583272695425,0.0586697691246517,-0.21064718748801,-0.140431073290269,-0.155970455416202,0.0328590309868667,-0.140841892445611,-0.0810744686039741,0.0860957840765602,-0.0625833678336519,-0.0882829623412984,-0.274735998170658,-0.344398344935725,0.22516836617111,-0.142302041198751,-0.201596820909837,-0.0188576439949277,-0.169529070141238,-0.10972801718569,-0.045776928334795,-0.182049317961751,-0.292283086938486,-0.198695106164367,0.0105704404528663,-0.0347395559793677,-0.208561953044936,0.43021021285756,0.256485609426582,-0.108978012082633,-0.163912931201977,-0.344005341863749,0.145023833272358,-0.0945589491721186,-0.289546639865538,-0.136111518699291,0.432315291350138,-0.0659232836652974,-0.197598664469208,-0.258646361484035,0.183698711787168,-0.0842097166159277,-0.175027857737686,-0.0949559630314177,-0.133841195881124,-0.147064526748141,0.109215990849646,-0.107614707517732,0.169262728451612,0.0390129671364198,0.105928219726654,-0.130545854999354,-0.119306331073264,-0.0624574918128068,-0.258304963731123,-0.0270932768006185,-0.0949964167948806,-0.0891646375023316,-0.110224500769729,0.011238085425425,-0.233324588043322,-0.056149930581954,-0.0534990337446254,0.0491043630302441,0.0658485698055921,-0.00956590130054938,-0.0145677974615017,-0.176884698579498,-0.083177266679709,-0.024396247451671,-0.050157611831335,-0.225050478661875,0.0516667415259406,-0.177994472181792,-0.306582254446551,-0.135116604768383,-0.252794789144982,-0.343048640181257,-0.0155696863307268,-0.193046587762666,-0.0797032295159044,0.0592187244618148,-0.0216077458602364,-0.0639107784232908,-0.167070684429111,0.154243203052842,-0.193402315209838,0.400944684993565,0.222248490534544,0.323119290219638,0.0640614946417588,-0.144098799263694,-0.239887436037657,-0.171158538551804,0.133334778462586,-0.0686279913988167,0.0443990260783451,-0.00685165020456184,0.0659837103180689,-0.216484804258746,0.0491491072051182,-0.0357840283236642,-0.17548891227736,-0.175624677589479,-0.110557685525955,0.170245012177025,-0.0735497584394487,-0.101755043703492,-0.219544322987246,-0.0043546678321536,0.174628310204164,-0.152810301346376,0.00737243399945096,-0.0970003877640163,-0.417766108373175,-0.214664422897896,-0.0926517373487132,-0.0377725863407081,-0.124162011275483,0.0145274681816992,0.0631605623821022,-0.177270151867519,-0.0581867108362291,0.18044113634346,0.0846781074217026,0.0740884307886731,-0.151688170455632,-0.294283390022232,0.0534684198748205,-0.0831947095727041,-0.00730251240993145,0.228956113337499,-0.117803005614646,-0.0711910634886454,0.0512498390236136,-0.291394129113791,-0.186254115006805,-0.0527755858651368,0.0823115831470411,0.16955886292369,0.0849952273286786,0.0509557205051625,-0.0305834519808773,0.104592170892121,-0.154111101628198,-0.139250450401447,0.0757420599467791,0.231141195638939,0.217348452263431,0.017934520055761,-0.0497989634748791,0.0287513307579364,-0.163621800192318,-0.186458149469685,-0.0488033816211023,0.182816642489403,0.0780754700144344,-0.173496328681148,-0.199646308997661,0.121211800812172,0.000867338894029185,0.0628328648381994,-0.15106512732686,-0.121818519993104,-0.0707300803757679,0.0091086044041131,0.0287510768295409,0.0607867484275201,-0.0252692607504803,0.110068463799625,0.015493263615421,-0.0819520718642752,0.269395550784057,0.0448765443444935,-0.322033382466306,-0.345683271170723,0.125481122617204,0.0923983722845977,0.132546755906935,0.0808922959203261,0.0887966383260216,0.119992306053294,0.25202373445216,-0.164795601552604,-0.264743812523696,-0.137221964149028,-0.00059879161076321,0.269408753720525,0.158219516737854,-0.0506143718791775,0.182228435275507,0.0989993854406404,-0.0504647961044906,0.0699512773987482,0.0142539095025777,-0.0208081737321485,0.0796666679888704,-0.190349914309947,-0.0925550314868519,-0.143775756224931,-0.0305508111068686,-0.0494175194728279,0.0305190863687727
-0.0920841637546127,0.240858699811285,0.171942771221982,-0.0689114666676232,0.0411620425732035,0.107519664525042,-0.259630066275866,0.324368553419047,-0.0611110853752089,0.0688525482479811,0.267102983571669,-0.166629383028529,0.117656552560335,-0.00421168730430436,0.0525456067449725,0.00100803808926793,0.236134692086664,0.118712109471092,-0.149678760440709,0.0838447855388895,0.27164443254249,0.141615281821341,-0.138056627618653,-0.199903861425348,-0.0734896369367607,-0.0633932811067868,0.10972256731257,-0.188614479674583,-0.312843238488303,0.331063245991733,0.140950177837081,0.216220713118088,-0.120064681729545,0.00953542907203824,0.248676459782806,0.205702002563045,0.152273464760859,0.256456919123995,-0.106467774338414,-0.189321277005585,-0.0241335075582559,0.225158569679421,-0.104160477274546,-0.0491326277178649,0.231207489831353,-0.196919848236171,-0.010039368559505,0.190669590531085,0.353083799815215,0.221545717089199,-0.118295863830244,-0.109401202374242,0.11812522965747,0.0647586246358684,0.174114548905534,0.105840327254227,0.353743741474623,0.305072620681332,0.0593382329066119,0.0297668514061055,-0.158103585948303,0.262546908355703,0.187340953380055,0.17788274747431,-0.121278123909398,0.13440977160646,0.150836728219536,0.31508195077931,0.129261637461298,0.0553062432130488,-0.0936364657994581,-0.14042812190728,0.121820442383986,-0.132341717889085,-0.0763507166698985,0.131921312978075,0.0998843981916785,0.0264948504541912,0.099268117276484,0.156662002919847,0.494529772400497,0.138991066956678,0.0132969849354349,0.221013682597943,-0.0903278639472167,-0.150420360761351,0.167705481875334,0.0189305222873782,-0.0180871586126142,0.256725605186913,0.280625109912931,0.239704478809543,0.196994569309441,0.0633211939974857,-0.0605139108909117,-0.200822281827571,0.00608601961441516,0.119714747447643,0.102156357117889,0.15233971371153,0.267734540453843,0.0574811041690277,0.205363971161199,0.111699111614806,0.151349160147771,-0.125786568868091,-0.127726372536154,-0.130806635358906,-0.0812507515988273,-0.315017547436509,0.0523061286450872,0.131804314331253,0.0963504236068574,0.0941153791680744,-0.0759910159835802,-0.191257626449198,-0.256787347400887,0.125904951156672,-0.236157312869069,-0.126504128679211,-0.151086943677811,-0.122487478543746,0.154269598878094,-0.0738251729191442,-0.396493757161197,0.039567994188484,0.181288301589728,0.0586439335583993,0.361107300772847,0.0191325622626826,0.206796274948618,0.281593722628044,-0.115457331223471,NA,0.113784629480435,0.231493871922946,0.215921111995381,0.370565353775673,0.194973359907367,-0.139851777106037,0.149143002276595,-0.12049209688756,0.0970181033720073,0.225432984877685,-0.0117748237516738,-0.0103600906986371,-0.0312665041497231,0.189234716598836,-0.0263007633858049,-0.0177194438391774,-0.0211799161104955,-0.170347749675831,0.0808636947791464,-0.254298672349001,0.0513151869455599,-0.231802049965414,-0.171676932073139,-0.148655256867901,0.324591182686895,0.269471837083217,0.0675815004528,-0.0615127065722109,0.236007593637932,0.0495415563313079,-0.131335214425969,0.132132665091377,0.139057544531607,-0.159741080762431,0.411006734718028,0.0436829461723778,0.00423253288860918,0.0808609896983082,0.0160999613094461,0.151487381936695,0.234096727619439,0.197342923127376,0.290342217076495,0.265354406400146,0.141249832991177,0.231308794131501,-0.00768917845188242,-0.25311583721265,-0.151843752396684,-0.334690708455523,-0.0721120103405366,-0.0866482416575634,0.284911545923763,0.198452954984582,0.520413558977238,0.192565721514204,-0.0642036827849065,-0.135111642450824,0.194992024812078,0.144129295918422,0.0345668722850894,0.159549157835611,0.215343381591781,0.066737213831881,-0.138167507504859,-0.237743888925773,0.098601898877858,0.0120672621474826,0.0047357892469852,-0.0501699551927938,-0.0146779617325882,-0.185651299695872,0.0824510437564144,-0.0572562808855739,0.347194638876994,0.194504430689117,0.0581979998023048,0.0851702293235635,0.06145166237167,0.208266869943903,-0.0204017346035988,0.332953860940162,0.262728910416079,0.0709988745126609,0.26656575576214,0.0617086674986043,0.321370773902882,0.103507547714898,0.437488994619726,-0.282399306687278,0.150011736264049,-0.211093035949018,0.0397742786025927,0.354089066143063,0.251105687891818,0.37469650789777,0.179849494573148,-0.0924626961995626,0.00805134274158533,0.0474350705622478,-0.131566964551175,-0.195432404721024,-0.0712861207050453,0.252741950880969,0.425965129666143,0.045500585849801,-0.0243235131006036,-0.0238062126766774,-0.0308743302122959,0.30382398773431,0.317736934358988,0.343802795816269,0.0273322668140063,0.167153785914505,0.301437126281862,0.150455236246217,0.182971986133706,0.177673224670844,0.264995068719975,0.361859816207567,-0.00588407641869467,0.239394585083637,0.270858808374842,0.414888694220202,0.00186650117557288,-0.184052462291572,-0.156251819043017,0.307737004720685,-0.069319113076735,0.223890511423239,0.214835724670402,0.478388057641703,0.453279080705782,0.210362668385763,0.243023673964477,0.135027178745101,0.161657526868351,0.205534170232865,0.109576265158419,0.200207287703503,0.30996845490854,0.188428476814281,-0.0842848006646006,-0.0635272738845185,-0.176939805992698,-0.200219646724286,-0.0959186808156192,0.303737225668853,0.0741669417825386,0.0387215066649589,-0.0304150187692843,0.0356602227833362,-0.264379670390387,-0.206746371201088,-0.0217985651851693,0.226601107440246,0.213445724797017,0.379633707110834,0.174539817901382,0.203260935775945,0.225758547259275,-0.0283971682068974,0.254453142166339,0.226954909958116,0.432825412660492,0.369266985077087,0.173258232051705,0.128215300951146,0.651824200428799,0.21475678283375,-0.0948249035960188,0.0169816537521382,0.261667567815782,0.333077127329069,0.276105208101549,0.152200697833964,0.0342419374119841,0.0302301148148507,-0.103057435574525,-0.116538596983358,-0.182086088507993,-0.0386475997728357,0.00166086201677831,-0.0359305826887189,-0.0633937173525391,-0.215251613352234,0.0721352636016483,-0.0574611319895552,-0.0616301450549403,-0.0286178352387227,-0.0981151531763663,-0.0189588583940972,-0.0707872563936678,-0.0629036759957244,0.216124847679089,0.193615570353618,0.145757111992348,-0.142633373748913,0.0261945085737742,-0.0769139376480053,-0.168780622680488,-0.0697426795899705,-0.0218562689391555,-0.261603889982666,-0.24952628119662,-0.0182004105832716,0.00844865536534389,0.270907781723737,0.122557343302722,-0.0634252272034,0.0329614564680898,-0.249962981611626,-0.0917374525538206,-0.254051053483403,0.110891417229226,-0.0168945509199072,-0.0141095770369754,-0.114508747900529,-0.0823125510671144,0.0900645560870337,0.127410463768622,0.134969443304691,0.25995793521185,0.176225635462282,-0.152577277972728,-0.216641016302076,0.0423386944151016,0.0502833121270688,0.0652184709204738,-0.165818337229506,-0.10786618182246,-0.42822692552316,-0.0970219417594159,-0.263137914419582,0.0156073101050814,0.130064001311829,0.227620762465367,-0.0113396362986457,-0.214702093849812,-0.00717014218564652
-0.0543252898425345,-0.0167446629118325,-0.196788977053581,-0.361166596726526,0.0938526320639989,0.138666032534375,0.0163173184984637,-0.0958468061637187,0.0531517419768235,0.062216751986997,0.172507345726118,0.217122341819723,-0.165657459361166,-0.326817131003536,0.149607757706518,-0.262786138287214,0.0417152740768195,0.110559501428747,0.0288863543483438,-0.340847829372955,0.0845276688364104,-0.113209631177393,-0.382392350323797,-0.0498064227186124,-0.0524661988681945,-0.00744299443226953,-0.0247161608297476,0.111337259681493,-0.146098756960374,0.187232376395357,-0.211548497272581,-0.35363569468657,-0.286574856054043,-0.0746099014199426,-0.149747144330932,-0.0937506747289034,-0.0949668613137635,-0.0838508760928943,-0.299259771083189,-0.00468145546265334,-0.0337604980467262,0.136862304757343,0.0808376870711837,-0.129006167231241,-0.04701024803733,-0.329543669173757,-0.149887215906252,0.185890107166547,0.114419846741019,0.00405618086278668,0.0841070327181127,0.186728732025422,-0.168027104336078,0.312212894648893,0.224568304738052,0.044610327566501,0.077020349467177,0.200646781487191,-0.110741647233792,0.178855434911213,-0.0686780136364437,0.0190745329170116,0.199713407531939,-0.103186859662445,-0.0532437358247904,0.152446988052337,-0.058242512384916,-0.0898521462517976,-0.159596880271185,-0.0216591068860375,0.392296630488,0.158270301140692,0.0995630107438474,-0.0174856550213225,-0.213078684842464,0.281679789326772,0.0328896559788346,-0.00808395080415601,-0.18758570974416,-0.0589925485852828,0.365255640376333,0.268276898433941,0.281654375204908,0.17981663456342,0.132646882979045,-0.134498724644429,0.0326899846371203,0.0418474284809414,0.1005901378336,-0.192616511140394,0.276466935622691,0.308146650264413,0.229247550001633,0.152073287871118,-0.0475364006536527,0.0944048278220237,0.194170346101053,0.151921120382164,-0.0816598939926944,0.227737616076504,0.172497157654005,0.138360038782703,0.153454465381721,0.128623282341351,0.180461017234535,0.125855618339927,-0.295019964190166,-0.125306532508733,-0.070682494737043,0.233294998970094,0.0614444253914857,-0.0878055362644911,-0.0955195488474646,0.0668843891846114,0.139876733850063,-0.107487110262771,-0.206369720480853,0.105618800224667,0.0953550260985331,0.0429067199474551,0.091800425980752,0.0644201560529129,-0.124295893575862,0.0644119162540692,-0.0723621113361028,-0.199540930703772,-0.0653477243183815,-0.223758302076583,0.370101605286632,0.0317970907575963,0.109367849001504,0.0327117895538883,0.0445566230626359,0.113784629480435,NA,0.116769768026984,0.0514096552022075,-0.0268240505681934,0.213206856567452,0.230284202643492,0.312636774775393,-0.0820957126756208,0.00278028933428281,-0.0692076078875482,-0.171367341107055,-0.099861140574975,-0.208098621853033,-0.0801198169829403,-0.117113306604999,-0.0642496737579141,0.0703971797910265,-0.0469138914079273,0.354856351134391,-0.29954777577626,0.15030022130527,0.00017719384390718,-0.15886216472718,-0.218847777252561,0.268185057419963,0.121464166330476,0.149325588978088,0.134414471907896,-0.0672539126964623,-0.0906442196974847,-0.190752691861609,-0.0876827079354579,0.0684002347221372,0.195909561886994,0.085887174270445,0.0166351800418149,0.0193479806176605,-0.00325351476851681,0.233909996226862,-0.0655082128216681,-0.0249654074603161,-0.180592483202562,-0.125208847743333,0.0820571651572678,0.145342278126435,0.139909351985695,-0.182573011490711,-0.0271778940611413,0.108379257929964,-0.0462777547803964,-0.0257782837914075,0.0829903217462318,0.101112135214943,0.125034572309697,0.253651576998659,-0.183476251584781,-0.217662767011683,-0.17092137030074,-0.232347571958368,0.00963958558927291,0.0658692622593759,0.0390275887226321,-0.00160845387708108,0.0312320278429444,0.0380785192446337,-0.00926472614609801,-0.123468549004175,-0.149588819602958,-0.0875888468391998,-0.118403953228309,-0.0743294875480844,-0.106743298044583,0.219292119666048,0.105819341939046,0.107654062161238,-0.0410990762277988,-0.0200207570253184,-0.184534218092236,-0.172901158259691,-0.0855355574151171,-0.00274277124924243,-0.105718037370016,-0.108701765694914,-0.150190554318223,0.377364079361244,0.0917214909395514,0.118648197877196,0.158790404355033,0.0984785008613838,0.00697577581161464,0.102802640816317,0.0538522898015877,0.0354235614028212,0.111015751956856,0.0752250426152365,0.0525546877316779,0.194176305448151,-0.254560706025268,0.0314821639364019,0.18936685803582,0.173346893453172,0.212835738950462,-0.00248398571624014,0.144732441346339,-0.10312466593684,-0.0830313205885458,-0.105618196688674,0.15054230517611,0.063962475663684,-0.09376496278149,0.127744297275898,0.088880591677433,0.328574275206808,0.268407345060666,0.393037355778952,0.14705424102074,-0.0503094460015356,-0.0172434351665018,0.108587354546468,0.192282367894983,-0.098884932232794,-0.0400603489441241,0.180484752995801,0.175023341063501,-0.0256125319103994,0.092828657465138,0.0847515270629848,0.262772469313564,0.148199681279396,-0.0512336135581054,0.0624507481228299,0.219441636132755,0.222903050302843,-0.10860253976294,-0.0161080199912738,-0.0292411042195703,0.138463968408579,0.409494640937607,0.274032540167792,0.130949848906603,0.0888890317590733,-0.0106919141058046,0.139743061038019,0.105724734717235,-0.0168663003191983,-0.151424234953691,0.00218957421895678,0.0601911892564099,-0.00659405448273911,-0.0246618695310022,0.0974735331681739,0.214615442700058,-0.0623623852486256,-0.151831301954355,0.115256828828298,0.038174907275629,-0.0768634681824893,0.195705656007305,0.147806790665552,0.167920061882278,-0.211941057109074,0.0180862178279277,0.203482721195882,0.0983495173264311,0.0912798048250858,0.136538706056678,0.0789898984956723,-0.21533055895354,0.229830384062987,0.0495943559503493,0.193399356768552,0.0698923639979528,0.0477084010381907,0.0180570742732127,0.135105724953083,0.135520933666221,-0.0891425382359669,-0.253402676232547,0.121556305621489,-0.204175539130313,-0.0309014509091308,0.0261993549649494,0.00563717201877903,0.185965408957049,0.134805068311953,0.0638843594626891,0.162630227554212,-0.0427584862312792,-0.0828294885164388,-0.0491422256930664,-0.0128470066406572,0.110402668096559,0.181713448184865,0.0373659837852308,-0.0270097802125985,0.116524874609041,-0.0446004160169758,0.438469833160446,-0.0358227384970499,0.0592985379482691,-0.023588350976184,-0.0472286610665347,-0.0570648687531206,0.0508688464148207,0.0188832611010022,0.0562901563275205,0.0403726371057143,-0.0703782620203615,0.0192102431505932,-0.187658016191686,0.175179897475733,0.134261177757868,0.198098709144535,0.165250460109295,0.166320169536018,-0.0904454940950804,0.0355447574357517,-0.0112101821181131,0.134056357350685,0.352697807231636,0.298123287446892,0.040871816807073,0.16105473923137,0.0667207109149492,0.0564007918532558,-0.0296967199260802,0.0350819780115727,0.026397760803641,0.457557768034576,0.192610238151682,0.0771271208098462,-0.103369830234748,0.0446728477795609,0.326193649056444,0.104129483733848,0.0524501734582802,0.0925122576617711,0.0352758434389821,0.250782278338774,0.0739346668106141
0.32502491598799,0.348220181162165,0.215514389747334,0.159114960890445,0.195410282408957,0.17002378159573,0.142285729411252,0.458075619601458,-0.00157655287358956,0.230458407680257,0.0254802489204698,0.263158210734598,0.234208686061622,0.0637206249291101,-0.301300973152127,-0.0456472210227556,-0.0371837348040659,0.3316589023008,0.123896977468349,0.268470671197182,0.310657171153807,0.117194187934075,0.143460082217123,-0.0267922915889212,0.216381090523045,0.11718193263597,0.110264056594519,0.0633063843183883,0.0703299955356604,0.259474305942917,0.406338247972319,0.194857575626128,0.111634046455938,0.290922537090837,0.292600244183201,0.327169959172307,0.294722797464553,0.451640685997022,0.148004049964662,0.110233220720865,0.277147407489218,0.055462619000508,-0.206466828327345,0.157308324036417,0.595757311984981,0.115231963148923,0.542723305343713,0.341217330752274,0.201129973582498,0.25682875253201,-0.104999276964453,-0.0957883989892452,0.0986594554372827,0.105850449398372,0.0308024059383226,0.338588970166949,0.448744279301321,0.32913957421839,0.27767218605171,-0.0873159575353139,0.390469531658281,0.363232707587113,-0.00643815441100633,-0.0672843236391917,0.348758625957708,0.265478516268732,0.459941948095428,0.302114790391668,0.244960204058791,0.449691854683259,0.0573277449659056,-0.346219341631315,0.137896907691089,-0.200079693984061,-0.00254554819293808,0.00278083562232141,0.0697003401071712,0.0849740482981522,-0.183943394537591,0.0592089932622746,0.14784144798354,-0.212492211769794,0.164284868319037,-0.117676120224162,-0.165124898910014,-0.104359078912157,0.315203948660908,0.394344394639359,0.144981454078537,0.232030309673462,-0.109620150701698,-0.00118767548584878,0.294273520540251,0.0781643861736598,0.167558222155865,-0.0128255261987436,-0.016180338282409,0.0758220045840662,0.384927376405806,0.0295257385842885,0.294469610967396,-0.220336361340073,0.19167815670402,-0.0525719232340446,-0.0840921840300073,-0.16310671276645,-0.0272302885907954,0.0834848718965061,-0.00826552376213065,-0.059088739721927,0.191795275200594,-0.0943814689506073,0.0194963040731547,0.381475376642358,0.149952986556155,0.0943602217388877,0.0847385816648613,-0.000878725722045557,0.056390965244101,0.114805711401813,-0.147600411912413,0.182709026433041,-0.0484593888673613,0.184213382700526,0.0283564011808577,0.208996646413167,0.267055541209332,0.321373627558861,0.181343008171192,0.520440181247691,0.888439084029724,0.716861571201489,-0.131830172619215,0.231493871922946,0.116769768026984,NA,0.413075887405071,0.114559216857043,0.72486402226977,-0.326717045888961,0.196339649830628,0.289988472388979,0.412454746758189,0.29150193658075,0.225140796939424,0.156986319732221,0.0843471556434354,0.151159380804979,0.276784565567449,0.182438597716854,0.00902806207624866,0.151004077023114,0.249554512692582,0.00945406807072369,0.00108267943218539,-0.139680015586466,0.0254469769267661,-0.0477858363320365,0.235602418441921,0.190838658032598,0.353801955226914,0.194940517016723,0.394894237653232,0.0900423127830726,0.222584072973293,0.360812660206599,-0.106226965750935,-0.292731961561194,0.602078053938143,-0.109992326421312,0.132022249045818,-0.211108740533118,0.250889123746673,0.377510616057236,-0.122332585380845,0.149224270544804,0.416665109059662,0.402240875375242,0.202526981740214,0.198457877868848,0.122466438762677,0.00496460142125949,-0.300697922258311,0.199427918305655,0.0532283623652657,0.166222250234838,0.112450680328731,0.0377926801324863,0.175453306089525,0.498389694015382,0.164300485157428,-0.0013389182003104,0.264488595051839,0.49164574083095,0.355990813895963,0.0484663276744185,0.356043267714743,0.235485364572658,-0.157777213950803,0.0146284394437104,0.534163602419938,0.190698859335503,0.379570668321673,0.0202949047513009,0.348271534909638,0.18529946188884,0.0657832826831148,-0.0779000255542575,0.36628930163727,0.202858201422549,-0.0176747092833851,0.0940359560613416,0.466011926675994,0.48749733943411,0.0696078504468238,0.407168424133113,0.108768295652801,0.162267070306744,-0.0471427150253134,0.076229601572776,0.0549950603252807,0.0630770224164637,0.150220132497426,0.129440577344786,0.284898707811085,0.352873566775894,0.551031023782301,0.367420779311229,0.214280361045219,0.213362001108208,0.327024024482997,0.372652343803714,0.474618249921158,0.162731839819036,0.0634556729299245,-0.405080775996837,-0.029597162754981,0.169210755685043,0.267776859507338,-0.135407405278941,-0.205058204188045,-0.212707959330097,-0.173196088418888,0.312572410046222,-0.0331424212312986,0.260693005558347,-0.00490855746646875,-0.0353331829462619,0.0162052142913449,-0.21253710656746,0.275752570158104,0.212272313781296,0.151160130090748,0.183253154896452,0.207878972044782,0.345013141445508,0.0647499588033858,0.253931969492656,-0.000547571127427689,-0.0321810095036028,0.0371881035612358,-0.206878870868886,-0.0530780282203173,0.48093203130358,0.265735517895756,0.0373096520610759,0.259091041061141,0.191532843436453,0.0950898775394722,0.32404289200995,-0.229077318069064,-0.101124438496362,-0.266107609789053,0.0426452593113649,-0.135264819229679,0.061065652663131,-0.180400350686134,0.0953313047649846,0.10962394796366,-0.0819515469426584,0.249760054222077,0.00901598863019266,-0.121025705190514,-0.0860021826310924,-0.208463697266975,0.124543410993421,0.170444818061165,0.2281241203527,-0.15514093852189,0.388742146024585,0.261423196620341,0.221525817711485,0.459841433126263,0.385429537249493,0.334408387663217,0.0408950612520499,0.103486122003054,0.682596568716269,0.652035759812701,-0.0878425912703978,0.1096425952709,0.135009568326031,0.143357328083816,0.110477441162913,-0.180591027007957,0.0837865499829147,0.320067167882003,0.256069738954839,0.200640998241096,0.218764883746964,0.0856365097454939,-0.154405173605245,0.137211472611835,0.298608836092332,0.101633075700355,0.309077731612813,0.19427573709158,-0.0893107648511156,0.114747983631868,-0.0866384082142288,0.101333136344871,0.141479902262538,0.246647477797708,0.202691125563622,0.318478013542687,0.133196178192575,-0.0678579076682923,-0.206566630566862,0.173342905310192,0.25732567148655,0.299385055242633,0.503905963847467,-0.130046167228727,-0.0733332317790964,0.0196831138970063,-0.0694399398117137,-0.103655510059051,-0.256864050973236,-0.149671206822324,-0.305940746301167,-0.333698534011481,0.358696536783697,0.400591214897763,-0.0896163114385335,0.337379386765833,-0.00234171605914199,-0.333969185170496,0.196927610948656,0.0657663032144876,0.0866606706350941,-0.0669573645686511,0.00417674522834107,-0.110073059356322,0.0723232118943826,0.409071149845604,0.248207600852403,0.324393292785726,0.22467545578026,-0.209493142494155,-0.0992218768660632,0.308127164617662,0.143864876539376,0.319840674172319,0.246185361041646,-0.236701350237652,-0.0432862488679197,0.0131218591239147,0.172425541350355,0.238059816713768,0.189818000195512,0.186222187019178,0.136403741509041,-0.0303080784589852,-0.0147773079695991
-0.0650540781973043,0.559836394170356,0.473524076852555,0.0293141408863529,0.863437007457596,0.116189907180291,0.367159538396956,1.26594896459618,-0.00603256793503132,0.251420167694552,0.311024859542334,-0.000277978393722202,0.759876402531332,0.457251920871309,0.292469732980611,0.243367812644224,0.614989315975582,0.203438613250629,-0.077243173772298,0.722405433499433,0.369112914370168,0.36764472782904,0.220632813546053,0.141528739332695,0.166309137475808,-0.14228375623253,0.238914362762249,0.0543966914393286,0.000238613066523155,0.304126858309456,0.346696072749617,0.206292852077007,0.233189673014123,0.301064979213686,0.371468612106288,0.466928165708985,0.223248297215322,0.482058266237,0.195948024739205,0.355706116039663,0.217071466141422,0.0478244039370679,0.207723648457375,-0.0285376940654789,0.551125816538849,0.0796919237880947,0.513941507627207,0.17083965688308,0.387924064791465,0.228514850665175,0.252024343075706,0.245981976791358,0.195186644378609,0.378948048673663,0.345850913015412,0.434306662833195,0.407122492052969,0.490589614248298,0.158087835211189,-0.0120670026375631,0.310252360059641,0.0558453790699553,0.178449255058394,0.00777092749071235,0.44790483790035,0.25160206092157,0.0462320510572321,0.111430863699454,0.387103399695175,0.237227677902418,0.178409181445869,0.0356679561689163,0.520815700171844,-0.0839309772448311,0.0153836169699206,0.157707520734772,0.359850139792958,0.232336954864413,-0.110828043022339,0.190735468344035,0.426544832339636,0.124982403442474,0.314128840451051,-0.0549645530125701,-0.165761433726077,-0.151032521604822,0.679165315633635,0.613327516887044,0.107574939226903,0.66644522143511,0.306714524061766,0.253416567251746,0.467678089896582,-0.222152028737426,-0.0505019224058579,0.0923890223198884,0.0986834805944132,0.107067487866562,0.697584588342963,0.089648968137942,0.22020753816783,0.106673322125292,0.297916310831662,0.330398210959358,0.0661476428954929,0.404404443439194,0.0293823172078865,0.216451815452804,0.322902314346676,0.277047055413521,0.337897446202119,0.133890932227391,0.0360815799771128,0.0328477579499202,-0.11388617608966,-0.207457677662454,-0.0692647583908091,-0.11647842048762,0.0464942015689042,0.000719710784664374,0.114782693413766,0.197096467446419,0.102636943664085,-0.311206446572819,0.0132065381068659,0.127755191424277,-0.0241966535879149,0.1507626595826,-0.0526061436742638,0.0148571469403306,0.694730197187146,0.699934940708121,-0.173896215943958,0.215921111995381,0.0514096552022075,0.413075887405071,NA,0.64041609052083,0.453571499574908,-0.43826823367894,0.0949708241902943,-0.0857008289873137,0.155609459535559,0.167262842271493,-0.027986676113228,-0.038763540594373,0.253860306072974,-0.224893733816129,0.103009030245092,-0.0838847679733832,-0.238929944678025,-0.0262139367921127,0.360072945488158,-0.155492576604362,0.463242164369651,-0.0860214715898204,0.148330144467154,-0.123242457820864,0.323533900877434,0.350746663817715,0.391943924318396,-0.149826793122229,0.604734760403148,0.221318465138161,-0.179152473688453,1.05753023099304,-0.00449164916719948,-0.135294862079001,0.419423177519799,-0.14694204488393,0.119412891330255,-0.21331564132823,-0.039659708999023,0.237845733821364,0.574780856290991,0.75096922291228,0.848071511922482,0.118578994264631,-0.0691200851053631,0.174296448604455,-0.0234863187211677,0.0632093036213336,0.0436967982886477,-0.0504778206375741,0.199203773627205,-0.112434005610528,0.37011332207928,0.177883499942104,0.232033930486641,0.399013852617035,0.23640083016251,0.0677653035178625,0.206658503720483,0.328042634449381,0.127296927144121,0.230567958506762,0.570029818175497,0.538130504732216,-0.200741987200625,0.00399679429076337,0.469770691930558,0.0496026037710461,0.270436892076916,0.315002212746385,0.123471000446923,0.0278633523758272,0.30630393698529,0.0182620420895766,0.394218839802677,0.322856953285567,0.13779258952397,0.0976592146455706,0.240280412039102,0.28891902439428,0.395298454274122,0.560762814960367,0.322036724938623,0.0861345946523802,0.0779290633021405,-0.0952144008780902,-0.0446420779111857,-0.0796422697503489,0.248025038684686,0.0493920143833096,0.191932435138288,0.187036043058063,0.422425287580976,0.590376415461513,-0.0633113127999148,0.548189635275718,0.126942045418735,0.111796187700459,0.295816352368868,0.144642542881504,0.205572363900317,-0.166992975095407,0.0557738942647694,0.283748378279764,0.408918741036723,0.126299675092809,-0.0949653988250856,-0.123970227354143,-0.0933746240429148,0.106542423206826,0.126163271158495,0.394728512199355,0.0821915523816791,0.0994428895071522,0.071209246732252,0.124097458508836,0.562093581627683,0.529024091555848,0.227282370315566,0.441155519480503,0.485277929955068,1.24661159008128,0.202735219853113,0.407872668199078,-0.0506528799409199,-0.047709969882824,0.0446974579325912,0.0719304880532737,-0.0698399833021977,0.598589497071681,0.331404588791155,0.0203056900971364,0.315661060816578,0.230004681991083,0.357323003156862,0.333813951960131,0.348414707181338,0.258734152389842,-0.0554799152588507,0.188195369317027,0.171829473370768,-0.145506572441179,-0.00276329485310428,-0.23897273747435,-0.146797447590065,-0.0245591571174313,-0.0611476949228248,0.113715899477988,-0.154234717175503,0.0192105438808975,-0.275108723365125,-0.082787029134969,-0.130029416723621,-0.0848751691307632,-0.0885106898420704,0.0539316549774833,-0.00830460645219908,-0.0193330438536036,0.548677465237577,0.142118106217596,-0.0679849465504966,0.100554169591408,0.324007163274571,0.867108531408067,0.46714695055565,-0.027016951987923,0.0930767843540389,-0.24358933988213,0.11843104208141,0.128149147333806,-0.440361191413589,0.0378743487483878,1.19790522870942,0.971386265945038,0.249110253101635,0.688985060057264,0.262394766762401,0.0404442999036092,0.235956689590225,0.242614827136091,-0.214812347026319,-0.118024771177814,0.059276286795397,0.37006481728196,-0.156039244167462,-0.0269695502858152,-0.197312240305005,-0.153090082330594,-0.0796652113777864,-0.162029497559435,-0.225080348621213,-0.0568240094040642,-0.0283652357523684,-0.159276720061976,0.0880532747953412,0.406561945443958,-0.0325079851142607,0.266072659409321,0.116851957934427,-0.0665771419673944,-0.0380387602302093,-0.0902094602565014,-0.174494753832083,-0.197507790794573,-0.253420130166716,-0.311202275197379,-0.425582988736523,0.171452439193961,0.212451003933314,-0.295951370845735,0.240128111372879,0.111412435583735,-0.238975409341391,0.0371532760904075,-0.11401535596031,-0.172949974904906,-0.441797197643191,-0.207556389428217,-0.0683998239901877,0.0160819245675032,0.49073443054589,0.534241842584033,0.707359637977703,0.626616445947771,-0.290439801639522,-0.0756750434346427,0.396424433222677,0.17711965393644,-0.0940796376793365,-0.242239858775241,-0.101773021288921,0.074689258730432,-0.10030111530158,-0.105134830447537,0.273402552257147,0.310494826498634,0.339662854651422,0.205253615981248,-0.44941495262439,0.000923125743364256
-0.240980225305623,0.165404724436929,0.17946133519592,-0.00518602490356849,0.4438257689033,-0.00964948609892947,0.020084925950616,0.493873590137555,-0.101723069410963,0.151328431400207,0.26128635762042,-0.280030033141557,0.417043099090464,0.302743020366912,0.735570127631141,0.169808501751181,0.529809222687497,0.199001703641732,-0.133826993805434,0.350446490737972,0.0388690797379283,0.25920667609443,0.216017104991044,0.168762453050796,0.0862847316385122,-0.282974523964044,0.249016993881841,0.0340198655415321,-0.0912222125107134,0.126257871047565,0.12976758885787,0.11506120187465,0.113626713670172,0.215696092503206,0.162945933691348,0.160035590691493,-0.0774685162250621,0.12442464922294,-0.0176326845038749,0.168351101479743,-0.00459714318511821,0.0594950509657595,0.23581668326584,-0.0541091057035604,0.329964313884843,-0.164390331610042,0.0918531569190182,0.0523602937225339,0.224337820054573,-0.0747011105587245,0.21037016973136,0.279070212594961,-0.00540005058861035,0.293218131793065,0.195902762631293,0.253914839942081,0.0526491134086242,0.307056838726508,0.00623888655285756,0.0323327995563362,0.0416259956606779,-0.0903200977696183,0.110537714360346,0.0843609101001299,0.133355183762311,0.0732516649184709,-0.0248268193112661,0.122168981934009,0.29692968342683,0.018686857503721,0.0440269093570867,0.197004793413669,0.38074136112051,-0.0950023198694892,-0.0218332786330822,0.10027044071353,0.00745724481042333,0.263556578046463,0.0793644565179822,0.307630539860168,0.402407758403442,0.285080203859032,0.479288005297036,0.327574926592781,-0.00384873299632686,-0.140043458220617,0.358985964235298,0.338362133342639,-0.264350592245294,0.206317176266407,0.236961319510633,0.133932943269345,0.00662707599212425,-0.181700336446317,-0.0891380216264492,-0.0209277741943973,0.209084538209435,0.313089233119497,0.122885501064904,0.173623973550998,0.136712565146367,0.15003140910687,0.0759590384696845,0.226881949485862,0.0615401763261974,0.377867095140063,-0.0435659921607607,0.0232434878900408,0.164898071319055,0.149443065946971,0.256727786969564,0.284136574613833,-0.0937128802831956,-0.132317752695403,0.185217581515045,-0.0950681889402616,-0.0863830717318635,-0.0617799562637302,-0.11757618959651,-0.0160262170770218,0.305192349346784,0.313991821463192,0.297576480908308,-0.309846255487546,-0.282392901831008,0.168559531985786,-0.106585202954027,-0.0379103414100739,0.151178074943129,0.00421208405869197,0.233325583464909,0.429230294649559,-0.13583800053925,0.370565353775673,-0.0268240505681933,0.114559216857043,0.64041609052083,NA,0.312405977349179,-0.0146469741873834,0.268040178963078,-0.143508846696901,0.124090716324651,0.128383186136752,-0.0778253298617883,-0.102069829721076,0.245572787034213,-0.105721731556969,-0.172589730178212,-0.115554489948615,-0.131234094869947,-0.0780677367580482,0.168815988281417,-0.170603284349777,0.241938372062,-0.0508919620644653,0.0929834017085664,-0.0201575479707828,0.403980681823631,0.252135977236426,0.159477408005842,-0.262546329042066,0.148819972256118,-0.0603663790882549,-0.125267308857656,0.414621637569049,0.39335376922663,0.134713409723542,0.389880086400705,0.0209624470462012,-0.0658281228620743,-0.242016566235566,-0.262485393444448,0.132937260266384,0.8863186660834,0.477390217058345,0.262461420710267,0.19229488754422,0.152135910091958,-0.129718606441711,0.0864452335329069,0.165196678017378,0.228466633542756,-0.0766823995939416,-0.0941489998338922,-0.335117683495506,0.323140849900758,0.215106303062013,0.0295806022170441,0.282522882975992,0.0381916422216628,0.0133575327857886,0.0134323687886698,0.083656032828618,-0.135893671395141,0.161020716399908,0.21417372465106,0.336012913392559,-0.0126883036767654,0.0614316914266008,0.133172208694242,-0.0650761913844101,-0.0332828714764323,0.266954656743007,-0.19001602607355,-0.1657119254254,0.197110355172379,0.103206037076594,0.0265762962362307,0.154427013604114,0.244120501014937,-0.0922493656688659,-0.116351368439515,-0.0572103064333894,0.188326014210773,0.20233778206439,0.0742102849056867,-0.197586258719681,0.223490328979855,0.0179531576112057,-0.0930369998138726,0.00506273394501818,0.105065914354037,-0.222829881770171,0.0380819385380877,-0.0382826008153749,0.12158872402299,0.288019737269348,0.115861519979275,0.361726593810383,-0.0560335821304342,-0.112563396523005,-0.0232383274632137,0.17801229511645,0.296004964489801,0.0436002818205211,0.259060591475225,-0.00313169539211835,0.199751313781414,0.453495129131023,0.145152795915642,0.169441559120034,0.173215246220446,-0.0478142269305336,0.254307623033163,0.301191093594281,0.289273687983464,0.155548088340633,0.252100941041397,0.268210705063699,0.357005035292074,0.314982304820219,0.335943493704833,0.234169350941996,-0.00166817623831205,0.554505097671228,0.198913520651047,0.478615278021346,0.0763554077193513,0.23206993866777,0.180342578729082,0.316480567938643,0.151965076416988,0.163211173399331,0.264275873725379,0.141944097188651,0.146944451697154,0.107602081309581,0.298740068200952,-0.0216802144406002,0.551080193398667,0.317474502500146,0.352301870794474,0.266721910320925,0.475646000033747,-0.0156486364290546,0.216754096375647,-0.235802119258917,-0.0232503522958543,0.172172936570145,0.0252334420794922,0.260553431215104,0.201946696267275,0.0530831694964871,-0.0854792869925999,-0.0167173019251136,-0.0201103592972772,-0.0646348754201732,-0.0355587585759028,-0.0382926461328711,-0.0651823910641789,-0.0755447920489462,0.255854764441431,-0.036652570033542,0.0247234827832472,0.0967800146833525,0.139456661389649,0.369195250575057,0.315484519199845,0.119644645625182,0.0325038440504638,-0.16026720074882,0.217863226812414,0.242324021166485,-0.262728718775496,0.214523460537833,0.720620004804477,0.816262856078532,0.184521854880588,0.241859864276859,-0.00294162500790737,0.03191796979013,0.195489059285996,0.271799870799111,-0.198346017141655,-0.305641179511689,-0.0795501180056891,0.263301069859615,-0.0760224632513549,-0.0187805466699568,-0.0652093822697985,-0.108819549322985,-0.0316846440711058,-0.266597502321352,-0.187082565755877,0.0920933894845162,0.157337989758303,0.143130927987834,0.0626257258883598,0.501673168169436,-0.0221079828390194,0.183441258551106,0.170665858981266,-0.166340438724114,-0.131543954609169,0.0320317652384403,-0.0907630181893908,-0.0814593755019697,-0.160099852764819,-0.0510165593595526,-0.0203380672345253,0.0795836833770847,0.0215998141406605,-0.300653773462473,0.19133057607099,0.0463515135000862,0.0367806871843776,-0.140314120822788,0.0776079630963095,-0.0880980889178917,-0.178795150843949,-0.306052381574562,-0.049315450252387,-0.0481397476782107,0.110534814874597,0.189375254808832,0.562953528615369,0.359588489984354,-0.110821584357611,-0.18049956001759,0.0424662204984297,-0.0475009500829535,-0.0213488032734108,-0.170114826272439,0.0778430042473013,0.0181975372920846,-0.111685304776732,-0.29523482469248,-0.0679034024687487,-0.000715874705660001,0.34224845480032,0.235833326279386,-0.256549074959521,-0.0483910709466927
0.0450811168581344,0.232715949610182,0.28270438089186,-0.189499838226347,0.5680042997896,-0.0301317988075538,0.237479642518006,0.396121044528251,-0.157262289653521,0.00618408058867943,0.0506696159129703,0.0370042702162881,0.125796106455867,-0.0224401116648705,-0.00434522716952848,-0.266887849546009,0.161104631973094,0.143299848833966,-0.137903707609155,0.228349602632403,0.196021473410125,0.126379083019054,-0.0960979482497849,-0.145608742815784,0.00860358167539479,-0.28249473656132,-0.0673564322878076,-0.0777703409285374,0.0536258510117951,0.176088883521121,0.264337426122192,-0.025196495759401,-0.0722044416188398,0.22596499214196,0.0242173535912526,0.0968265329810944,-0.048740264302911,0.273451329379758,0.00342939459367193,0.126949999327278,0.305079377681105,0.160771181352326,-0.190535636360369,-0.14513939436114,0.494970300437229,-0.21325608825837,0.135569191650676,0.39866439906432,0.194168398737122,0.192659200791205,0.0166432026739205,-0.0696298631022029,-0.00418826425836361,0.244573953172583,0.210639547735293,0.668791694484865,0.194012504058057,0.471737974664444,0.0472549009893701,-0.0305180498453049,0.159307345437408,0.115912874609815,-0.0933630441754258,-0.126729469146141,0.236529472275373,0.226457581358961,0.025529714798561,0.198610947039114,0.111649179537954,0.0684480307859548,-0.0966310254103387,-0.211438730975685,0.233736188632963,-0.354368346357194,-0.289747407382488,0.0274719474635829,-0.0618098247027416,-0.0626205008814561,-0.328640893843835,-0.171512227946521,0.224580048421273,0.0389137686468333,0.157670444649651,-0.0311008651826478,-0.239424850611561,-0.297717248057713,0.655322157936087,0.451417246347572,0.0425629395795702,0.0469662834225197,0.0995504930816236,0.0583025826552195,0.180615685505474,-0.157457225060334,-0.0265712566181032,-0.0358657980712608,0.501345324290819,0.589754673433748,0.48741554770723,0.133643261477482,0.437951826427189,-0.228840696684474,0.157615242945021,0.230149842368122,0.00794712047347016,0.154571882116762,-0.177450391082408,-0.235543009538222,-0.0822123237119952,0.20599554530746,0.116144394568063,-0.159521278047981,-0.113338214251037,0.123157544741254,0.0265560641391058,-0.0584847877690398,-0.0171116917296479,-0.153645880565261,-0.0860582977658144,0.0475989095989329,-0.156752544502457,0.177773254337549,0.00401478647304094,-0.0749389175086365,-0.0354908010303991,0.131170868251408,0.0778155700054395,0.0348581512789511,0.338252841016097,0.412842855243695,0.832590273939144,0.868209392270069,-0.174726794187209,0.194973359907367,0.213206856567452,0.72486402226977,0.453571499574908,0.312405977349179,NA,-0.046752859994684,0.478925646554502,0.143726647346573,0.438389231346253,0.138068933073614,-0.121060895533569,-0.17468900391179,-0.0625036218693099,-0.047557001212774,0.00872377613882508,-0.0850228499745655,-0.179984905579901,0.0210142379586125,0.506347688303854,-0.0403960744712079,0.209907351423653,-0.35146160681274,-0.104962631883239,-0.0336133093369678,0.356101053043747,0.142570215807002,0.26924456591019,0.133655760623894,0.332352960742886,0.0200509816230844,-0.146303949350255,0.606458170505091,0.210293333413449,0.00241556649902881,0.242219265540823,-0.281223354254438,-0.0808679642205196,-0.154780870219843,0.173664652977036,0.313670592784586,0.0471779605724696,0.0435120167213485,0.206428650433546,0.205855172622838,0.293888923147325,-0.00900114549472448,-0.0568801657644437,-0.0338622860083072,-0.145280084016273,0.0676028970217848,-0.120286982118104,-0.0683077176456232,0.0839736706334622,-0.0291188912682812,0.226309024067673,0.196429680383507,-0.202658454495052,-0.262776396000986,-0.0879515394936696,0.124065296461849,0.178974719170874,0.0360820758679858,0.345154814907306,0.653335669192784,-0.143481036256365,0.143949264561666,0.29150051307187,-0.0671758307814274,0.432890021576856,0.294620865087456,0.00442891903117619,-0.0787392328481582,0.181440845401434,0.187133969929515,0.487741277335449,0.289806579125092,0.234405653730216,-0.0299134432114357,0.177452132259363,0.0559848141949972,0.0726494742710753,0.322322594729674,0.160168694451496,0.056743813747271,0.0828823077563475,0.0557718010097872,-0.000754595018138662,-0.0966687033941694,0.141346280672036,-0.105543472578827,0.16087212987779,0.255155851682121,0.210947402437501,0.543716268170182,0.174115265086024,0.209957929563024,0.173955949150895,0.183975210145344,0.0910148073066272,-0.0103180513663293,-0.0241942922694219,-0.0761838244017908,-0.0866410352022428,0.0150819520858413,0.216151348178016,-0.00787039188026931,-0.302902349717978,-0.128810210818647,0.0373774887082981,-0.0343871231729199,-0.00316606764692325,0.263311274455393,0.150362328295094,-0.0403919828728759,-0.0867447128078821,-0.134151324533808,0.571393303899093,0.551253650596711,0.468858119881568,0.355238944305897,-0.00277475201629408,0.478154444778345,0.109828841770115,0.745751428406614,0.0349610484886268,-0.016042566168231,-0.00215742629539544,0.165039394940393,0.393193662526894,0.631394740389846,0.579849002737176,-0.0504868572104071,0.2256661689955,0.0139447712455954,0.112340911978782,0.104647540381364,0.0129360209644444,0.10062215569787,0.258513739367826,-0.110397308790639,0.0102230965054111,-0.058624597020561,0.0655956511300653,0.0531113205038307,0.114171079909991,0.0394153161398358,0.0649774151611083,-0.0032093244105315,0.0117163315639518,-0.0870382822852754,-0.0887335663451243,0.225528992973373,0.157902811964403,0.179148649131012,-0.125160192771217,0.110884871250218,-0.0212798650476211,0.242479408590642,0.492768525693225,0.509730507847633,0.230307210563268,0.353954457648204,0.0902124686449576,1.03663481840906,0.816891718944459,-0.015594193443711,0.00217688363482738,-0.0961409801588846,0.181922666365383,0.206926370997179,-0.0552386940161433,0.111181330637033,0.563477296236781,0.302895594237839,0.492247632781368,0.256096903334961,-0.0377702138472838,-0.160048679217142,0.405291697308233,0.370913270002818,0.0405766283574011,0.0175342669464858,-0.120471748789958,0.350466114326599,0.23713104351881,0.00848297196885852,-0.00085316600031444,0.00734743531240514,0.172399024774492,-0.108364015479004,0.0584920579970854,0.0954867737577753,0.183354527507204,-0.0278228339987972,0.0315420075301237,0.176854984536746,0.0939258701477234,0.471842028660778,-0.0317881614077873,-0.179944524351118,-0.274244678638392,-0.140014677318332,-0.0656376905116025,0.0899117029523259,0.16174663520264,0.0164909215297075,-0.0032005767176722,0.340464464190248,0.250400793338637,-0.215879438366384,0.240327702657954,0.227212074834708,-0.0556820984824686,0.113987971784655,0.0814552505057144,-0.151928459875858,-0.171548703145898,-0.378859872359293,0.158440576561496,0.281387986844885,0.672977575533496,0.441628038526852,0.582862879452293,0.394584292145386,-0.0666744100100546,-0.319334726378319,0.326485324079698,0.0726238499202819,0.383823900738283,0.203939243744078,-0.0906388267121494,-0.0566548962721197,0.166756841297213,0.275361692199863,0.240071241952694,0.0314190868305618,0.193104732041146,0.237622609041839,-0.0196622604371861,0.0471130525742666
-0.165941481911778,-0.57541444159801,-0.588629029300869,0.00733656153037683,0.0239920206573854,-0.0803993238959416,0.0330677625888998,-0.838743552238597,0.0477731278497345,-0.344735329084248,0.0576492264857119,-0.0288996299309498,-0.473426549665988,-0.311681246402916,0.558481424137176,-0.204713244055311,-0.218762041701848,-0.105772796098429,-0.0207834607316036,-0.595072125672862,-0.549298902378758,-0.244601123807582,-0.0034627753858805,0.313487482116761,0.0943055021843875,0.152713223573319,-0.0953692011832982,0.200544633259752,0.179976133640815,-0.145408270078885,-0.468082829189068,-0.456945486044023,-0.187828983681009,-0.346832033817247,-0.474715457859519,-0.457210820648651,-0.470794849562677,-0.668920013117851,-0.352499560525119,0.111656217402313,-0.27424446352602,-0.128155168967782,0.240033320093256,0.0391470700742292,-0.284533503772745,-0.48418662927642,-0.586305125845773,-0.168026813139618,-0.345213104053708,-0.574456043373931,0.161560037699867,0.244501655898757,-0.666793075626183,-0.140483780664317,-0.309817212356718,-0.323815604866267,-0.845708680050232,-0.364781975151428,-0.189192078541963,0.11051934089911,-0.261231212824845,-0.246888014022823,0.00167093459311369,0.182013436418411,-0.476468733675114,-0.288404260326361,-0.412755850942622,-0.437857501930206,-0.446746374788455,-0.595856387165594,-0.0292203837148997,0.0902641655188514,-0.104174409246166,0.461057739673682,0.138096326964483,-0.195851949788056,-0.769031594982536,0.205486949074559,0.24812693646919,0.251101746498105,-0.0316555114006196,0.165353246479197,0.287167213500167,0.465423721235153,0.455369810942965,0.26404524798711,-0.280817552460406,-0.0713029920466283,-0.3444443666848,-0.779098397463081,-0.0503479594407969,-0.0400407413473493,-0.400419237906871,0.122719063315309,-0.0363266147590086,0.0695179679971114,0.519076242894452,0.557916996509776,-0.489292608441893,0.26124026399841,-0.220550083068998,-0.194384543035966,-0.364516543232187,-0.211927504134172,-0.0931131437100419,0.24274733861249,0.145132430228709,-0.1899198405381,0.103428612322945,0.322603612100357,-0.25932618056155,0.203995586604696,0.137753289261828,-0.264122137155443,0.294110813439942,0.252123928800181,0.107357719261309,0.342625227187225,0.299909386144244,0.388082158068315,0.301159208184504,0.203185695409151,0.198335936859855,0.0408522837362711,0.103909640882749,-0.0538774666917535,-0.296657153851184,-0.557700560357059,0.102548658692759,-0.15444567502636,-0.541495174300091,-0.371709405601536,0.0277871184589552,-0.139851777106037,0.230284202643492,-0.326717045888961,-0.438268233678939,-0.0146469741873834,-0.046752859994684,NA,0.634105938272304,-0.18412458690985,-0.111956914501979,-0.101891930546142,-0.087672806611354,-0.10556015020984,0.134903796489062,-0.0196776079263012,-0.1752048736274,0.0944969240771429,0.21043718704775,0.234385752467774,-0.0419005878784887,0.265712078862687,-0.0098101094845705,0.235602219840006,0.0942420416707868,0.238433012745341,0.081628340798045,-0.170274866487953,-0.265191914630705,-0.177705827412738,-0.731863002699299,-0.558237157243183,0.105470744073706,-0.354766399460901,0.231068922999427,0.609473253899478,-0.40326123087648,0.148530082746997,-0.372113566485042,0.026522975044132,0.006269195709741,-0.204931507120194,0.00262679528103928,-0.542801183017362,-0.761220130631319,-0.0935674732234012,0.268034904298907,-0.488234529673104,0.0879114715741899,0.305735352338117,0.429099364335113,0.163493721362955,-0.300424189780665,0.0804542837405389,-0.0539560903569827,-0.124693445544842,-0.469625731513808,-0.563239022558071,-0.260849840554744,0.060245252823431,-0.434600065618814,-0.134056059902368,-0.214532490336938,-0.20492331241565,-0.573119256691699,-0.0868014664381318,0.358635994556699,0.216703738589495,-0.373474138355569,-0.323422830049148,-0.202470826895625,-0.211671875091334,-0.220372705738735,-0.225945097285937,-0.112121854632472,0.163926596796822,-0.459524081078707,-0.312504872822041,-0.083304024940914,-0.6153224904943,-0.626183889844293,-0.516981373248255,-0.312769598290694,-0.571699511700719,-0.559708967941281,-0.275364061412542,0.181843213650109,0.0627627560392841,-0.216915389017914,0.170378595261866,-0.497843538573997,0.00330517434625246,-0.183455537370915,-0.031649743501262,-0.459091384238071,-0.283120902388205,-0.0453122580841265,-0.449633538933802,-0.295175347582437,-0.303246733131866,-0.517512055133205,-0.12782699632907,0.0572384974384491,0.658046933441344,0.298532473673947,-0.447707960504984,-0.580551807619125,0.202223104874227,0.44110141369367,0.601659954947642,0.386989505938231,-0.648081395020624,0.0389384127740529,-0.324162091879732,0.367941239945182,0.124243154661146,0.133481389947529,0.193207276197605,-0.359479718089273,-0.356886217330869,-0.0218313667225753,-0.304040328609235,-0.708719380894927,-0.349901353326103,-0.265645475649823,-0.212270949312833,0.0328421333003327,0.309412831312532,0.149667733207832,0.122877301592612,0.71095637526418,-0.639382623417888,0.0585405517244708,-0.200181114864885,-0.464048810868135,-0.371991119259838,-0.551718235524988,-0.398302348229245,0.214768473768151,0.031199073553265,0.681456585602225,-0.125509316491249,0.170278760728965,0.0780592106525279,0.330394336565359,0.0704384968341131,0.277077979984716,0.277798627927069,0.236940762134987,0.127500030229862,0.493714638232718,0.315372235810471,0.211851191508984,-0.0579111937637821,0.222907910226063,0.0742314638919539,0.160244545856858,-0.217558516842159,-0.274097573737272,-0.183813390365548,-0.376579801859502,-0.12754575923504,-0.313579339599274,0.050799163396357,-0.455729765433291,-0.449335100290081,-0.227883147202968,-0.155131868917643,0.162357551246925,-0.280608678500828,-0.0452051962577038,0.0524924406086016,0.221894370251754,-0.0763480265908884,-0.24087571932361,-0.274997761810225,0.0146269019254235,-0.438155092271629,-0.528982333787566,-0.259928079046265,0.035962867817633,-0.170349515512243,0.142286597574047,-0.2348019512903,-0.185456377581964,0.0496185281782643,0.256175991456202,0.0945058168306036,0.114067579525639,0.0868211204724336,0.0585029711795834,-0.0253843187328148,0.102142674257242,0.10385043326802,0.360315369251588,0.542065335210008,-0.224089322700316,-0.077831422410989,0.0192384698659369,0.085376072691565,0.0377569742875035,0.229693358821529,0.128344570332427,0.495896914792256,0.337043708630414,0.372370552737596,0.282641285520558,0.424645847228291,0.345573623945754,-0.327732100746259,-0.317671588845066,-0.00796434497804625,-0.221559502673329,0.384447950733737,0.715268625150705,-0.0282937910849125,0.342838389161209,0.175373307293009,0.351371569673494,0.193283364634984,0.312746678532334,0.187974200216125,-0.11020383922424,-0.390082410352998,-0.181650900894559,-0.288656130787629,0.34485170966974,0.244670882085773,-0.459095847518935,-0.150698928855809,0.207773670167918,0.373592064774061,0.327708068718155,0.253050510491942,0.242229924521934,0.255115995226736,-0.297177836466317,-0.468223500040723,-0.0638180033522882,0.0582531420688642,0.440215306804557,0.0247205807350594
-0.00643834797626502,-0.238131752789688,-0.069066226245033,-0.0444819828467565,0.433975126926333,0.152341650911244,0.24940077920188,-0.170479297042994,0.165736656871139,-0.314769967841425,0.159329989283213,0.0353980239413276,-0.224914460177362,-0.248826943483615,0.432403169037763,-0.224514394909618,-0.0513759284251444,0.0969637041262108,-0.0881421085086611,-0.220733147638196,-0.208352397039153,-0.164614625334526,-0.0333983588330148,0.312289266363723,0.117079664352865,0.104918632920334,-0.237307346802998,-0.0193594369206799,0.0472178602348284,0.166922989230785,-0.0990488886297777,-0.337285742383735,-0.108701904328817,-0.124114273432402,-0.252538792903591,-0.17619708873139,-0.328996742207888,-0.175497098708523,-0.225963022268595,0.193567424827094,-0.150782215964119,0.141351967266421,0.20375559053437,0.114129880334811,0.173852979111304,-0.308387502734651,-0.0809343698734435,0.073749923272723,0.0169355159170389,-0.329749173551987,0.227225872844389,0.339368159304806,-0.293078901861878,-0.0139191286235053,-0.140240406011481,0.000300789847447111,-0.368805654677015,-0.103788610360745,0.00536067465547713,0.0768744422666618,0.0738287311799405,-0.011856606376868,0.0782341355046528,0.039594921186097,-0.0970557582794375,-0.047577069629325,-0.34047471523305,-0.30021952322519,-0.139415199896327,-0.241866632306316,-0.128249418784414,-0.211628524215629,0.146122036235018,0.156847532716398,0.0518644064320966,-0.120775778304413,-0.654820358150715,0.364468871241717,-0.00575335671335845,0.165751403974196,0.16312120482541,0.142204621715747,0.269285691586009,0.374587009655537,0.157814293248525,0.110329342413289,0.0894753608543179,0.283449023585421,-0.173256406554851,-0.324694405335597,0.034438821256877,0.181943009170953,-0.0423224236522562,0.204449767814273,0.142805042481133,0.229116034805743,0.584131152281923,0.871300663289063,-0.0335802014877349,0.379948563143062,0.0913569618798689,-0.185285476707839,-0.191732852310129,-0.129105076786551,-0.107235958506893,0.316020509179775,0.0805273393010136,-0.0108301708137886,0.212957540082613,0.321156900554568,-0.09051852658644,0.0896322812786866,0.211255680861373,0.060994588427862,0.197252311537519,0.0797473283645742,-0.110674127692781,0.161960843480381,0.275496077347941,0.344841897076572,0.324179319183266,0.421599602537266,0.13223242157833,0.102138481538457,-0.013981340760891,0.0150547927436598,-0.179910034956091,-0.230598757859398,0.271435674746181,-0.0526487518792371,0.0608413258271887,0.277824603603454,-0.0823748141003322,0.149143002276595,0.312636774775394,0.196339649830628,0.0949708241902943,0.268040178963078,0.478925646554502,0.634105938272304,NA,-0.154300789148057,-0.00556897485845551,0.0906886833142014,-0.017010846882508,-0.0461976598502749,0.160093818441626,0.0381012094760501,-0.0160599370354151,0.0792340236816754,0.162640361874689,0.250763301273406,0.13195274829936,0.153149535439189,0.206029372606517,0.183021581516829,0.195248865786804,0.092358466114854,0.223474887547385,-0.0475264438239661,-0.0187062406479444,-0.0253906627541357,-0.352057562077097,-0.240087090726153,0.0507739361778791,0.115606870613177,0.408458787613316,0.242541607491616,-0.0679553380615807,0.0598999642170567,-0.355918231501366,-0.111017517957743,0.166952903655869,0.0414412499864184,0.10181456768502,-0.295421718761082,-0.25513634389327,0.0715250902929435,0.551140982767968,-0.257037010750879,-0.0580032418682201,0.319061485594441,0.225296254779686,0.107029856874251,-0.374694877493472,0.018142920455176,0.10277743645983,-0.120350128647662,-0.142946477892506,-0.260666534687737,-0.274216167459851,-0.0663045899842857,-0.341848974643443,0.117308237236657,-0.0198495833215529,-0.303067554676179,0.00159968117957883,0.225622123845111,0.24063257238519,0.323304873160608,0.0130749129167,-0.223257800557472,-0.0419141181611164,0.044851583598864,-0.168759084924665,-0.217110842449905,0.0648385351641357,0.215835974891584,-0.188154790045135,-0.177106651878714,0.015646680595417,-0.322751737647427,-0.260313971086166,-0.211350500183409,-0.269234776594893,-0.10750771284175,-0.358727458154402,-0.0943440676067562,0.177243810351807,0.186298029735121,-0.117642657062099,0.217338974322115,-0.314684955693712,-0.190387674655771,0.0644492073831029,0.057744731442898,-0.140548337513923,0.250633485575728,0.0351213950809941,-0.0709495600575304,-0.0342521165295191,-0.154655663061477,-0.191748050901834,-0.122254656408973,-0.0778657134356546,0.299775639200723,0.186863248928525,-0.193197351632117,-0.237895354298204,0.202210412668237,0.0863341457790331,0.403033388749953,0.146738709165153,-0.343124465772645,-0.0708478863789895,0.00024996906877384,0.404995712777906,0.064389627110388,0.178267908851925,0.0291605714803421,-0.0507091110841982,-0.0304480504152212,0.277033668079213,0.0526075485032713,-0.444929413496699,0.140748435765366,-0.0506297398119839,0.181024926706987,0.109437328349699,0.334752820851068,0.227354309016883,0.138198060329096,0.6659417148363,-0.111769273166603,0.212940503199844,-0.0205653361536752,-0.162700115107095,-0.109429391813897,-0.164464446452264,-0.207635215903533,0.244883287835351,0.0671634192282615,0.564991998058761,-0.028523158516487,0.0876782794040489,0.135452634650149,0.315512300846861,0.0578785047704454,0.131716285511926,0.384465344276296,0.24294533375824,0.0876064925776664,0.303840972718224,0.268902690055112,-0.146007208755752,0.035799539024418,0.223612128329865,0.143405149768105,0.133625271055396,-0.105245715316659,-0.210840413910477,-0.116481132271949,0.0102314775587308,-0.00894582833014085,-0.237385767697548,0.245447026745584,-0.124231988852253,0.188137048605984,0.245252771927469,-0.0282613198950006,0.0772001221941915,-0.370768869719118,0.168727529418075,0.192354664017784,0.0608632524819301,-0.0391355689289308,0.31437493532036,0.106658618124585,0.464088973005348,-0.0600234610986581,-0.236470260772247,-0.303009156378999,0.151588037246972,-0.0262953322700884,0.0804617693142536,-0.110103119225557,-0.166914035755776,0.188548627359699,0.32226681263874,0.183932467442795,0.119954448584133,0.0942281818674109,0.204859861899258,-0.149294535676281,0.271317743437387,0.284902272054174,0.386648821292261,0.395079054139773,-0.0466164051721829,-0.00225486935505962,0.092717560807742,0.32917466271641,-0.128657762551909,-0.0171001353451514,-0.117192856145783,0.281165518711766,0.219263423005718,0.242246355619396,0.176243498275685,0.0916050443685613,0.0911552724647421,-0.076242735745249,0.0309036927160556,-0.0982411279633954,0.0239340150063572,0.298447172111833,0.411759192703864,-0.0163320519381327,0.382892327491369,0.137423576824852,0.1534151741769,0.0492266996578427,0.298716994890602,0.32216915701112,0.144602111186518,0.0820422592453887,0.336483451693495,0.191951967552287,0.136688711377926,0.165633588960449,-0.127362492204097,-0.0613380193383885,0.211825018126566,0.232961662731767,0.149777730975372,0.00437238695306836,0.327131991619195,0.241864197998977,-0.122143926600689,-0.152781747795395,0.0714968292167286,0.106626334793695,0.149458784790866,0.0255097501417308
0.066778186806622,-0.0705411497318386,-0.00680169784385099,-0.148458969643802,-0.123249414465942,-0.093670106408571,0.0163695163455006,0.0585184455247829,-0.253421082947656,-0.0166815987952282,0.110616838629522,-0.100283607861075,0.0588989146699617,0.242785852520452,-0.244279808487163,-0.0506260687499844,-0.0815691545050477,0.264676133041735,0.0974251282543019,0.150976971570011,-0.224543045479501,-0.0428278959948754,-0.0935217711966719,-0.167517769074205,-0.171969107475331,-0.14558435123648,-0.0744638364563153,-0.00658969098313096,0.0199920387724871,-0.17374799973609,-0.0424047288620235,-0.0651652349820193,-0.0251672613464953,0.016263424234261,-0.015961622064451,-0.109392116207884,-0.102461264745524,0.0313175991140427,-0.0638560625623941,-0.106480271050566,-0.0478460455225802,-0.026740958986276,-0.176808065437561,-0.0901139960956369,0.140309692029707,-0.0395431567028664,-0.0658923166503687,0.0664363403725148,-0.0862598124823983,-0.0376836037209368,-0.194113623742714,-0.248277918060571,0.0106988432851618,-0.221165649672037,-0.194901218723539,-0.0572421405865023,-0.0529395049685186,0.15237312561011,0.0513433514306032,-0.0403446498647533,-0.0686733051365506,0.145996294120957,-0.084832631071846,-0.147279270150249,-0.00653601482044133,0.13573893353081,0.316500275003023,0.162467595636912,-0.0564186990418947,0.145754178572632,0.161271251681097,0.112579066388422,-0.0142287270157777,-0.486666392295018,-0.144673147892427,-0.106627009206786,-0.0312290812060909,-0.222583987227227,-0.168870845734473,-0.255337853839519,-0.197562698432257,-0.130459350804007,-0.0268502194186103,-0.127503160406676,-0.0578534797980098,-0.123195507630129,-0.109322763498291,-0.19742902854788,-0.0704424582297764,-0.0863794427350626,-0.101029682483262,-0.168484019621365,-0.230104010230305,-0.06059882552441,0.141957455600337,-0.0623855246002621,-0.205859862486344,-0.058655631797272,-0.0413624734927488,-0.377655726531518,-0.0782975782294824,-0.0201847888247142,-0.0216659567812533,-0.0739957383050676,-0.231709017857343,-0.274436328142911,-0.0501674245397211,-0.214145465990332,-0.369558220505022,-0.00559908307545007,-0.0145056757993894,-0.396100659654502,-0.393873101351435,0.203962287010421,-0.111973743394232,0.10721345202252,0.302061605250031,0.120114361178481,-0.0680248764158249,-0.130441312903264,-0.419745243574219,0.112763001022264,-0.205915645826976,-0.145445328754111,0.0940593486761969,0.116311896649443,0.353493712577073,0.124016104342323,0.133211576662991,0.886710634920207,0.202015454905754,0.1168342109157,0.119294087757811,-0.12049209688756,-0.0820957126756208,0.289988472388978,-0.0857008289873136,-0.143508846696901,0.143726647346573,-0.18412458690985,-0.154300789148057,NA,0.470822595751242,0.402555568600408,-0.00879849282448821,-0.00669454982831114,-0.0946716664046791,-0.0412440859533116,-0.0290966093011347,-0.0702634769011537,-0.0389424491579479,-0.0144614455233624,0.035661327338513,0.0714239493102032,-0.0953164149205966,-0.245627379530663,-0.0619463374550145,0.0206615994574265,0.0382550804802577,-0.00631674923922287,-0.102392524222034,0.189773688221963,-0.0207722161825772,-0.0495107822919234,0.0836117937557537,-0.161316770550883,0.00770175573140475,-0.220201029817452,0.243989994810281,0.0005603087417357,0.227051541778742,0.272826959875856,0.0954249220513768,0.271617693760545,-0.180732915061327,0.0488172039307809,0.042122734400779,0.246758389978587,0.14268877997932,-0.153876123639298,0.0391183808858652,-0.0459192279124359,-0.10195022299053,0.114037879912072,-0.000286668691142803,-0.112181401628032,-0.182455957319116,-0.279694430195727,-0.158708268428338,0.13402788653607,0.0486179685968365,0.140381321185393,-0.00604626717026869,-0.209091285726981,-0.0202999821304567,-0.162128738487944,-0.0715012696269049,-0.0219166788057633,-0.00116156483080134,0.187624548791383,0.0414943609020745,-0.0482058239105356,-0.0842654618909396,0.0871593116843747,0.0887567289850822,-0.0731703827768366,-0.00350754071305537,0.237454604623169,-0.0708326693204122,-0.20598934000621,-0.236868423390389,-0.0291437098568955,-0.0693105827799103,-0.0150616820183849,-0.123781766620569,0.0175829351604416,-0.0928994015995165,0.0135167341022908,-0.20154781489997,0.134092736434896,0.132973670256431,-0.0324360348052037,-0.0888128132209207,0.122736186484128,-0.0679687058817106,-0.0192740831086491,0.0466279544065877,0.033405452535044,0.188150769376037,-0.10349160414484,0.114972565824488,0.258207248951371,0.0357301077119465,-0.00413400368237091,-0.00885965653767572,-0.219265188793566,-0.160805783772198,-0.14718840548315,-0.170916726274475,-0.0811317482906427,-0.12799606202926,-0.0949887869289629,-0.0170836481083948,-0.0564028686698276,-0.0994917849354977,-0.00388626529514382,0.24771654914245,-0.151073560065944,-0.30547869811829,-0.274519981497666,-0.144421259354225,-0.123396320905698,-0.122232039906652,-0.176906718717392,-0.0419991107960491,-0.175978361982458,0.0193785869722332,-0.0746722987298809,0.269207350212763,0.14305890151664,0.208996614436662,-0.0174014533972438,-0.134447833252022,-0.0264591816919522,0.0410377324202475,-0.115823223738124,0.089696538563829,-0.0571567518651118,-0.0550712180416551,-0.0524730427269912,-0.363874026634478,-0.17667285182032,-0.297791853450932,-0.00182150365119947,-0.189976783950731,-0.12800404389508,0.0869395955898978,0.271875083141996,0.273836334674301,0.00929516477815039,0.247286901905195,-0.18562192076097,-0.018371645691231,-0.136054821284647,-0.099543327829312,0.269684111755197,0.283476461150717,0.247032278918431,-0.0195291454694385,0.367815240453204,0.121225574301582,0.408880852901837,0.250168420293178,0.382714622053703,0.481926219175005,0.19571134314058,-0.024526917209166,0.154036873551767,0.260883871020132,-0.16239995353006,0.0500027769531818,0.354084715246412,-0.123676953460218,-0.108619083513386,0.00128721520187968,0.235015858077771,-0.17358533463352,-0.16722310181743,-0.141553116236095,-0.11854135639304,0.0134220543821012,0.226493943468083,0.263604134215181,0.0990908276409452,0.278976760809715,0.12823999912798,-0.196820345666706,0.0710865718725293,0.312856086455137,0.199785003614521,0.0310317684917995,0.264397734942993,0.18099586775345,0.266533051313218,0.27465080486044,-0.0318248301557742,0.141458599356475,0.118207422312515,0.126768407137852,-0.0468218053295611,0.287010586356166,0.149400686086276,0.174860963012095,-0.0481525260143633,-0.0989554996238644,-0.14370550928738,-0.0184638364413409,0.060442155277126,0.00997346192518239,0.0103345120599954,-0.105721321221964,0.515672623904852,0.581503153325594,0.224032549962021,0.117605407950986,-0.0342206924323674,-0.198686209269743,0.393577910485376,0.147226613780233,0.0404227089008261,0.102185464173082,-0.0455409034040923,0.24248597365513,0.12770002577585,0.160297885789308,0.125372677970948,0.0818700287509528,-0.0101303953300699,0.133947980312537,-0.109201505675339,0.213327156669509,0.0602448973862666,0.383538865335846,0.195819195594078,0.142407185790929,0.254285268696272,0.165531564314963,0.298282670606083,0.181036074812136,0.229575809488416,-0.133590099091325,0.0523330933111332,-0.0934300427042731,-0.231320163832923
0.297797135239074,-0.0620234422211184,-0.145571014746026,0.0116548752521625,0.131052917085714,0.0101138640509457,-0.0744106267374868,0.134197855346345,-0.307563117096696,0.0312397946575802,0.171390073569134,-0.142487000245528,0.277575130722723,0.193321807820102,-0.133101110132228,-0.28090865689627,-0.0295596163055651,0.288656035953024,0.0408112060092707,0.200791891099588,-0.0329796328034671,-0.121819108007958,-0.229797443947334,-0.13239812367523,-0.00597541115360517,-0.121926856067755,-0.0490541822320273,0.0380941344816037,0.245342503049129,-0.0213311970703586,0.0732699805276336,0.00822681551697404,-0.0615876003123818,0.000639770000344511,0.120028892296401,-0.102752824554634,-0.0677611073526311,0.126205510457623,-0.0662838668990532,0.0518847718003382,-0.0713252905385345,-0.236672039574218,-0.274430709438287,-0.0486789286677136,0.148599222118837,-0.114824619896918,-0.00429375584573744,0.162966345203218,-0.160166473012094,-0.0776130961377709,-0.265245122323513,-0.210615063527504,-0.0272585800659838,-0.0958433144440912,-0.106880314502176,0.0988680922859573,0.067406364505658,0.186281146035894,-0.0611577301294046,-0.330377727558944,0.0848491942633982,0.323351765221402,-0.19072519553112,-0.168249317539488,-0.057106985694228,-0.0507707968485052,0.103290738806043,-0.0455275492971866,-0.0523805735325064,0.0300720040524868,0.258610408929827,-0.108449299738657,-0.0427643176759295,-0.31215606503105,-0.0140737899259463,0.0460290886587261,-0.0518735579322701,-0.176920934245384,-0.0892872806228256,0.013429604320701,-0.0306329688950488,-0.161203886181799,0.118315841925686,-0.146076136000849,0.0488279730845057,-0.00823547837094988,0.0656462661021193,0.0395135109799408,0.0691678983488699,-0.148500884451109,0.0248536071674256,-0.0176824727594981,-0.0667427701062176,-0.00523513942484675,0.271060495778547,-0.176971682949478,0.0736490074714877,0.136920664805401,0.114832657356353,-0.125887079551551,-0.0267050854929869,-0.172751551222213,0.00761423297301527,-0.160201063752569,-0.314325926338872,-0.296020869974868,-0.033139877621644,-0.20026058963444,-0.0616512696723965,-0.0935838449622936,0.0752649025995427,-0.291915939547539,-0.169894712573668,0.0476732685634706,-0.00157135275831459,0.299530773047692,0.286540831194039,-0.051769836597228,-0.058925758460693,0.0853472832978236,-0.241456421283938,-0.0215248546697222,-0.112597040909276,0.048092568119018,0.242697948187251,0.304341524598613,0.380569702572808,0.0127786440300999,0.305274278922677,0.767424415325472,0.414442875170948,0.206033514031451,-0.0235486614413777,0.0970181033720073,0.00278028933428281,0.412454746758189,0.155609459535559,0.124090716324651,0.438389231346253,-0.111956914501979,-0.00556897485845552,0.470822595751242,NA,0.467944362623661,0.00829077996759096,0.0248300661221254,0.0662850338487747,-0.110714141017262,0.00899510535738669,0.0687151110415335,-0.0624250611827874,0.180288990090817,0.121629884945376,0.0147992695804584,-0.0128318460707263,-0.166925872829157,-0.155467195182678,0.0750162977173436,0.336148878578111,0.0248362894193879,0.101590639264174,0.313328991848429,0.104872254388118,-0.230423966358915,0.0318065733118706,0.0944879599552768,-0.113986771977933,-0.183114670138062,0.362027436702439,0.0455530310800694,-0.0301341201649248,-0.0584170554895916,0.127411328430124,0.569879752393419,-0.115727191213209,-0.0242635179472394,0.0852309881360462,0.282509079255726,0.13566694261895,-0.0911844092874278,0.167605276295804,-0.094275578791368,-0.00404885878046466,0.220219948344741,-0.119140271842552,-0.0113507335397458,-0.134213721059796,-0.161223813069305,0.159165083194954,0.091841779139215,0.0520876008774104,0.173510304659735,0.0811839098299621,0.0685302754967613,0.0910442168817193,-0.0229530405100701,-0.0445883992101525,0.112532331521491,0.0633637812252593,0.0795596887340885,0.187186032047175,0.00516413613521462,-0.0842737824015086,0.14635576828044,0.102304129520294,0.051306961979271,-0.0838533448573894,0.051500197095777,0.172470903060098,-0.101435448254631,-0.0753049214949334,-0.0587488756469369,0.00432446901307966,0.0565160559944832,0.0288590735668689,0.131248463463266,-0.123083679917095,-0.152352538168745,0.0214407533612214,0.19705858042959,0.464785655892067,0.143320729852338,-0.0422401226063213,-0.0969348646862878,0.0566804186531279,-0.0488519187744859,0.0455082581565162,0.236131390334932,0.358607782835173,0.0818445718523958,0.221802373703482,0.064229834628285,-0.0858014609584897,0.152267987790073,-0.222732065227123,-0.253056131462517,0.0358437271697588,-0.109151541905761,0.038527293956465,0.00835967081389793,0.0820588136672503,-0.151838429991733,0.0915220312620695,-0.0277842687212431,-0.0676394130815313,-0.0284947612496609,0.0391908713509005,-0.0747535332466896,-0.11034772623934,0.0417938569472716,0.0820115082510799,0.0368743113400897,0.266954538831381,0.0934028547279991,-0.155114917174876,0.0363450542975082,0.200724952106118,0.297039393252191,0.280182689464998,-0.0945915979649752,0.0307615905947606,0.080279183314407,0.0886307069530544,0.159250959126376,0.265708285774232,0.132514617839406,0.487907410795948,-0.172667660588698,-0.0742831385327588,0.0930625132603934,-0.190812746754663,0.00718805976898289,-0.00583036801961613,-0.0128417069784878,0.000177620175448431,0.230950394151847,-0.317134463878562,0.0141596029988706,0.369328115793305,0.0500349298061448,0.339987540569149,-0.0979943635943049,0.078025365247198,-0.137087691955173,-0.180870652262598,0.397811818233411,0.275879299073173,0.271471145487291,-0.114470201574309,0.52198126971573,0.16594904908133,0.547438870396509,0.391177476315745,0.480282535769312,0.345706164284168,0.223754040206924,0.0383321971817965,0.375401981217481,0.477417480977983,-0.114527196221587,-0.109562877745273,0.239570778401552,-0.0133668118980614,0.254419561578092,-0.203433514489669,0.298057747213709,0.0922193533477596,-0.00649630306778485,0.185035899377875,-0.0693103981060858,0.0401642052714878,0.102961326090924,0.410600869093596,0.260249895960123,0.248210646845046,0.151224708082851,0.0155046854136046,-0.0771884600599471,0.135151389361646,-0.244109487411823,0.14270552008972,0.316869819088028,0.152142701439809,0.302218085598527,0.0962761398872697,0.0426237472964392,0.0671901230986742,0.0657599964529526,0.122115234537826,0.0717944481047881,0.402132425096026,0.276187961378002,0.315337538458288,-0.095062811743094,-0.228347068021145,-0.135403164263471,-0.0581352188046401,-0.266335801927615,-0.195807737512283,0.0602381230880514,-0.314557223966625,0.546026322875574,0.557811730375388,0.116453540854384,0.0445215636357307,-0.005283557312586,-0.207140994059983,0.105421382317809,0.164085045928991,0.00686801889932368,0.00560268428663112,-0.0756093029292136,0.00412099214874303,0.0778730737829509,0.396471230037847,0.216934124320169,0.0998621740951922,-0.0398620714496004,0.0740729976453558,-0.208302156279624,0.0307827177157414,0.0352314560547535,0.55611727798831,0.1555238579635,-0.0448865110466187,-0.00351274726876071,0.0906186144541785,0.195020501046053,0.231766998463868,-0.102598399382106,-0.0453803284553887,-0.18854939447662,-0.240346706047932,-0.0758199780167222
0.402703140859038,0.206099727146291,0.0840838626295486,-0.0934017549323186,0.229710569709987,-0.161551407815972,0.121850995137663,0.179590066950361,-0.0489787247575719,-0.020571972564064,0.277859323388825,0.112559952698135,0.46192976721801,0.46943553977607,0.0618544280420638,0.0940137174876006,0.0106784547204493,0.548730350459251,-0.0449836377996262,0.3289914121164,-0.108969779250862,-0.16749923227081,-0.216906740027763,-0.0986752269505059,-0.216651495796735,0.158607391179096,-0.203391219237051,-0.109691670789974,0.146049833346925,-0.218476823579523,0.0543876461962667,0.0875379344374903,0.0679308953737922,-0.190946324904872,-0.0242284439036588,0.0451929329876403,-0.171351250525658,0.08489091967306,-0.162864933731689,-0.0425731280242505,-0.236424530424732,-0.194563757924348,-0.266757358403137,0.060094515555932,0.187708169496701,-0.162677079435526,0.0675226678534697,0.0216427047676668,-0.151387012367364,-0.00723261717695488,-0.226552599817001,-0.254587647351958,0.174720029194412,-0.131187030736893,-0.164574432593701,-0.0118722285567238,0.140320214401898,0.0416820695586878,0.113254804862423,-0.525026401328822,0.0466775811889925,0.0405221499311965,-0.382321819358013,-0.419395330595095,0.0622842780674139,0.107127415905455,0.0946500588954566,-0.016989171353509,-0.112175988790185,0.175126647898257,0.221129897218946,-0.158305411819089,0.163391837941825,-0.256220382321808,-0.037535912679877,-0.252268261269803,-0.137556380566607,-0.0596115367030127,-0.0508091612513924,0.100842008760189,-0.0343745609849166,-0.279835993445887,0.111369553221543,-0.21975819976989,-0.023241245841839,-0.00376175422123742,0.00935824987534981,0.113178748225002,0.251047333891386,0.0376381103673542,0.0932174446686427,0.198605442644774,0.0843492281065736,0.124841216194451,0.376451094447303,-0.11433463128104,0.0872460305487903,0.145460641656797,0.203834486897723,0.000690854159251893,0.0360356303505182,-0.126085775935227,-0.177212761375261,-0.291496239917258,-0.450401036740483,-0.399343785253418,-0.166235658176661,-0.177935787483641,0.00301129475871824,-0.0405574757068708,-0.21799775879122,-0.526263650018493,-0.194782974542812,0.246223465341281,0.0574049031813492,0.345255317253146,0.34447766281287,0.223038986159558,0.221723496063437,0.227132414198766,0.0180530255874199,0.0904104611839935,-0.0958623860514655,0.0608224497777421,0.402228810092225,0.0132483638062155,0.140023538807844,-0.0293357193126637,0.0925750845657286,0.595559893228699,0.147684982608197,0.013650669241017,0.0411141211892392,0.225432984877685,-0.0692076078875482,0.29150193658075,0.167262842271493,0.128383186136752,0.138068933073614,-0.101891930546142,0.0906886833142014,0.402555568600408,0.467944362623661,NA,0.0575700307986704,0.0786146350005297,-0.0353228964070889,-0.0356612936763824,-0.139735362246142,0.181035547415255,0.152237457944726,0.408794538820528,-0.0991494916435437,0.393835806864076,0.0574863462377642,0.0419900493592238,-0.100829573310653,0.0349192044761615,0.169333200627948,-0.147369124260474,0.13839191211249,0.458443947587139,0.0110655660249225,-0.0693082533053709,0.0514155111401933,0.170284314639182,-0.214732926620277,-0.244967528815578,0.0990405122679456,0.120270552799572,0.156125786281248,0.0812895787156654,0.286979625174182,0.926201482608027,0.100298580941231,0.221406723327377,0.106014872046877,0.606051043370896,0.190827058124224,-0.1231215667554,-0.01653578902064,0.0737788583556445,0.185669783041939,0.221020186885406,-0.131340894616392,0.314893749379007,-0.119671936264697,-0.0831816314227952,0.0736793128891228,0.0768207944164225,0.108577608252347,-0.0570900601458566,0.11743997805545,0.0821653823323969,0.0666456720548981,-0.24650268940304,-0.0231241599340427,-0.0492173676445216,0.320812266566666,0.11409285708686,0.320147946308768,-0.13945827510746,-0.0535724783340568,-0.00590764947773407,0.116817844458141,-0.107200127191892,-0.321389231831404,-0.0403455951528985,-0.0464726697493251,-0.235981590767582,-0.00610076555904229,0.209916189099469,0.171685372245173,0.224057989450349,-0.0724366719121132,0.240749676652527,0.0656232640631636,0.219361219518791,-0.382060497646785,0.118496970172351,0.210212045402526,0.113905370236989,-0.204692002669063,0.179994139694991,-0.0294672360869374,0.136645747725956,0.110582962571496,0.258644366591898,0.130053079883827,-0.190703148435787,-0.0113160602078307,0.209142871606291,-0.125048583352577,0.116582903557573,-0.134357635946405,-0.30001386391016,-0.123868197942558,0.0315445661190017,-0.130764539531695,-0.0933696415735279,-0.0181620647981294,-0.0370924712645172,-0.0623132202791371,0.0340002696628572,-0.268226980931292,0.0158008638296076,0.115477907069046,-0.355137739872111,-0.204947517663468,-0.415796498607021,-0.0941666456610823,-0.00245377395595633,0.189610444617901,0.0395257862210948,-0.0877881971153168,0.22151009180249,0.125240202592682,0.113704935816415,0.441263061047592,-0.0928376348417951,0.0116761275494884,-0.146814100023585,0.103866133859015,0.230410389591306,0.265489117007827,0.0888003985951024,0.351999079259219,-0.0537911383190217,-0.217747712719804,0.105170777233512,-0.294301342926775,-0.18342361881481,-0.0560211459918411,-0.214439595921499,-0.348680038798075,0.194178487397566,-0.218897642533895,0.171036157124782,0.678454110288154,-0.0695576381610091,0.53508422943167,-0.200043499844509,0.068911378765794,-0.259495176431558,-0.146145794791311,0.0363391321299493,0.239312992023163,0.496556257264305,0.0608472191679031,0.513199349821818,-0.124138941821637,0.214052566029639,-0.0528105690098957,0.413823727413381,0.25583786693025,0.18493864401378,0.0221351538629321,0.103209148552324,0.212197444781473,0.0613895755084577,-0.130065795727806,0.0581725744001062,0.0139379201054118,-0.108129970227692,-0.576851413894381,-0.00860752556698232,0.196129147447193,0.192588726788135,-0.0252074034906197,0.123251865815441,0.498286499192911,0.266989536098777,0.344399127823153,0.0388318338994902,0.365364346302221,0.0478202841521675,-0.275018293726786,-0.164150067726584,0.214143087405741,-0.239705231937062,-0.0506327942648125,0.497149339054455,0.356729968796932,-0.0451550957930921,0.312901098935734,-0.101542840864679,-0.00254876331717247,0.0259870099630241,0.271405791406433,-0.220315353627332,0.498276570255015,0.0765081331741343,0.241190156855146,-0.247320662057186,-0.352587923444102,-0.271522901781706,-0.351403798717874,-0.339124547430527,-0.497643553347057,-0.146637366634427,-0.456918331598558,0.593245236367358,0.797789615693129,0.13158701632561,-0.120270875672214,-0.484841986211191,-0.408700967928514,0.141576296509244,0.0400417708504753,-0.0386286864808444,-0.139111041767307,-0.0397895123991553,0.237629908218161,0.267678759601171,0.379218668608244,0.104824017263654,0.119771363310908,-0.15644610584038,0.108054214928566,-0.0425760575820546,0.0810194318959383,-0.210751495700693,0.377266006169954,0.139431328948695,0.190325809807107,0.141612452416273,0.0229768635535222,0.105179294203379,0.163319455764757,0.00345700511356818,-0.252257785785404,-0.271061839458258,-0.297358618793756,-0.175061450805282
0.709523471493251,0.0237938233018045,-0.0178161555074561,0.802169728556422,-0.239316855914642,0.639403158495806,-0.347600593223765,-0.0198367528706697,0.58816923204002,0.170787541982412,0.0697699848608947,-0.0477258809110831,0.138777575288434,0.152128751831706,-0.160954177138561,0.214906273787785,-0.174753774130596,-0.0616244905352939,-0.0897323527442792,0.0102185593977923,-0.212736101257482,-0.158015190488418,0.350646102893842,0.301298777160232,0.754457178625823,0.488534716013646,-0.100093505542556,-0.106517132772072,0.10854265036301,-0.12788048317062,0.398735545649691,0.344728197208487,0.622331051875096,-0.118704971591642,0.429321986456203,0.356328312910261,0.0859463549680167,0.200882338509548,0.163593169311165,-0.194450579950192,-0.244405976129876,-0.339534530542368,0.0363676628548832,1.65062685104042,0.231887793043303,0.248496959487658,0.383294689277109,-0.339337848172348,-0.218316029489971,-0.102819200295587,-0.233470382473713,-0.0873437570511348,0.193555294165191,-0.138816441682703,-0.256887639439513,-0.238277532943008,0.128709144034796,-0.15073798215422,0.248215508072169,-0.120206606686685,0.0987280603644549,0.42498705795536,-0.266358894534635,0.0212641729243908,-0.0552510459325155,-0.00993869877691879,-0.0415476295500393,0.0587289529463109,0.153200334481778,0.189724522688886,-0.0689820678182412,-0.232190483218401,0.116635198211174,0.170090400431455,0.676540708320713,-0.467050836447002,-0.004236026992506,0.274895695601442,0.272569662861135,0.264227071971236,-0.268618352480199,-0.468985773753997,-0.293062007542031,-0.203084581402677,0.271819251340619,0.659721636452691,-0.25143322824351,0.0368768689694754,-0.114233050146932,-0.0290837801237609,-0.632525295312168,-0.363781879338695,-0.297186917968626,0.598211462302148,0.63464475579693,0.112608329585348,-0.162956454553458,-0.0648522724531134,0.174185423148335,0.12005413838979,-0.0519230625400434,0.104570448340749,-0.118228691021241,-0.303644835500946,-0.309093568283852,-0.419814613904706,0.538822968948276,0.463242552762198,0.23190125307674,-0.423913950641222,-0.164326478493974,0.0834324365223607,0.394304477919502,0.504959409159594,0.338086131639717,0.505580203869507,0.33848233113278,0.322112827986398,0.360194866948145,0.102365692598226,0.175009762979185,0.152183744727898,0.331648526458536,0.575335221290914,0.243715086652735,0.502415607733178,0.519854291859106,0.514789877378137,0.123038452259117,-0.0489368644149048,-0.0839683140403674,0.0605398657879924,-0.185854237516593,-0.0117748237516738,-0.171367341107055,0.225140796939424,-0.027986676113228,-0.0778253298617883,-0.121060895533569,-0.087672806611354,-0.017010846882508,-0.00879849282448821,0.00829077996759095,0.0575700307986704,NA,1.66132766923333,0.470652975298169,0.745549826784212,0.764487981627753,1.36396319630154,0.893338157298867,0.332905926286943,-0.342621349439279,0.35051617649479,-0.493595347474222,0.569162265531172,0.521238280224823,0.0748521610057372,-0.0382700810179981,0.195709110515564,0.239030608448408,0.260738037938186,-0.0940238103433327,0.0907442173195696,0.759342335644768,-0.159017712687485,-0.327236687724419,-0.105023488631976,0.269130257563413,0.359238295804913,0.185145745465555,-0.290307385263865,-0.23803154509213,0.0995070951421867,-0.0846974714628672,0.0856817260020408,0.260716834905464,-0.113339606368758,-0.128361073129361,-0.131285443759152,0.0636637827350367,0.342075002435503,-0.299860009498765,0.258417983589252,-0.0689701046888901,0.368840998104972,-0.364973698387918,-0.0101542353486687,-0.179902871732026,0.389182995972434,0.592967641527001,0.18227451860055,0.627146178331571,0.562532466021272,0.507966489639294,-0.124787425320893,0.0745774643951053,-0.171230313914087,-0.123948557248019,0.160297642032889,0.464324997006005,0.363718434893623,-0.101605066914155,-0.197902139541095,0.388904239240702,0.39142307327775,-0.412207602916615,-0.355009019356035,0.0906164830362656,-0.174593305521781,-0.179322372476598,0.29140165047281,0.28775650761742,0.606846853478492,-0.0839786437003992,0.330426462307254,0.157201568402174,0.161094108598974,-0.454978456798351,0.324469664885042,-0.0970728419995795,0.1319042413035,-0.0509015531752859,0.110631802631056,0.563680910322263,0.381645259231758,0.342559936369411,-0.00683816498057504,0.0329192944888074,0.298397845180158,0.170049532479433,0.475764047221381,0.329086744817692,0.0915574878901677,-0.149241773090321,-0.28293531149857,0.338849123096845,0.142367285458692,-0.0833479906667053,0.0497601764963038,0.300148936460507,0.162444601019591,-0.25307765087974,0.177790121071328,-0.288407990099215,-0.150427611765965,-0.184989947807393,-0.169985453126885,0.0471212557033963,-0.300543461485663,-0.17277980781204,-0.129756858132864,-0.196142434006254,-0.395125488571112,0.0312750049827648,-0.113697131337622,-0.449411587416992,-0.127520263823856,0.12316525931333,-0.122722817969033,-0.0715875390820896,-0.548334202675043,-0.143109868783043,0.0996703973377933,-0.107331412950734,0.0272183221358447,-0.0760611829607953,0.331425810108548,0.14613735351249,0.280953845231705,-0.284171934534964,-0.391022317817193,-0.312956851310965,-0.015835618683994,-0.272717640889685,0.403238132097797,-0.0959893088513991,0.607155363282243,0.208598561304158,0.120602599540871,0.342113358613508,-0.237797729331305,-0.15944094383584,0.0810607803307476,-0.174452751699189,0.200917565750475,0.306759912625678,0.256320620599745,0.415425156292124,0.45928442980121,0.519581611930854,0.214028674783278,-0.0736133848485204,-0.115754100420137,0.0420163895150924,-0.0351782350349129,-0.132162210483749,-0.0886274554580965,-0.0748832865312531,0.0162452863199362,-0.117503924194086,0.229012240230625,-0.177252485855533,-0.0305399567384552,-0.190242185540824,-0.411265775058347,-0.119491319187579,-0.122245076283695,-0.336637096564395,-0.271810956205087,0.0466458524053058,-0.222978982724631,-0.194271149878405,-0.113148438934266,0.355218414969666,0.588781658203642,0.447899480900056,-0.601302324870362,0.193951875105321,-0.100201169607458,0.545730598135636,0.775824882185078,0.766627677485394,0.476330227197511,0.758146507920302,0.263292451260267,-0.10021830154274,-0.0337166507334749,0.0450928684929064,0.282602491562503,0.360678663235051,0.130449145796715,-0.0472506233231473,-0.211883890921333,-0.0922513726498815,0.191408300043032,0.0616565833787576,-0.2881697424978,-0.252594579438581,-0.00982177700821095,-0.0303056099630812,-0.0374701046395843,0.101897758475504,-0.184421472266577,-0.169344284695984,-0.0989328314198904,-0.125993221355217,-0.234705549174755,0.417098063436147,0.72973513233254,0.499453001390609,0.945263245075257,-0.401047699387546,-0.288431912956438,-0.149970125078455,-0.0124690877941514,-0.224832724079962,-0.13978317504287,-0.0538649105414591,0.517118868604631,-0.0820563678020805,-0.0374107276298182,0.020139190745453,0.25241741443843,-0.428742107723528,0.0358030968387443,-0.0455546033590535,-0.1435605578676,-0.255652428901913,-0.0336574306473514,-0.023705400852961,-0.154494127716787,-0.227595336781595,-0.0833613023660142
0.715996357083173,0.00748792867561456,-0.0611166667445363,0.744512787020781,-0.238308428014466,0.723861537252695,-0.408874430033417,-0.0445749224443886,0.749055009306257,0.116384218581282,0.0129352618459839,-0.10383326255117,0.132444338235221,0.122150663659538,-0.160595702216934,0.129413707669069,-0.182151540122667,0.0161954670035465,-0.123859391785481,-0.0320311153989459,-0.272459246275466,-0.186147604950066,0.316491275307489,0.356738389967861,0.719457901495868,0.482998031886612,-0.179713099003493,-0.179969589320564,0.101793115592098,-0.176545926933871,0.309800105160981,0.290858149588327,0.675856125890926,-0.228086243375126,0.440562062592094,0.346083193823604,0.0163287809559824,0.126283674349002,0.0829876515710707,-0.323453411690915,-0.279309484837324,-0.33814499255384,0.0941953562187143,1.58829162547532,0.228581011891914,0.206230868954439,0.312552301408379,-0.41863357441923,-0.270951732333661,-0.147529480454114,-0.089849106658014,-0.0300739886535293,0.23499061365996,-0.148831882149368,-0.228925440594865,-0.263902761177704,0.102639137183634,-0.152867134356387,0.195985070214981,-0.107677396808488,0.158473077723531,0.531703978628721,-0.291756431202877,0.00679734265991106,-0.00902772430266776,-0.100135075224106,-0.0711126139746072,-0.0624087206412885,0.133118081289755,0.244533034001108,-0.0710260970761581,-0.252678435402748,0.00808537860618959,0.135749375340441,0.859571468880973,-0.548054714623845,0.00207391910872297,0.366478520049136,0.359769361013937,0.323140298440928,-0.285882444433243,-0.538182251621408,-0.336598153818057,-0.194377801506066,0.395219394871723,0.755634677628531,-0.19182571375283,0.128517332118326,-0.0377641441109761,-0.0492742409001827,-0.558017239027667,-0.245327725821851,-0.256459102238634,0.665793046538959,0.719290785283337,0.236756987627054,-0.111375923351331,-0.0691552758594548,0.231383770503477,0.242642650943643,-0.0613376745090828,0.118729027626958,-0.193017263865198,-0.316050075523374,-0.384990407792217,-0.407187629331306,0.646759626539599,0.50160120462695,0.303798922505548,-0.473048511891281,-0.223913358677515,0.074444343614316,0.534307271082851,0.55912004197252,0.266515487087912,0.477870439098698,0.277658315693664,0.312811399961104,0.434653455870816,0.0767178279985702,0.263049392054482,0.190549905705561,0.34207348284966,0.486221440330759,0.223281675949237,0.431003721492474,0.479638692988692,0.421650353540458,0.110964186292856,-0.114063177106126,-0.121504397841734,0.0230775503032123,-0.164034013827171,-0.0103600906986371,-0.099861140574975,0.156986319732221,-0.038763540594373,-0.102069829721076,-0.17468900391179,-0.10556015020984,-0.0461976598502749,-0.00669454982831115,0.0248300661221254,0.0786146350005297,1.66132766923333,NA,0.481064885322989,0.823669532008764,0.81094693722283,1.35450126589346,1.06629539130724,0.256647926294591,-0.388052680258015,0.327546023988567,-0.545181059178179,0.673676966084529,0.592413040359409,0.140141728903772,0.0381961672303532,0.116774503361446,0.0872596690853003,0.244107848120877,-0.101961032535427,0.111871471385963,0.693786882762,-0.202763287785814,-0.36353108067742,-0.276672183481797,0.294544982740561,0.42285612347894,0.205865481832883,-0.211701992048053,-0.260323687959822,0.0704500205927411,-0.0829202035809045,0.0578152706522349,0.274632689793865,-0.0861561411671496,-0.0684394924959832,-0.18529707127023,0.04138977458477,0.313223375689782,-0.327140345305919,0.179182933602033,-0.0645574730439635,0.283952722197788,-0.336396474926798,-0.0191157103291347,-0.140215594167686,0.325578330359833,0.631755644756728,0.270850260950261,0.655898680279749,0.524441855225887,0.470053375619867,-0.11439185612952,0.0130533809296067,-0.234673555755426,-0.157558687095946,0.177078918840974,0.341737744090148,0.259138467411089,-0.181657627817702,-0.187244394704067,0.287270106330934,0.281643801272222,-0.550776344668069,-0.311574399371022,0.151126495268094,-0.10651579018019,-0.118713498529832,0.379756087087022,0.318535937668345,0.513581561663772,-0.0267389158713713,0.325131089916545,0.196101219926035,0.0809865542715744,-0.485843591494082,0.346190213801118,0.0292250134528192,0.232768266355503,-0.0575368071112952,0.167314946955591,0.478017221371619,0.221336779875681,0.275421736674538,0.0351383312571255,0.12947191297653,0.262264752748597,0.249432074184779,0.378331370798205,0.29973853859979,0.129702378309313,-0.107198235602336,-0.320105830425231,0.338867965261602,0.0732875611104874,-0.0531317862574116,-0.0241361710485729,0.361560115522906,0.132495259570403,-0.21625982341561,0.277925644604957,-0.361082615691904,-0.219694273602857,-0.147879625789309,-0.186941594424852,0.0489999151371351,-0.303292375374216,-0.138494377889194,-0.105563988414542,-0.139494434352835,-0.332622573686536,-0.00999948956278378,-0.152069973087044,-0.359671767725075,-0.0768833428802712,0.143531036903217,-0.12030735052775,-0.0391474654974485,-0.446087325957729,-0.131641238851096,0.116449704646997,-0.128282051281227,0.0384244069493847,-0.00207903411076785,0.307218459567864,0.129482787748224,0.318958427071344,-0.251681498773833,-0.497589914666892,-0.25743543660119,-0.00249916764015482,-0.259584762640857,0.511021706404764,-0.138572727883799,0.539932209728284,0.130830258011594,0.061918925820499,0.310060594837693,-0.307143749319084,-0.173209399126565,0.0308532647393555,-0.187496373768472,0.33226703593224,0.164627247066639,0.15427819499147,0.367614206557966,0.509812728420473,0.501619663150647,0.280765906120168,-0.0769000493911999,-0.143416353791325,0.0684424857066173,0.0484570745057851,-0.0889595089199203,-0.103439960674718,-0.122606647376453,0.033488388615955,-0.114613138599101,0.191253623374605,-0.161080367288367,0.0119327055461768,-0.154699577481654,-0.454869804717362,-0.13077172297005,-0.127166553327649,-0.337378148738051,-0.294431273699519,0.0850130871104877,-0.148083494033303,-0.194155315039675,-0.206508891731196,0.277312911814419,0.523743692688176,0.469853882118349,-0.659407105456869,0.178371398125047,-0.0753552548200517,0.501935865786878,0.746761631095007,0.652837710905971,0.454988890646017,0.633778885010559,0.321326745205255,-0.0696686092809471,-0.000361757603727418,0.0783122520474979,0.209829192346553,0.387125026381579,0.107505202715733,-0.0905348241500674,-0.26604689659496,-0.12012862008865,0.126646546156986,-0.0019676438111513,-0.339341184269708,-0.274409714548868,-0.0124331515046254,-0.0859100129930724,0.0673679229162773,0.131504934747498,-0.0568588939774509,-0.171086225232358,-0.106951646564988,-0.138881134420889,-0.287834240548291,0.453865098029614,0.805261370110507,0.495245383561684,1.02314828343578,-0.444097967650909,-0.271271323815664,-0.216737137689083,-0.058256788816689,-0.236490653380512,-0.147302583676891,-0.0293017388714955,0.61221880667831,-0.113912119707457,0.057002161795364,-0.00341190533693551,0.138890584882769,-0.481656873180897,-0.0295790778891869,-0.115394759760973,-0.217451203392853,-0.243886834712473,-0.016111917075273,0.00313254022622701,-0.211966009780135,-0.264742732900331,-0.142187923170391
0.187580018768225,-0.145534523425526,-0.145136524697371,0.739830361852185,0.00953007227941874,0.636851764969163,0.0640083656772485,0.0602556197811577,0.260193379587675,-0.16401863300174,0.0656894125165014,-0.214060483978076,0.025160447505636,0.0353132575737824,0.212545870030679,-0.0224841371916662,-0.156881648409931,-0.0741881957503841,-0.157665160751974,-0.0013117066869941,-0.218148614974337,0.062198483958627,0.730874217318427,0.587667784468763,0.589396448790467,0.391879304093625,-0.0544992930549611,0.0852110056620949,0.295544800318707,0.107553712218655,-0.142237423046941,0.222548587053843,0.450849934919651,-0.0884983452724581,0.176791422164284,0.0691031146654792,-0.06023533172036,0.0164040597428086,0.135859653307187,0.0511152675156698,0.0118396854280586,-0.23121015900187,0.536193483546292,0.634141530242269,0.0547292321139681,-0.0146263152357044,0.134550507136209,-0.357916773364714,-0.0829978388116933,-0.281160400569616,0.281217900446758,0.46359754276868,-0.136335871768037,-0.102833729699774,-0.00262904164603983,-0.0849497384040769,-0.20157357662299,-0.0497693426543097,0.135960947699116,0.0350012180648538,0.248519378498188,0.307637987218273,0.213672502200778,0.171639293841115,-0.131991359892721,-0.146659494457123,-0.137877010639833,-0.126208351753017,0.0282931152245019,-0.130193973370152,-0.0494545392424832,-0.0157667575333363,0.0417835640573257,0.343926686976456,0.762530216039299,-0.309051512491311,-0.0840548389502041,0.541243333840578,0.501758619396698,0.460755458745025,-0.154094845974421,-0.166584309279514,0.199337337466156,0.031134164175076,0.339048558806939,0.521235224298603,-0.0761581971264926,0.168915274512681,-0.354727932595103,-0.0063214999333737,-0.0847626615519683,-0.0419690499139207,-0.238526683389093,0.328500360202728,0.360805909713528,0.383248972804145,-0.00382019087845032,0.0189810448297701,0.0611838794406901,0.288115953164193,-0.304044729507241,-0.0579106850217655,-0.249414158570187,-0.197383130582683,-0.241961307667267,0.176874118324619,0.577031080804726,0.569623821082652,0.410488495813483,0.0306627472832036,-0.159659278598683,0.357798473641238,0.4927365746178,0.120551041907437,0.246314213686379,0.211433906310837,0.232381937916149,0.261493086884214,0.261765089358932,0.109134296362142,0.469901171984795,0.339256133664175,0.281340556712271,0.0537930042957576,0.171155323767161,0.544441454447569,0.153640219916589,0.236797857461769,-0.0638233736013322,-0.170470948194947,-0.015563334645573,0.0383651873757426,0.163535638209737,-0.0312665041497231,-0.208098621853033,0.0843471556434354,0.253860306072974,0.245572787034213,-0.0625036218693099,0.134903796489062,0.160093818441626,-0.0946716664046791,0.0662850338487747,-0.0353228964070889,0.470652975298169,0.481064885322989,NA,0.305154729385296,0.455020816073307,0.438926027018311,0.304432752589302,0.192114806310787,0.0130979779662094,0.178751651550413,0.0816607908825307,0.389403866063183,0.779472468219185,0.47244328548566,0.258427485389447,0.333152746292819,-0.00408377346162002,-0.0859703764472607,-0.187953122098433,0.0249023091168798,0.583240827555738,-0.0733075612559242,0.155101900499951,-0.01145772700249,0.106241216229436,0.404669883387112,-0.302049854556585,-0.325242574425934,-0.107194001341298,-0.101034552693307,0.0572319318632646,-0.0725944768895959,0.0558880626346877,-0.227528425845265,-0.138356052691567,-0.230055999468183,0.267269565101696,0.57391944976436,0.141369061471005,0.196942384972816,-0.350325940556736,0.181915810448219,0.00286568773088953,0.0142995678589935,-0.278601593114053,0.02364888649288,0.230815114451569,0.408584999963368,0.0755973371059229,0.226798876886486,0.0658748386134949,0.0599135997459014,-0.060099144586654,-0.0173230235270441,0.117636939795131,0.442068954427232,0.128452048821977,-0.0957695148966997,-0.155647593790567,0.0385627918638592,0.0162425417926042,-0.0648361666569544,-0.0958917582665441,0.151725478851125,0.0143999089445723,-0.145920328901142,-0.218032698980254,-0.0741702250629723,0.0104571190428197,0.0940849816563096,0.0437341608679409,0.0654882799891266,-0.0715065372321542,-0.0722901311488325,-0.0786802888361454,0.405143368909181,-0.0743532415833812,0.387373509405581,-0.275603814288619,-0.131103329685688,0.45441392350748,0.0909725028599882,0.14186612283589,0.0613582970777649,0.0165308375864052,0.232131401996179,0.127719859956135,0.112826075748182,0.177886767506123,0.0757041741034456,0.046228710886189,0.188812928596217,0.66153800428536,-0.200823174755617,-0.109560938482764,0.47531346170123,0.580397539254689,0.408071473246825,0.0690466603710569,-0.00133024538975697,-0.148842369478747,-0.230970138496707,0.221742448511491,-0.0294613213769709,0.0829733331233233,0.18957449926711,-0.131846373600736,-0.120526910511475,-0.0697747609657039,-0.260897457662293,-0.0585482380062362,0.0405128739336492,-0.287481581536237,-0.117998875488739,0.222487839142064,0.377887448535837,0.380873487760731,-0.165476744845386,-0.0503431205892374,-0.067747820153067,-0.121689878782708,0.0115949910081414,-0.168764729768694,0.0641395956861597,-0.000292595275015107,0.0889927514170638,0.00997666999881957,-0.0936258172737253,0.0605061275657588,0.0645251216153489,0.0295263511991275,0.203885398786345,0.300274396827599,0.0912515372282858,-0.0683478199698257,0.326949194410955,0.154677548441165,0.00586399803810798,0.163473586605811,0.529858554969347,-0.131028637358933,-0.130375404643836,0.0943691891152861,0.0371826327917193,0.285071848239202,0.11129324981945,0.392885256869004,0.0721758714905521,-0.112291608567528,-0.296531358929221,-0.160345706763257,0.19198561082022,-0.13685139479014,0.0467068314563458,-0.0511364382619929,-0.245084359305498,0.185141350094757,-0.228420752632367,-0.197932721403075,0.182711720956261,-0.279668453778885,-0.119182895879597,0.0931175146904781,0.150028031071888,-0.152254515592689,-0.0951102732842122,-0.131147642730129,-0.168143718188485,-0.0676637748458878,0.0459648996894963,0.158364487376456,0.187885121758611,0.481155951400591,0.007766213838067,0.183335151988572,0.0874973671832069,0.380984984488234,0.21035682726059,0.357270040256246,0.407672650548451,0.204255142135423,0.499995024012217,0.317393804133421,0.415414801730201,-0.0191525049268539,0.413092226434752,0.200223123300802,0.189178633908888,0.0733013647881376,-0.0709534616659751,0.0964184001231914,0.590594569268558,0.251467975595581,-0.00171355130661667,0.0698575158667134,0.0835941334200304,0.0514173011978342,-0.103283621766129,-0.181005741673445,-0.160493836314966,-0.123100419355582,0.180996077550412,-0.0517450772513697,-0.0873050798821047,0.507910911085145,0.694346629559195,0.341929239512434,0.499113884150122,0.00154806662560264,0.0660672297703872,-0.115526700534717,-0.053037408503409,0.108365200519173,0.183624264962601,0.0905817182734799,0.707501276828974,-0.161461346381532,0.204500272558783,-0.13622710447731,0.0177417371364118,-0.15986690174413,0.168803014211454,0.139537546379217,0.091097986217384,-0.169004526614718,-0.0209482020583335,0.120757274813054,-0.103300072528275,-0.245702856632552,-0.273540412063666
0.525755421714062,-0.103176190881175,0.0351150995171649,0.327530069388146,-0.320675303629551,0.679546615389771,-0.486325120215569,-0.145738102128978,0.710856920473827,-0.0327453171155812,-0.13846722972211,-0.132215417932587,-0.058879799670468,-0.0840467221611947,-0.219197430265876,0.0994756569326977,-0.127381884035679,0.0232881359222987,-0.273888276080737,-0.0468608278643964,-0.256841210375666,-0.225942222007501,0.169316329362638,0.243204958243547,0.495218042436631,0.241387785122957,-0.27498845492252,-0.429357089968997,-0.201663063261242,-0.123722358975709,0.0813574013701723,0.153150622043319,0.39766736424601,-0.375172887308349,0.198505386404826,0.103476864192122,-0.100271051975761,0.00775155919976595,-0.179086000723112,-0.640389265382282,-0.272842503467693,-0.130858584053859,0.0960444714548181,0.801781389891632,0.0799138182017892,0.0465759033240605,-0.0156173322118714,-0.610527735719176,-0.196815866748412,-0.0962356335227206,0.0970823361738972,0.0828596839720599,0.314785339040155,-0.224991104341799,-0.0287502078547188,-0.142140117035286,0.031969463998989,-0.0636503081393337,-0.0933967577362108,-0.0184000556175184,0.0927539310539909,0.496615867183781,-0.246972712042348,-0.124901105608445,0.0130350559908893,-0.0041204954894133,0.102056099303802,0.207338298577527,0.191367250540042,0.240330167256875,-0.189427563011335,-0.339000645777439,-0.0360844215174687,0.04907023810965,0.583021605388708,-0.474713972905522,-0.0656111552559097,0.267140264299168,0.170202714034387,0.175272735007079,-0.254081832697497,-0.44614148816078,-0.417323463054988,-0.0703856741532242,0.289788775128022,0.603439955303964,-0.0343404225351722,0.186695812007279,-0.0829833901906942,-0.0362848067090367,-0.257159560039983,0.0174764112265441,-0.106375625929178,0.761070663212855,0.579911349936249,0.435228388692504,-0.00996551090529103,0.0136571606833835,0.0959589380178698,0.328754322219943,0.197494890312127,0.0326735353646408,-0.158919442548322,-0.225724200545417,-0.193521100594784,-0.313591082805409,0.508979779218321,0.148992179383823,0.122018668932194,-0.420891888350092,-0.354625111105029,0.0442452429652558,0.5396460546493,0.746615048636997,0.388802700015897,0.0708256980836693,-0.117875139983595,0.117600345529143,0.191800117527499,-0.145180335097823,0.210186123511569,0.283458381271983,0.381665278988519,0.405119010189494,-0.10723749357881,0.135619323159166,0.355015499272415,0.33110433913224,0.209722401033336,-0.164311894057101,-0.142955687925516,0.0376524009761048,0.104210336726737,0.189234716598836,-0.0801198169829403,0.151159380804979,-0.224893733816129,-0.105721731556969,-0.047557001212774,-0.0196776079263012,0.0381012094760501,-0.0412440859533116,-0.110714141017262,-0.0356612936763824,0.745549826784212,0.823669532008764,0.305154729385296,NA,0.691451329240536,0.595950740744732,0.993126353457381,-0.186369657406602,-0.329831532253367,0.166428785023607,-0.528882376030134,0.410161145713463,0.594423915840364,0.043131889605737,-0.0439485717403517,0.0901522996725281,-0.0694405887478021,0.299737969872613,-0.0898290417362298,0.290607586285469,0.531891502113355,-0.206423889489359,-0.0963679365027732,-0.249150538524331,0.171571812683315,0.522280626562339,0.0198294468986111,-0.179141804849254,-0.216832830368957,0.0184387814962933,-0.158182744589453,-0.0417236732107016,0.164523687944798,-0.0913888561158968,0.0671702193707588,-0.194388310258323,0.0459653193079567,0.187800381066119,-0.498302788095038,-0.0843771110364737,-0.347475821484556,0.192497866572827,-0.37122275239353,-0.109428714842457,0.0196129954627649,0.160266059689527,0.252535026250515,0.0495038404020026,0.398958109967092,0.105315704047638,0.0934027304203983,-0.192397693421803,0.0257339757221451,-0.171966291168629,-0.00711844108380228,0.301582554396919,0.217696104411751,0.012273335071725,-0.158833512295074,-0.120527414507094,-0.0622158182390245,-0.109306779579547,-0.635895938681895,0.00112568743239826,0.220558844055255,-0.0236994349163297,0.079447640656556,0.500361731635624,0.203044435951263,0.321679213492047,-0.230094213908239,0.198513258601339,0.190561257851504,0.263793693009669,-0.322572513573509,0.522062415976515,0.0216845471276223,0.34964448228579,-0.0320919909303424,0.0151185549947963,0.429735955400592,-0.00110646259709201,0.208881028464804,0.0418551697817284,0.226360884976905,0.0896044233791131,0.189764573709072,0.119640442339143,0.257987947084566,-0.00991165457410508,-0.079028607083866,-0.129106368928153,0.425395175257544,-0.0994583027983658,0.0075932469324052,-0.0774096321904502,0.318237241060921,0.226061993568392,-0.11795787140557,0.393685816538395,-0.420651545105611,-0.292606614484122,-0.224305213879994,-0.313505235319508,-0.00504514142652323,-0.42292030099832,-0.00885914273137732,0.115970707774847,0.228465064047744,-0.109643268553681,-0.000549593735335877,-0.142480545824391,-0.0607238263925626,0.126106812527148,0.279058692204705,0.144554737246789,0.266471307504261,-0.0602805347920782,-0.0946324455708642,0.0857537366836036,-0.015086015319597,0.246884618851234,-0.0317182056823386,0.436790228096154,0.116976928392466,0.217965608312682,-0.295238256140349,-0.449759233269699,-0.0098260807306953,-0.233915066710691,-0.221072385332441,0.534086439901193,0.138521581412018,0.555235415076398,-0.11473932712723,-0.135232423407773,0.0784948628388401,-0.164172112023032,-0.272096210039619,0.0721017676488538,0.0200353539296736,0.0748688372308064,-0.0741535372868682,-0.0515361807161901,0.387584049358759,0.216568971653115,0.557899006811422,0.209880290614775,-0.168178142296115,0.0101548108274557,0.255131387943919,-0.00931400965001055,0.0187790843906102,-0.0924631214972903,-0.144605841343924,0.189973510552257,-0.283556293023321,0.128508833234804,0.153401514654476,0.145053282827841,-0.0888165610977506,-0.49865755501922,-0.244616934822543,-0.167933042981634,-0.208732103300274,-0.227148958809678,0.0982613116124708,-0.101297546447666,-0.265073468176038,-0.11405473662152,0.270362088686074,0.29862440665911,0.169517217656018,-0.561195857262603,0.461841771443562,0.165781609791192,0.497870038114831,0.349849166268575,0.598023250416039,0.236492075175843,0.400279915577941,0.286824236593997,0.204751285058467,0.163459062237257,0.166510616443646,0.134196885767363,0.112586696703481,-0.00980172893242706,-0.232093850412777,-0.451478240025693,-0.378055334513152,0.0815792506394682,0.069839378551708,-0.253984644711255,-0.139559577732096,0.0998821070165298,0.111140063055165,0.023473250018763,-0.0239079600911221,0.0118974090752589,-0.204507411089828,-0.100234539914952,-0.0550579786968892,-0.205905392934994,0.581285292895206,0.847494334687897,0.645873002222253,0.719654221768825,-0.281133140288569,-0.105182249061062,-0.253240264841732,-0.27190043941472,-0.180511674222516,-0.0497203811957788,0.215386547441042,0.416161369838634,-0.12376170006845,0.00701697880725263,-0.0194368714519349,0.105287875561453,-0.447331955147446,-0.17987403663974,-0.0558059647572709,-0.164526967236066,-0.349956027115598,-0.228013386483793,-0.00138461106131546,-0.124058686048715,-0.0237519977056213,-0.224724345574666
0.533914257803798,0.102348065147273,0.0451270885385221,0.638890769216467,-0.171590125042578,0.744971170165232,-0.139919092847302,0.0489677875371487,0.392314058021866,0.203257465968118,-0.260972627294528,0.00359608847291346,0.0396360658326346,-0.10607084529252,-0.358623370241502,-0.0255399047778863,-0.212529986203121,-0.0645549539309492,-0.0486995332844488,-0.0643585713677052,0.0577415929525233,-0.0614818541907927,0.294727175127424,0.385348581794669,0.768180241579641,0.358307486951853,-0.0812801882313529,-0.160533383544946,0.0585075392624143,0.1268966808525,0.25983606915896,0.316569068491277,0.660873605829057,-0.0576907840947842,0.375527260851169,0.429539526125004,0.172791141523934,0.202124227723906,0.221506648033402,-0.195549908254664,-0.0805638271657506,-0.0566365479288335,0.159472521113692,0.784294916806037,0.225657218591467,0.255955159994872,0.348601803386848,-0.285318249770631,-0.094009294071831,0.0597813016452888,0.0887664907922251,0.207980903716362,0.0921647096506522,0.0353050134676638,-0.1226786120489,-0.0328642540822478,0.0779372914970568,0.00713360281862449,0.0129117741850774,0.111002934924838,0.495788227922809,0.61952766916486,0.0566676871420435,0.0966163710148603,0.274477814976157,-0.0158993361780632,0.144623321305999,0.0347504646150077,0.198009421520813,0.198891619652624,-0.041184464674365,-0.316067984040266,0.0192035322535879,0.317072364081391,0.782678542198883,-0.316914675734626,0.00846026462577154,0.40197859224559,0.234752116157798,0.247174312939892,-0.216829746160049,-0.488292988472527,-0.445657076471475,-0.133586011494996,0.355398855286188,0.584735091064196,0.0140940905503538,0.233689453021617,0.134107074115683,0.118928152875646,-0.291406809271713,-0.0064491618721132,0.140618701031489,0.430029256542418,0.42804166846854,0.324500472325763,-0.0541238787995965,-0.0851398461184303,0.239792703026318,0.227965788070326,0.0165436699680331,0.0396468121026624,-0.0399533011528446,-0.156713877033476,-0.100711051312159,-0.136511365169291,0.776638281715663,0.503221168882623,0.336346578061667,-0.220412725642352,-0.101636279535083,0.246286280501143,0.574073456227566,0.69599379096675,0.24206051673253,0.197841121303467,0.172356721861354,0.0850701208747368,0.301198746892858,0.0577158353671964,0.0507082078713349,0.118639418267053,0.434462400269681,0.386601429151374,0.0676510368714313,0.26690609457131,0.335345664243007,0.364877590660541,0.0422534310230826,-0.18831499471762,0.103271779115328,0.145275859988692,-0.0527645936691881,-0.0263007633858049,-0.117113306604999,0.276784565567449,0.103009030245092,-0.172589730178212,0.00872377613882508,-0.1752048736274,-0.016059937035415,-0.0290966093011347,0.00899510535738669,-0.139735362246142,0.764487981627753,0.81094693722283,0.455020816073307,0.691451329240536,NA,0.618330135376511,0.554324805114106,-0.0179530827285548,-0.0638680680922481,0.056929509815376,-0.28703599767708,0.427635856922265,0.530230312116112,0.20719810279064,0.0263811415750911,0.253401374360665,0.255948211175979,0.143284635889378,0.0953494640785038,0.118336488001291,0.682750834549502,-0.0509833449639066,-0.158744140391384,-0.172558841746068,0.320103551433205,0.21972012328914,0.00182466051603494,-0.241754118152077,-0.0841869289940897,-0.0794521508742016,-0.222171309311838,-0.0698212116865296,0.221721716714724,-0.13560993203327,-0.159981823340674,0.029288235625858,0.139031162060291,0.308745614089472,-0.436849706386101,0.138708084026338,-0.0211717231055865,0.162973207201325,-0.189399454367511,-0.0498939114613509,0.0469382382842516,0.320243601901425,0.545391928274713,0.245247043607119,0.469360588211771,0.378645895790707,0.326253267987877,-0.173807946947798,0.166127208501675,-0.0864277888133066,-0.145514159250426,0.1273991406998,0.383122813770412,0.260186480646885,-0.0264549244586531,-0.0309321907073099,0.141972301824832,0.200342998228548,-0.285333497155051,-0.179611185700542,0.281820307094227,0.0104439275849853,-0.102251999949668,0.215424359825448,0.444412273762543,0.483352423437287,0.0836814864619262,0.372670014727586,0.204091025192505,0.346060837177398,-0.140325861458414,0.30618934366243,0.0418258616031722,0.280469010851928,0.00952777869012982,0.244555340137039,0.525009763705643,0.28827423076523,0.404636452535478,0.0524402297298793,0.0693082994410039,0.262009444425568,0.24943232604262,0.366493492299383,0.578951229721454,0.166656576614461,-0.0663064328316704,-0.169690207447405,0.482135347200146,-0.0554402732572176,0.172777129049824,-0.0299335659373914,0.320830522739194,0.16880289538561,-0.100428933885595,0.267575105157688,-0.347631804423073,-0.198630791006167,-0.292410464430691,-0.0723376894469857,0.0663843578380228,-0.118304465160811,0.0537205129544235,-0.0094625750942832,-0.0213859698988204,-0.0246879598296811,0.237672250063648,0.0975612605238229,-0.271717582262757,0.0293386343549911,0.00250527872588522,-0.021270036660143,0.0711160509715829,-0.25718194032773,-0.19524865258149,0.115894973535593,-0.152015462486919,0.104550956420356,-0.0267076890558934,0.191770296505908,0.138136552057777,0.349801887140936,-0.208809346985868,-0.140331691248986,-0.111980893979422,-0.054291470695564,-0.103535460726129,0.391774149897419,0.104686802303528,0.323971683835075,-0.186204676237008,-0.0345345526834883,0.158227513106645,-0.296795080446485,-0.0883450354168468,0.221722178522891,-0.298101047124281,0.288170680744011,0.0172496390276854,0.0600411257241666,0.213716579338833,0.16599306526712,0.440556789046624,0.120001474675723,0.112519122738896,-0.0671828241989579,0.0335937001934432,-0.174210797688217,-0.0684386799193142,0.0827040082844204,-0.030954528247522,-0.178955416345831,0.0247221510179946,0.01661608971138,-0.115649438086315,0.0695093509314332,-0.0295133709258262,-0.299402793700609,-0.088735586306274,-0.132656763520557,-0.18279619579573,0.0351203146449946,0.139291616859668,-0.211324199488963,-0.241217692541431,-0.139891979110687,0.13027446959863,0.444983136827389,0.635190985879182,-0.321338328722432,0.179154459004582,0.29403461119248,0.527478848730415,0.319717485262844,0.361593377322634,0.473276505080524,0.34106056317109,0.408091925361848,-0.0179280139182361,0.039348677116387,0.054579416163159,0.373634941712792,0.23004893131219,0.218053281799647,-0.172469616693114,-0.313168350944311,-0.101047948747921,0.0563386088241841,-0.0848498172426868,-0.23201886974549,-0.0939428750952213,-0.0484713487725324,-0.10012631982965,-0.0990980989575922,-0.0821214624507811,-0.0433244685120633,-0.15038240500172,0.0767014424385423,-0.202634678526898,-0.174409622533964,0.332936468487966,0.580005099030784,0.447291829391601,0.661189141332299,-0.329434829850998,-0.0878786604516089,-0.0841377048760781,0.0125327503047079,-0.161865050716953,0.0106294121141109,0.00873054979637607,0.356083112942329,0.027691183891989,0.278094513681477,-0.00741869615188413,0.05688163388821,-0.29948217199835,-0.00753161367385005,0.00466433305017301,-0.138983165925054,-0.0793223018402275,-0.0171245851983236,-0.00653757816721992,-0.0296748939143816,-0.0875470476091883,-0.253941928668166
0.825671102328385,-0.0533998096239661,-0.210725274047313,0.794419037589908,-0.161683661573597,0.528079380606713,-0.234543884939148,-0.166101472554508,0.594366830330751,0.0996398076103104,0.0902947208106097,0.0717901376028471,0.080698780063304,0.119813165339624,-0.119859718478714,0.0600259902857392,-0.246541752793833,-0.0161294110224841,-0.0381671343229968,-0.105104523038004,-0.262458346102832,-0.336776527407435,0.244095682008333,0.401245896389491,0.720014299407299,0.686754968414582,-0.120090548872861,-0.0356859539689372,0.34816899293188,-0.258920642521859,0.341239545276772,0.261215694599853,0.45677196926086,-0.24656072132746,0.217367373454371,0.250665486377152,0.00837207827222528,-0.018155011979299,0.0791233992270663,-0.17456113384699,-0.317601840469338,-0.351812859657268,0.0119325556329935,1.45740314906769,0.137595689288339,0.185361931010185,0.270717665439623,-0.270265137910265,-0.413646610739936,-0.17965910766797,-0.133740210027769,-0.0912651544258194,0.00605503921096272,-0.171241773631374,-0.311810666841898,-0.246947218304009,0.0470262286219841,-0.304918078632935,0.14791361132472,-0.288914061127708,0.0644680404762716,0.321958916777428,-0.319053986460899,-0.0324494260598773,-0.101601523753201,-0.18535871997944,-0.194368714458445,-0.175252180726208,-0.0279626903973645,0.103197357673158,-0.0844526850466491,-0.33549755719539,0.0361199266339212,0.312221774419164,0.705138564446599,-0.584727201221849,-0.247094783797735,0.310555046789806,0.44120584654188,0.405620301415042,-0.258650156000627,-0.571108298394754,-0.166759605812577,-0.107406419777193,0.527964325544789,0.773239726689547,-0.19692592824488,0.193995040046224,0.064666571706066,-0.18800562280702,-0.574799575158786,-0.209486948138397,-0.225569580740229,0.621200888517719,0.690925041333717,0.0750983716504131,0.0323613884222215,0.0814444741556946,0.16606274234247,0.314186996701019,-0.121470720632903,-0.0314201164704645,-0.207622190565086,-0.404177678085723,-0.372735740652805,-0.393642483800216,0.503439819083437,0.434880056157088,0.403511883564843,-0.359868162073805,-0.339186030678525,0.0271300253257825,0.453272508315002,0.394336838709655,0.261859339425489,0.730748537988195,0.524551983675954,0.448324012884031,0.650661023194402,0.349247834831828,0.252746222257885,0.0895353523324038,0.37910965473796,0.474684255920417,0.397953769192479,0.332220012123517,0.349821826374572,0.232661674540533,0.0628865649082641,-0.0116298791669168,-0.160683472065029,-0.00198521636552287,-0.136976150876371,-0.0177194438391774,-0.0642496737579141,0.182438597716854,-0.0838847679733832,-0.115554489948615,-0.0850228499745655,0.0944969240771429,0.0792340236816754,-0.0702634769011537,0.0687151110415335,0.181035547415255,1.36396319630154,1.35450126589346,0.438926027018311,0.595950740744732,0.618330135376511,NA,1.06083676378712,0.608331875878838,-0.358236874734587,0.560454589688954,-0.441974783154918,0.672763761042587,0.401623941801437,0.201989203274083,0.0663052043569972,0.0507016611985635,0.129785431473082,0.305857428517563,-0.172589881331824,-0.0781180655028413,0.694024908781288,-0.182452244355475,-0.378998733388706,-0.0768296449332828,0.173940093487944,0.286194799779754,0.0984891190345563,-0.293176121512057,-0.0628241533333184,0.169483918960249,-0.118374857803067,-0.0290017686764066,0.109261497090663,0.0207108357999485,-0.0619570020010427,-0.191637922692394,0.114607556689499,0.413120727303478,-0.116689298498988,0.411815832828949,-0.0916004272278065,0.594934413281837,-0.32311128300447,-0.0442750307895592,-0.247827343810651,0.267583543455945,0.420314564341904,0.198543418831958,0.420928942492466,0.625776546347942,0.450331016012469,-0.20752260583859,-0.0614324504574116,-0.239445819201706,-0.0306412684530083,0.173237572937829,0.357743407583947,0.263270931594899,-0.123150586981701,-0.241452740160406,0.400772910295239,0.334127288498457,-0.584492116302311,-0.355244656629927,0.0222262183712663,-0.136040618301001,-0.138006560138246,0.180402930245723,0.244017749834426,0.472646681426375,-0.122645593314023,0.218942714280078,0.0951015297423825,0.0976659122684832,-0.524159204797473,0.253655131003441,-0.0819576779676866,0.15751139949091,-0.178027399914848,0.273669508642529,0.412852084310302,0.415876570334068,0.231610000266824,-0.116932759939567,-0.0609145458986136,0.0780907905551801,0.104326708793912,0.367214632849856,0.112044948153015,0.139761893587047,-0.150059370431894,-0.278225310363001,0.301889144636773,0.0151941162100685,-0.233506664555081,-0.0550143908962708,0.427663815068223,0.228280006950221,-0.124959568268199,0.13896273543858,-0.381054390944264,-0.308240803510698,-0.110241008838143,-0.143955185896925,0.053099977691173,-0.277554245573452,-0.180782361487718,-0.165612936459279,-0.116598675170491,-0.34678885952844,-0.166194586562731,-0.156459730681685,-0.460652113170569,-0.0718723043323315,0.127566067509105,-0.152224303243048,-0.140080068656405,-0.648903062271102,0.0906141873158689,0.0623760551311077,-0.0823580319736968,-0.131711563720074,-0.124693467931434,0.129846252425418,-0.0713442546662935,0.21141548862095,-0.294945597406862,-0.525820139829671,-0.127378021787997,-0.106961315621945,-0.320644272308676,0.461536646444287,-0.180975157379463,0.528077658781408,0.398643289534151,0.033319232878481,0.523792620107774,-0.22887489635071,0.0422285039776155,0.00664577043424167,-0.172068993046766,0.214550603567631,0.303362250287792,0.329519302416122,0.300905753841378,0.452531938047947,0.270587715661241,0.223680199930661,-0.175324821093825,-0.0100472628699612,0.0206886325677363,0.146037100035057,-0.304831344475347,-0.149769066495508,-0.18530920063664,0.0369244608358299,-0.0859054792246543,0.108727115438711,-0.14087093022181,-0.10159329916497,-0.227531632112597,-0.454329973512293,-0.130684472711765,-0.173893951293048,-0.227607518099064,-0.301089358279006,0.0474432252094922,-0.339759561870504,-0.164878773187726,-0.200864594733276,0.407770780088388,0.508339157248941,0.402039840235295,-0.690435770649295,0.157487784299779,-0.24534983732001,0.454894665939038,0.904970666077094,0.782938979525012,0.437240230721784,0.76357553663259,0.247973261591852,-0.121942448413245,-0.0360081191955648,0.0553493332767616,0.167045693544019,0.483354063961267,0.197927637943655,-0.0764261397774946,-0.0590847414522767,0.0201684384289324,0.301278859770094,0.116799219438484,-0.223418285207871,-0.188977635365223,-0.0349414108838138,-0.0418787436682344,0.0629821073304896,0.0857281865551524,-0.0737332158491986,-0.282103756073205,-0.0766691784857936,-0.0364129766574806,-0.293937342904844,0.336161567575489,0.623359844034503,0.430685098707989,0.953623928183943,-0.298296883358247,-0.163255613749917,-0.0603843364609054,-0.078813487930046,-0.327150877515823,-0.270896084445874,-0.063157156516921,0.567212708972976,-0.272546390382279,-0.0487568190178522,0.139411832974497,0.380137166576762,-0.363774349107558,0.0723718338902117,-0.0213113594242503,-0.0654378151267262,-0.364441405444784,-0.161975971735296,-0.0201464462310586,-0.246088275357072,-0.0907720447773208,-0.00934194652361615
0.720683998467217,-0.196016456730839,-0.125946656002636,0.311625242599815,-0.193141884022695,0.565622708691199,-0.404006392787571,-0.347401511637813,0.956730420553048,-0.0628820972284753,0.0980327318038439,-0.0521947954040632,-0.0106982923713264,0.0865172078623212,0.00513696706015748,0.0854275766047489,-0.222059123797738,0.0222557262091402,-0.187792554118546,-0.168287279243268,-0.494724084805426,-0.455585540005304,0.066094195013529,0.469279487765749,0.498258239207815,0.439300272341535,-0.410681348590555,-0.303125374849069,-0.0332043330695834,-0.26785721317969,0.115794823780636,0.0186169997338827,0.420390459741067,-0.484332502660759,0.111876075131497,0.11678855217993,-0.23928998361161,-0.184156226069625,-0.159147872152378,-0.38399479488782,-0.511167649800361,-0.258472535938488,0.204167539668436,1.09942722833238,0.0259516451357854,0.0755540027238794,-0.0344695430794707,-0.622573260396072,-0.443948183682296,-0.31014083425551,0.153861497182452,0.129321201094891,0.178023303166032,-0.180110641501135,-0.217531784237111,-0.327238720659026,-0.150049525981752,-0.236861254824206,0.00565857480470708,-0.158704737332204,-0.00828175316799189,0.276822712561225,-0.394507059465256,-0.171261908777874,-0.0127652075266326,-0.116871189874776,-0.184320199476482,-0.157795349701873,-0.0986746783749129,0.113977830276778,0.0173492574965072,-0.290324442264961,0.0335470553698761,0.276057071516992,0.719926788134256,-0.664471888104352,-0.25521923660193,0.377823612097466,0.309224087362211,0.237210965360552,-0.267553173841629,-0.559045200192543,-0.249995096432432,-0.0933960066599142,0.641798286585524,0.953395521247173,-0.191770742392253,0.231304278234036,-0.00335761043524824,-0.274312811207679,-0.296812516226808,0.0827031468098725,-0.231227921837698,0.965388829412435,0.86930578812319,0.472966038090748,0.0957014440819161,0.115433509190773,0.0198492555798817,0.467174449731678,0.0235046089343825,0.102198252935998,-0.331895325244515,-0.377344129205285,-0.310999293877261,-0.279446973649858,0.569823945393673,0.22736764193581,0.402182755840768,-0.176585763825915,-0.444941618761409,0.00215905525704033,0.468748226403799,0.609396406743568,0.320828438889949,0.491461118296181,0.230647472130567,0.312043911695707,0.678291547707176,0.272956812524037,0.389617777975589,0.36792285401047,0.43268282482077,0.473965522135775,0.276617719255396,-0.0175236297976204,0.263243098521176,0.132541103108007,0.113325274368552,-0.0917301876734398,-0.307156569641604,-0.106365291760409,0.0945530659329973,-0.0211799161104955,0.0703971797910264,0.00902806207624865,-0.238929944678025,-0.131234094869947,-0.179984905579901,0.21043718704775,0.162640361874689,-0.0389424491579479,-0.0624250611827874,0.152237457944726,0.893338157298867,1.06629539130724,0.304432752589302,0.993126353457381,0.554324805114106,1.06083676378712,NA,0.169192157970246,-0.442568715832957,0.509497239796167,-0.453009560036064,0.854784882923899,0.597487583288958,0.0855780365615485,-0.0275678817122589,-0.0259344299392896,-0.0577765487636721,0.401873723536379,-0.291423236227622,0.0815350821420707,0.449069789122249,-0.28895050197541,-0.291450797372316,-0.106034102866846,0.0806775848180497,0.532588342480819,0.0250313445437823,-0.176428119320648,-0.174972530787781,0.187338548402334,-0.0723619024186041,-0.069271948325095,0.017150808349373,-0.0371288870828094,0.0905212674017785,-0.380479094604135,-0.00937734834843873,0.300997322561862,-0.217042628147311,0.124531943494828,-0.282503589181241,0.328561217816785,-0.468342483632899,-0.214482641140081,-0.168597240513811,0.0708769959860834,0.361351148792352,0.0832587670850012,0.356381906516852,0.261080386355916,0.239336236212799,-0.361709429575435,-0.0448323679059433,-0.313384236546523,0.174784665500885,0.400891979990163,0.279515136239325,0.0798107839592678,-0.374650030280107,-0.279813700399029,0.121471489451235,0.0170697436400438,-0.742398552299076,-0.095258305936581,-0.0388590046852111,-0.197086270322016,-0.038703054746829,0.346754972664118,0.0899304091924642,0.236260221734732,-0.276138781650869,0.161465878918726,0.0769798099417773,0.189228577008921,-0.512874595165672,0.410289698018407,-0.0733009838431635,0.284325002455828,-0.213207322561001,0.264209344023046,0.278606117134175,0.17820158316576,0.139249838852149,-0.0556518923845635,0.0262096231563504,-0.01423118514724,0.152352101324235,0.102152763207093,0.065790276957242,0.0940563927393323,-0.0646716303849857,-0.0681752081528684,0.357613977857571,-0.123063847784375,-0.28321971413609,-0.0811634755312526,0.499430342003421,0.3425700303325,-0.0945851958884609,0.194294033118468,-0.467625666912782,-0.477175031340968,-0.0916135417810749,-0.320885407128782,-0.0717557592854242,-0.475588254267737,-0.233896420047344,-0.0963388218872834,0.0949400798893984,-0.316517170534824,-0.228111099132458,-0.232614575191642,-0.166855290527824,-0.0159849449807937,0.37760338340033,0.117046544918921,0.187934706518309,-0.275844436909989,0.0923555433855826,-0.09464195551727,-0.0219243133920039,0.0621010305721337,-0.15787121819647,0.262071229546862,-0.0957488604350979,0.226105149363315,-0.28258705841062,-0.547225540023875,0.0640368095638937,-0.187569827172091,-0.372449502661314,0.520116093904632,0.0307079125892001,0.661703737524091,0.319598400101691,-0.045606985815614,0.486594907566289,-0.152596522472041,-0.0371003954752198,-0.0869323541058098,-0.0634392643712465,0.180066521907916,0.186125823485316,0.254898433915196,0.407660578645254,0.340550297364902,0.217575013964996,0.169373806620685,-0.291336155043866,-0.0146985330231358,0.111593711393048,0.130392952760178,-0.212783252321144,-0.293848163111738,-0.281363226081966,0.127825189215751,-0.313267143777048,0.120062575074528,0.00751975211187379,-0.0331505535306195,-0.111351464325851,-0.508697241144417,-0.20255343719944,-0.281484136329151,-0.270285996899058,-0.357829157666763,0.11360628174325,-0.179120118913172,-0.148186568455681,-0.295792700428892,0.437173565345624,0.213802083674998,0.0200774914803952,-0.714386537897145,0.508321775117477,0.0243924571281011,0.443916901299402,0.763210919253302,0.737964313202993,0.15690623255529,0.622407948535427,0.19033296193748,0.184622556702472,0.16075691069928,0.0778384575616139,0.00476912957133834,0.329367039323807,0.0980274938130881,-0.154680898781064,-0.326275237642162,-0.244423139612284,0.12659016728043,0.0436635792523938,-0.213101150783026,-0.223754411221967,0.00785626960606372,0.0293235198940581,0.0581607843165835,0.124294385795945,0.0914762602667353,-0.317725755742107,-0.144328780400434,0.0294279566046511,-0.206082731256843,0.628562402628688,0.927215424784656,0.673146426799263,1.16720889187033,-0.246618778765626,-0.0945308921406214,-0.1256610268072,-0.181184387258611,-0.210736589897669,-0.150952157159084,0.300221734288303,0.762488543955893,-0.234506164896139,0.0337932750744655,0.188721596330355,0.366772530318148,-0.27998955676382,0.116347358100799,-0.0771420262613988,-0.122648415767289,-0.350024727610405,-0.17506838661202,0.00369710277924071,-0.114874910005208,-0.0115240854382114,-0.118468758583239
0.371156818339511,-0.0589522437185462,-0.366476435789005,0.392860068799975,0.080443116773876,0.0530046990317555,0.245436996917721,-0.132511737877058,0.0246096210226553,-0.0251104039661574,0.0741570034649222,0.324619995237527,0.0372908200548386,0.0817328404298093,0.0463634665297457,-0.131694201247474,-0.247452307158853,0.141136562924101,0.331354069613133,-0.062636786712869,-0.106933308943827,-0.221175356135116,0.0822467324165296,0.213842425213947,0.243376381355229,0.588508210986398,0.164088668180851,0.413506644278252,0.906977284999507,-0.277057970317219,0.118518196782534,0.0260342541692028,0.048247252803242,-0.088162369923494,-0.162988118347899,-0.0434106988048132,0.02638325340042,-0.0815249781807443,0.153399637692256,0.249398974175464,-0.100443224196451,-0.276451446414362,-0.123017516467587,0.391111823943359,0.0482950061430246,-0.0267563355787388,0.243356845924977,0.174315376619408,-0.298537926210695,-0.125553458355984,-0.264942299111866,-0.12431469301606,-0.330187086812115,-0.139863665134411,-0.324063470742845,-0.0809635059805711,-0.0386843531844619,-0.343315095777802,0.250555416552903,-0.406615252511691,0.110014675114807,-0.0185673365360412,-0.180303811988419,-0.107434448025357,-0.139691285370293,-0.111374267070957,-0.167339447268954,-0.305084992121393,-0.288781833330367,-0.0749151872943606,0.0724619756784156,-0.0532769403175799,-0.0304025343261457,0.193744014197529,0.105383985483317,-0.0593798987087612,-0.409539103012427,0.121718238706387,0.181438349058403,0.40802733051,-0.0619734260688115,-0.116692952016992,0.346400871591548,0.035819240567344,0.204477019802589,0.225008861034897,-0.226744510994096,0.0299550504414021,0.139179121827703,-0.276697438945651,-0.426442138011463,-0.225428230192535,-0.124982771905348,0.182023785844623,0.272089937875713,-0.208232059394588,0.090961285423015,0.215864107907554,-0.0121915232935732,0.123378213634502,-0.18252644980888,-0.383808677553444,-0.157904812805227,-0.359465871374522,-0.33202700866766,-0.218406499915138,0.0429250359369386,0.174178415692958,0.168462234502622,-0.0399803079793931,-0.0666174794158885,-0.157939100585697,0.0758077447405402,-0.0568210727538364,0.240329309310998,0.742922283775217,0.707012266870962,0.369816467999981,0.478314366597191,0.471937291784664,0.224220996203819,-0.0419880048674374,0.0507417002196081,0.292770977773809,0.501347891400078,0.27080764884258,0.0779679854557055,-0.0884095363600048,-0.181480297661643,0.188078677187033,-0.0550085284514768,-0.0672408695773327,-0.35070118370038,-0.170347749675831,-0.0469138914079273,0.151004077023114,-0.0262139367921127,-0.0780677367580482,0.0210142379586125,0.234385752467774,0.250763301273406,-0.0144614455233624,0.180288990090817,0.408794538820528,0.332905926286944,0.256647926294591,0.192114806310787,-0.186369657406602,-0.0179530827285548,0.608331875878838,0.169192157970246,NA,-0.0628917883241271,0.543809287078835,-0.0277789428108635,0.240022141825403,0.00640633844127629,0.266470862457316,0.116123203119618,-0.0822630455068816,0.207691502294033,0.183780503031772,-0.327546834584506,-0.409115306219705,0.384278877997888,-0.0389919645789699,-0.190336083508268,0.11498368532166,-0.0599321704936268,0.0193878036092148,-0.128859189131191,-0.123113176708058,0.331715782566719,0.264912324513424,-0.061390393664214,-0.157957807315728,-0.169292557177943,0.135589765412755,0.160700471351153,-0.0979098569570087,0.147326644172472,0.403078051892531,0.473089761807941,0.82068021123097,0.0278080883784977,0.572647267896784,-0.0306237357334138,0.0535542674077762,-0.268362852663921,-0.0617415776652613,-0.0477988065864519,0.126353321918825,-0.126676806375622,0.443742881366536,0.21190396566935,-0.288456748489946,-0.27548369277979,-0.169689466795224,0.184299013696274,0.0800171496032753,0.105008763822982,0.122030454783551,0.0556341442286212,-0.21284151310405,0.296979251976824,0.287991888997341,-0.177866202235076,-0.336930766330712,-0.379940189499513,-0.237088144936208,-0.0795096326641578,-0.277137614433824,0.0750573616637154,0.140889225097299,-0.129465401533787,-0.120459102153113,-0.214879393982139,-0.125783467244991,-0.286961727832744,0.0107145017298068,-0.0109690954067839,0.0568558286351479,-0.392065426197891,0.130206911934431,0.151362705129584,0.444838261562214,0.062250480617993,-0.0988194164569014,-0.185919973553886,-0.191356241245144,-0.0559115977124795,0.272022163596586,-0.155920465114641,0.115270518147017,-0.130419002472085,-0.15837007547625,-0.00952575147575974,-0.0428333197854966,-0.482185183057259,-0.0246101634526202,0.134768294219373,0.164162158541914,0.0450628595096293,-0.180130033892457,-0.147315610487649,-0.10993534116343,0.19850272395462,0.0095999051008991,0.0706471852928934,-0.0163858103105244,-0.257710796644792,-0.306697841503756,-0.153186299660185,-0.244660517296314,-0.299217056244654,-0.0968003408477448,-0.309862453529189,-0.0987825161713674,0.0293634431848188,-0.128961090775593,-0.205408084576534,-0.585155424356968,0.285823889734502,-0.00491502720760722,-0.0534638958589235,-0.250887301532815,-0.10603049354714,-0.306964383207857,-0.397176438986864,-0.227750935425574,-0.158186942096005,-0.28318032549242,-0.0100249119979783,-0.108587312794704,-0.27518102353992,0.196186799006195,-0.277030737255197,0.14062699570444,0.67811609501274,0.240890151329678,0.422664994037878,-0.257671857259657,0.290480082348408,-0.0184064245025124,-0.0384577408734157,0.0492439636338326,0.467434797485265,0.471756238118575,0.110663155051319,0.300397982948204,-0.114615110925294,-0.0830277673486489,-0.0763780959616232,0.0491434317702145,-0.282579032069243,0.265144490464935,-0.278002044502777,-0.0768458039680573,-0.0766244157279899,-0.101994135755259,0.0196324113358378,-0.0750052254406887,-0.369492678570758,-0.139199052231718,-0.301718158696435,-0.0694367814374587,0.0648767471081844,0.00123007763644197,0.0110849139590292,-0.149410491548908,0.0120194343240344,-0.242588634161272,0.0571582195688547,0.0308748540471862,0.358695880201826,0.380279264517445,0.234209138925843,-0.22259749127393,-0.06572860925709,-0.450989548064159,0.120518077230959,0.483383500211003,0.35383351474538,0.316172667602063,0.524200208915537,0.21824281278874,-0.0907962490612569,-0.0137333745728809,0.174399644327465,-0.0207828308276289,0.308551348075549,0.194402588562947,0.0137817948175182,0.313579033185825,0.336806922814521,0.399507948024308,0.142775835563864,0.0292699750573796,-0.0189934389686634,-0.127351271089246,-0.145546750701472,0.0295730339746195,0.149489077982907,-0.0932620798783377,-0.151952513989552,0.117196183171439,0.142354637400096,-0.0188585892312704,-0.0601623657347173,0.0268360230456501,-0.0248815279484747,0.209501084585304,0.100723346642755,0.0226623477724566,0.203731288069899,0.0367856400249708,-0.14393790245623,-0.281930055143523,-0.0878291955919695,0.20783942224907,-0.222512248324426,-0.274568795193907,0.13652401191632,0.368048484952442,0.0400535402002195,0.214655332275916,0.204311633863611,0.205500090686839,-0.0673459260239332,-0.104691342106412,-0.172506865310008,-0.327950620584199,0.111136932178769,0.029661369223267
-0.223595316782795,0.188765365920407,0.261102619966486,-0.227591060742145,0.212746596549601,0.0107543115299938,0.590961146147081,0.395220424925888,-0.281245754531509,0.282693230295673,-0.0985865152583705,0.255039069379823,0.0756238059397442,-0.0485875501285776,0.0124016869904293,-0.220094098033563,0.220402556581487,-0.100348613880151,0.160445528820892,0.0601566331481125,0.554753236386659,0.415710959195255,0.122250737343279,-0.24973339767715,-0.108983629664323,-0.121368267263414,0.397821876996227,0.415311647156557,0.0677945830232178,0.378090060477595,0.0537457993244263,-0.0127286237989692,-0.0809358912600524,0.498605121759904,0.0733383021830219,0.0906274192111003,0.184115250313043,0.249861469459588,0.043364386603258,0.259803628111281,0.461951011555035,0.495794646917066,0.267577244063659,-0.362604494632311,0.205574232962326,-0.0289697334993756,0.179378975916071,0.448633356546528,0.601495402982679,0.210981153634164,0.0759941599956694,0.158991198596003,-0.0304183136857405,0.215720674846136,0.236834427927361,0.444849511628427,0.311379791611222,0.462457488008799,0.166174727823459,0.173876863593448,0.220304193949569,0.0540175953537814,0.560595331658251,0.196170030099191,0.30014010324954,0.30933972963248,0.242494689004374,0.261482606682726,-0.0365915321962294,0.0664021259161196,0.30470973028915,0.175831914763616,0.219112323106048,-0.151125323420214,-0.309505942227666,0.404542310511631,0.273094238333718,-0.0198493097541284,-0.253865790061016,-0.199252875345576,0.47270981924158,0.613005418793461,0.378688309953919,0.0517010609938782,-0.247299947238917,-0.356761384877464,0.229183853251612,0.0112271100628013,0.18361713229096,0.10965086433128,0.490417707094466,0.236661662304547,0.41596799106183,-0.244168754850045,-0.196658984797798,-0.0883144779983067,0.0194213148813503,0.101706840342427,0.00701357622282408,-0.0762128744608862,0.452459262941054,-0.0662123858751032,0.45970197237877,0.333152731743993,0.38254673423687,0.375745792599288,-0.232306111802807,0.0301403062692637,-0.0295479441910692,0.438456735114477,0.556099324046275,0.177119364323689,-0.125104732604772,-0.126252093024107,-0.158521365667529,-0.258631535851888,0.0376831521817871,-0.213840961337688,-0.0943935587540812,-0.0344416260146581,-0.15972713767235,-0.0379758617995701,-0.0263232921970342,-0.17247093562238,-0.195693588051457,0.0308839662903933,0.0150562983073916,-0.0579914099146487,0.222415003726847,0.152865980926017,0.595987852705969,0.242554312283222,0.0698339052600053,0.0808636947791464,0.354856351134391,0.249554512692582,0.360072945488158,0.168815988281417,0.506347688303854,-0.0419005878784887,0.13195274829936,0.035661327338513,0.121629884945376,-0.0991494916435438,-0.342621349439279,-0.388052680258015,0.0130979779662094,-0.329831532253367,-0.0638680680922481,-0.358236874734587,-0.442568715832957,-0.0628917883241271,NA,-0.203008250553034,0.784559352952977,-0.446530937650834,-0.18030604123092,0.0638094252347744,0.226317485320203,0.498525524942336,0.247743425514126,-0.116598020891068,0.21681961142264,0.213800626777144,-0.318779380740025,0.26254165781825,0.142232604443211,0.141752866877159,0.038398753175609,-0.470341268422174,0.0798154581873868,-0.0778712601604423,0.302029199632832,0.00389921241038107,0.0794692588434642,0.00541710530296678,0.19755949545521,-0.0212687180182504,0.144492446763124,0.370855310341403,0.0663805298367843,-0.218172441138799,-0.0147162287229136,-0.181111164255577,0.117896429061691,0.0090457539119319,0.49461039420735,0.280648234984295,0.386872885582924,0.00207546991446178,-0.21916508364928,0.151776381266354,-0.207232609739485,-0.0698986361555804,-0.0490766619868749,0.253156080898189,0.281091126273919,0.149292811040014,-0.0618915706275265,-0.171318705802447,0.0712850785971339,0.210462916549764,0.158851406995673,0.274687094477798,0.0150145301806883,0.0471015607868044,0.549038639740871,0.193551958607609,0.292572755798412,0.271221815223556,-0.124110976860254,-0.190141136205302,0.0811942450385706,0.0167187748464081,0.163174188791753,0.125414871046031,-0.00873270532740348,-0.192636054389253,0.394178187393466,-0.122443328832194,0.202175020194559,0.00325226669800124,0.247956386389875,-0.179497778502373,0.146275700041348,0.0269915837773063,0.235926063818962,0.339581657499439,0.166753397769314,0.383481660192507,0.214560793932042,0.0804161570943219,0.221679524112635,0.0418576005563115,0.107557709963454,0.0113419240168517,-0.239411103088429,0.226543768049564,0.145205464707673,-0.0260284174603293,-0.359638618155473,-0.179375851486001,-0.0619696697910903,-0.0450785240122588,0.274664743336182,0.393678408092635,0.170302175981476,0.258535093694474,0.0506701888232272,0.356526501080118,0.194765419727115,0.151111390966508,0.0935729805599806,0.375256916872823,0.191020315397056,0.300731726579219,0.112097917788003,0.290208566168527,-0.187948513531387,-0.0387405006958425,-0.00880998144699523,0.215936710309508,-0.0152118307486863,0.174768498671686,-0.0099179746657479,0.0727944433827298,0.195486673392691,0.126048211279673,0.358765913980359,-0.0339923866046816,0.34109396767439,0.498544509792683,0.0844894405714432,0.169256676983747,0.235666104245726,-0.208213749888086,0.0689611752705556,-0.324575322613681,-0.187917647293813,-0.198034444054351,-0.203378921517712,0.0108505211583483,-0.045576208149638,0.0168548109462238,-0.154916704547948,0.0178281157195243,-0.172736037094127,-0.242610621404254,-0.231738734584123,-0.0177645181742832,0.0230158331724864,0.162120127068628,0.568132728344979,0.236801419134872,-0.219466332087599,0.0126143397591654,0.282225400390936,0.452851548194491,0.463347401392943,0.0408142869858568,0.352385355357916,-0.219352351567208,0.146711295600377,0.0468721899467118,0.226074698307516,0.0771850514332107,0.283561202440311,0.272659967410761,0.161590564033708,0.449476920714005,0.018641595782577,0.0026774497439545,0.144793340549023,0.153516062957771,-0.274964322667086,-0.190047154603925,0.0956551885085389,0.711935311710948,-0.144220572239307,-0.00328772265373151,-0.0352488710230384,-0.378912707375353,-0.301032387125074,-0.0366041687138534,-0.375697018507099,-0.0363877290775706,0.0318124600742773,-0.103187232484532,-0.0342310232825302,0.40238422707162,0.0393277578825061,0.214739156972132,0.16425422538705,-0.0114995766774794,0.108849577594962,-0.113440794289732,-0.0819147870477514,0.263412839889103,0.327009188892051,-0.00602402837642125,0.193271498697668,-0.0462796733074314,0.0050076137816572,-0.239322896270199,0.39811257780522,0.327688855016414,0.033142224922325,0.275504941805573,-0.103921881549334,-0.246190442904673,-0.409338737190283,-0.427839591739426,0.264736182529177,0.323567143571699,0.477585966646438,0.279768440521915,0.398336483808678,0.445283566375987,-0.201700326212256,-0.317562544122555,0.304698807657783,0.319599396105361,0.0847350326697749,-0.0899336805795995,0.0656569928047692,-0.057418135034952,0.150321144852326,0.0924797798530802,0.243897176336451,0.201138805339151,0.0512291226723108,0.207214440466723,0.0113915731561908,0.158416788956152
0.430364044361215,-0.0432830533694345,0.0751297915877457,0.19126910019509,-0.0288627522342312,-0.104277325091065,0.172047779613982,-0.223032556156401,0.301128242104506,-0.00251182415639021,0.0137939334212527,0.0958128136521567,0.117607046749004,0.322864642707972,0.0826817543677258,0.0972257119469107,-0.140646244656337,-0.0113326451826029,0.0217213078415163,0.135304918286384,-0.281136776100049,-0.13760429825092,0.149590980438729,0.235513758670258,0.119831813619037,0.532358740458292,-0.15997501902625,0.168924105268724,0.381040359716064,-0.410529241408739,0.157932070780748,0.125081691278572,0.318582082363993,-0.248988772058531,-0.0444562854979888,0.052938856355869,-0.0425748734833224,-0.0918110460767203,-0.116259028481755,-0.0215060169432968,-0.208124924322029,-0.252677868278722,0.0816163836109096,0.419380722129234,0.15105887554776,0.118904816772096,0.0717594325489187,-0.300850877706962,-0.314005174264158,-0.200307077890136,-0.0508428493753245,-0.22152038360774,0.114885325708687,-0.206501600753758,-0.384114222554779,-0.207740512211254,-0.233983231631405,-0.255510881573297,0.345722167767949,-0.397367372279575,0.0500456551096952,-0.18984347592707,-0.474591090106491,-0.197719550745041,-0.0124381848550975,-0.0154231027089406,-0.173842726338854,-0.09539534104527,-0.200216855850968,0.0575309338914139,-0.0268316719052528,-0.214819010945271,0.00070929763018643,0.144971399244233,0.23398018451366,-0.606247949697544,-0.278796877205687,0.115031233410222,0.253229367087587,0.142694705526418,-0.324742993517468,-0.348698669192773,0.0557410675873921,-0.135282549565465,0.308645809398417,0.430723960431253,-0.204592895739046,0.0561000550700328,0.15140362186765,-0.212317513831944,-0.301093453487222,-0.142964999655676,-0.184790933916316,0.234636036871569,0.47512397316791,0.0936043520586464,0.118624883279435,0.178826115379951,0.0104627741297813,0.0331620620806327,-0.00609832570508713,-0.11203288518878,-0.376007228647658,-0.365573761095076,-0.398334733660262,-0.158665765300754,0.256594917059454,0.100565657967529,0.250802963914218,0.089449809565687,-0.297864660566699,-0.210063801423,0.0917317631385215,0.100465470989326,0.00574324260087396,0.413235311144237,0.557781080318216,0.116751516899085,0.487278163976172,0.434136472217547,0.223531600809871,0.0810384924006405,0.15537888506406,0.0476235199967397,0.420995981505895,0.121527112244014,-0.0226286468503042,-0.0641998012469783,-0.204782925909542,0.128379610021171,-0.126702406670905,-0.188728344036141,0.0604456376635724,-0.254298672349001,-0.29954777577626,0.00945406807072369,-0.155492576604362,-0.170603284349777,-0.0403960744712079,0.265712078862687,0.153149535439189,0.0714239493102032,0.0147992695804584,0.393835806864076,0.35051617649479,0.327546023988567,0.178751651550413,0.166428785023607,0.056929509815376,0.560454589688954,0.509497239796168,0.543809287078835,-0.203008250553034,NA,-0.00886149792991296,0.412014386344452,0.213723826202063,0.32173156827583,-0.202644951378916,-0.177069817985404,-0.107672304494431,0.271488835961765,-0.259123815893998,0.065333341117487,0.238282777929143,-0.0294679733224995,-0.251127412533575,0.047718939443226,-0.303849852870289,0.059948094841898,0.0539416518893737,-0.181539606179,0.135008767426835,0.405744859624337,0.0294051341235054,0.00129080891807179,-0.00765769741958355,-0.0870734759496471,0.105020988392556,-0.338631838442717,-0.0303749712584705,0.210601722861416,0.117243725966484,0.343356572882805,-0.0650258874484358,0.53661416937577,-0.261281085355673,-0.137683049391097,-0.329457552926749,-0.0063562855792886,0.140782178136439,0.0732290911539274,0.135663439633494,0.156176108344945,0.197153252010769,-0.208864854654196,-0.0345981928189914,-0.140869599745321,0.310324208236855,0.32318454939088,0.388508380804867,0.056773335891457,0.0145872908134564,-0.0658090703143655,0.262378065186061,-0.0406112141176535,-0.436891540055656,-0.0172089168696538,-0.281463569256889,-0.105892908425706,-0.139171134856542,0.206475764439031,0.0352092136682532,-0.0317089291994915,-0.257264688640297,0.0564906244753156,-0.0853904297363824,0.129993005990639,-0.735148894586183,0.0254568187359409,-0.238438344425722,-0.0404577363043519,-0.347305781258581,0.159731363204275,-0.0318243475544355,0.261104166659555,0.0329244600371997,-0.0239975328787352,-0.139657583109329,-0.2081330973319,-0.0344886535242145,0.152575232956551,-0.197050932980065,0.00157290920280875,-0.0596889032876247,-0.0978826793200427,-0.00254491872405066,-0.145810067646927,-0.256267740666068,-0.0983841575148921,0.204172363553373,0.0789560032249538,-0.0368452638621316,0.035937049621134,-0.343396129209892,-0.225327736830325,-0.036452321110117,-0.290262329949962,-0.408149404201366,-0.443293903708396,-0.237509505564204,-0.173061982920123,-0.0580378616227171,-0.302787785736011,-0.1929086410155,-0.0705226821190265,-0.308386439283322,-0.172067653489878,0.344144669964966,0.0555482769897297,0.0189494517030756,-0.464141228929924,0.254055267683565,-0.0400154105118399,0.00171519683330328,-0.468510010979271,-0.319954526595118,0.118895008654014,-0.2905976106577,0.0228636617128973,-0.311379683387668,-0.517047523942705,-0.0482442503149622,-0.267239464708693,-0.459111998763872,0.175801220714716,-0.0568513353049122,0.305578905456086,0.631984835004009,-0.0130552009767846,0.497291134126548,-0.0159248154401225,0.0216252207091963,-0.182741590117134,-0.0213267517414669,-0.104902484351231,0.214119762183408,0.305698448918256,0.146518068332996,0.244178834694511,-0.139850731461174,-0.0214992345049836,-0.305351977998903,0.144615655369611,0.108321817561167,0.255907536040528,-0.306154762593321,-0.144147943215195,-0.218803743492532,0.124949688432621,-0.121811228102365,0.0920433538918236,-0.138870598410018,-0.219549344118965,-0.276440691403098,-0.367052677401747,-0.00684810828821352,-0.16330680121874,-0.0598344245418589,-0.0844933799978531,0.208888477805412,0.193545773094172,-0.0288247314608263,0.12885005226128,0.502663913977392,-0.020673728698948,-0.218245260133027,-0.256181966789232,0.238139498203101,-0.14822638096096,0.00626987319026315,0.560031957310067,0.406323813332667,-0.0140248194760635,0.510167338200001,-0.0359620395436917,0.0540993244625256,0.146035732657857,-0.0678454422573989,-0.218643676807796,0.304608630612217,-0.173230597635307,0.0274893513964588,-0.0258145906040863,0.0128854613226652,0.202426678351934,0.216802079647117,0.0425833279763922,-0.0488856443471549,-0.129995080244757,-0.0450676644654865,0.202107198716503,0.236677074215834,0.277125837209361,-0.127864654061272,-0.0738827212130369,0.0131534271766742,-0.116695645491326,0.0694296225566418,0.243694646339669,0.134360680769245,0.337525099730552,0.0784189076050098,-0.0607695158966997,0.00616183070342192,-0.199282004512776,-0.226654395024752,-0.244516183519855,0.162720459080208,0.363408933624484,-0.142088336750256,-0.142304169299959,0.0487343532383383,0.206000965975004,-0.0321955281301119,0.27727672682314,0.0422930903753506,0.022499187979477,-0.332327305492997,-0.196433282167214,-0.166023368903271,-0.0359654111651141,0.0390735419287779,0.0795254811267102
-0.404192982734875,0.203693431996415,0.412658651164021,-0.30170247084793,0.323203213645712,-0.181697176264706,0.656043415478525,0.393727677536058,-0.204483816949093,0.0283251391287346,0.0702683147011037,0.0189499104749345,0.0959469110519117,0.152255296941939,0.219348815667246,0.0544369379438158,0.243692056012382,-0.119146194897865,0.0799838821369151,0.222326629459694,0.419944924335392,0.354449724275382,0.0758334473016517,-0.0149629566026341,-0.186602434749225,-0.218297516884397,0.187202512503632,0.388735713795169,0.000627645660879387,0.475274842029465,0.00689099279409165,-0.0302475301796603,-0.0793772446249418,0.415263141938476,-0.0315421594578462,0.0525784107836947,0.141130754333178,0.108378378155221,0.0376165772725836,0.375393827144765,0.327190377561803,0.591498313532844,0.556969971716707,-0.39735686083188,-0.0034353541150334,0.170166700769731,0.108872741161513,0.22506465726865,0.654664998452971,0.187488550875292,0.317589385671604,0.329232262883174,0.0871903925512076,0.198478506542305,0.218264651512568,0.254031208860058,0.176332696636523,0.278942322441912,0.0492988558585314,-0.0284928064481598,0.150266401138154,-0.313251410861666,0.589018501567326,0.110904424716635,0.152090784710316,0.322602509209288,0.0497407748655225,0.114305859809644,-0.0805238826794425,-0.101507254160208,0.367717327658105,0.12994093823,0.321036602555835,0.0435115098944149,-0.290270179987675,0.326879527893497,0.180769146322212,0.134564539334549,-0.137913816615285,-0.145887500986512,0.488077097728253,0.567099322029039,0.436450947808611,0.03177720237924,-0.239977299325386,-0.278821206514834,0.178098635887357,0.0572287847127025,0.0178134704636774,0.235813516626344,0.888320263926119,0.528310533881227,0.312570870627095,-0.183759536114901,-0.13228409730151,0.0213265787982577,-0.0340619048431694,0.0129304501481039,-0.00690108131517305,0.021323451911241,0.263387431102014,0.00395307439833069,0.410427592025745,0.331596091001736,0.49141626649063,0.699614102223497,-0.246982469209096,0.113229639205563,0.191808161361262,0.834356449510617,0.468792541455447,0.186945049095978,-0.0874804357147928,-0.324843700285513,-0.341096832520609,-0.37040487673812,-0.0187619659142094,-0.285357197596953,-0.0280137004170742,0.107343336898955,0.100530791705839,-0.0117010898071723,-0.0674342937492865,-0.330707700847932,-0.00279063030853336,-0.0992915179781107,-0.250348623735644,-0.204556407732229,-0.0603374260480232,0.0312388602878074,0.437395998096109,0.131395338219262,0.202981075321058,0.0513151869455599,0.15030022130527,0.00108267943218539,0.463242164369651,0.241938372062,0.209907351423653,-0.0098101094845705,0.206029372606517,-0.0953164149205966,-0.0128318460707263,0.0574863462377642,-0.493595347474222,-0.545181059178179,0.0816607908825307,-0.528882376030134,-0.28703599767708,-0.441974783154918,-0.453009560036064,-0.0277789428108635,0.784559352952977,-0.00886149792991295,NA,-0.183188580626428,-0.111221986945131,0.021615318130601,0.0332058605806818,0.396277534228228,0.137636449604072,-0.24016166963095,0.181450785993634,0.352778315875294,-0.506159531338946,0.32499254994397,0.115696444382929,0.262039358076334,-0.220661384093089,-0.259608116436878,-0.0113518902857297,0.0341822822662049,0.143203272623005,0.0208564064372297,0.241997945171835,0.0838688199069914,0.151415939779241,-0.133511815426983,0.0345392867807377,0.398900244708289,0.0187787616141329,-0.164108495015672,0.272853156450508,-0.27301753106625,0.143838418432003,-0.0716299019092191,0.493312620352471,0.303430923121003,0.321513032183329,-0.0941024665505407,-0.21118155840921,0.106639894215477,-0.245749166154559,-0.242244744645071,-0.195048085241111,0.313120469181631,0.367775705657045,0.232881922327517,0.311652694975268,-0.0162818630622196,0.115171600943119,0.156129302180164,0.0357986722672763,0.24807725309661,-0.0729575626085213,-0.111342529147593,0.520350274895098,0.274025974302673,0.0177777218001728,0.122264211623262,-0.117327899375289,-0.0890034906514367,-0.134531822050191,-0.145719793060107,0.0445082560448276,0.0286687191748691,-0.0673389757115573,-0.162057125518505,0.322733678675776,-0.251221931772115,-0.00852962154262321,-0.0706484182119225,0.239143231079822,-0.108384050667386,-0.0621964917235129,0.00382165819721439,0.158231259783044,0.283978986451415,-0.0865060494527951,0.325682870324738,0.00395404406588189,-0.206738252657782,0.0350343910455997,0.130779047649537,0.185001199734586,0.184835662859188,-0.268759299645279,0.119216456407354,0.0102968390750545,0.12749233626839,-0.192319709404033,-0.100620246308586,0.00808729930747366,-0.0182867036728644,0.289089906119619,0.396202731749065,0.206792371802802,0.232414386755495,-0.0207283576501927,0.273647209037603,0.146300666352861,0.125186905055054,0.0767897520335773,0.223969700584369,0.234559133726885,0.382814112070307,0.200446741880255,0.177542887226169,0.0262068338381325,0.136698525645625,0.118366485817934,0.168396947470373,-0.026440872319721,0.0695318821348295,0.0638127339482416,0.102464674755288,0.0639710664540151,0.197572338367192,0.257096906752488,-0.0584510587151303,0.469763574839874,0.536083104872387,0.164490904247891,0.325039479873481,0.213965621416161,-0.442480667582724,0.190835508147312,-0.42748525075212,-0.160287934523557,-0.124156040010483,-0.16242870689842,0.222341917600881,0.0646038155081715,0.0448636645867074,-0.203566218110864,-0.231568688343841,-0.255040066629444,-0.245930590753593,-0.15477068193044,-0.240295438085682,-0.382733382763646,-0.125214902131746,0.282272148828355,0.0848878182209959,-0.229227602010341,0.089884928495902,0.293632095121872,0.283035992493489,0.163099798807976,0.138334743377773,0.230020296316446,-0.404485698310648,0.260702759003928,0.116249789689219,0.0603590695789197,0.163073411799223,0.454304077037001,0.33029739729388,0.220120745297441,0.387477713879974,0.0598951933852969,0.172765330922066,0.00490156414748035,0.254541446058917,-0.292617350806549,-0.505073293526525,-0.166138522592573,0.654710758174229,-0.196567458501959,0.0944437823078141,-0.382869537126813,-0.395430291699406,-0.404915314159497,-0.372199521438334,-0.36262342492131,-0.202309016654705,0.0430077737729407,-0.0179890066165688,0.0363585519687566,0.152653559571588,-0.111287560555732,0.0117633076012137,0.343919712951701,0.129576150690021,0.152600573182287,0.0063770558220547,0.0301385499809954,0.227564286197914,0.0970761871633638,-0.010429811338981,0.0697300507659779,-0.0427431377482738,0.0631759458936134,0.0816495012856474,0.203771261330495,0.151790224050545,0.0174429486226771,0.250894385523,-0.116652054729518,-0.252049261180703,-0.365876033628112,-0.341920174339855,0.380273245828634,0.305402280227322,0.331364037820271,0.217460159276448,0.481840974473619,0.54633709810837,0.0176825136386724,-0.0861051864409757,0.33262002535221,0.267493927973537,-0.00659797737551997,-0.161062513350158,0.390298128352927,0.196781629312839,0.0478066209467255,0.0716320279837363,0.218941170216964,0.229594094759093,0.22092743358934,0.305726524096273,-0.126130033197466,0.24732422850459
0.473040901782171,-0.320844091702491,-0.110919821045788,0.433999123122684,-0.0955432703034514,0.502992326192542,-0.0382315916656665,-0.317546933087655,0.886210074258769,-0.124849042716172,0.092511657814054,-0.00498799346298447,-0.0120315220461746,0.0995777879564961,0.159099898217587,0.215956602885936,-0.116570830694368,0.0354670575924371,0.0229583061619293,-0.160077263298303,-0.41337621650267,-0.383865885388453,0.175058815901397,0.980292364720875,0.62372219539678,0.439303498016563,-0.241894850698207,-0.129748995652191,0.0680410667540066,-0.174523901109003,-0.00820679487987942,-0.019378169908157,0.210040402630614,-0.329031110734042,-0.138287660625372,-0.0312796513686207,-0.223243836422997,-0.419338109634532,-0.167436394595106,-0.0879646106259156,-0.444761962214766,-0.211492797220422,0.418199075508735,0.830955187175064,-0.199143094947202,0.250792050017363,0.0454028986874243,-0.54217417500945,-0.444126019477922,-0.473279849466719,0.37993057023623,0.368134345135623,0.146210185501722,-0.245215063446138,-0.286612164961506,-0.564356108639554,-0.307360418782768,-0.500609417793106,-0.128297053559637,-0.242801072480732,0.0536076042915004,0.0864069626701993,-0.1522184863318,-0.101452918277123,-0.0674237963816525,-0.0974729657450409,-0.243284588226924,-0.27823540406322,-0.1572799799032,0.014633402246601,0.130256766357225,-0.2913390569556,0.0690744005974882,0.621693728211571,0.831683639120357,-0.516448636008243,-0.253187059001762,0.716540777436712,0.486530874095057,0.386214181963429,-0.23255263213517,-0.393477794035518,-0.099782106554149,-0.0468865202888262,0.664291365464968,1.01270027749672,-0.381789008467028,0.274219181523956,-0.0804821852287681,-0.277794146639644,-0.196737681956358,0.126788219894864,-0.220227526349362,0.782213233517657,0.723135225386731,0.589954238417182,-0.0400804949106631,0.0443252119698719,-0.0863057327850742,0.38431047863643,-0.136302651514327,0.147250768822192,-0.358777167539322,-0.416189017933652,-0.178488531702169,0.0278074923975253,0.751200075142917,0.424522972277919,0.778294815671349,0.102402109064081,-0.275822062326812,0.127147725887535,0.515129696850983,0.29246816462958,0.199792108374158,0.415362966584936,0.18931749792973,0.238332360035406,0.764263621328482,0.544773333429864,0.604158245093875,0.529836955499864,0.337865173052962,0.335903206155314,0.365297471221539,-0.0106351995176516,-0.0358659309300952,0.00626200083225617,-0.213371881083959,-0.31127860373037,-0.301538400309978,-0.242580126042594,0.0241886492077824,-0.231802049965414,0.00017719384390718,-0.139680015586466,-0.0860214715898204,-0.0508919620644653,-0.35146160681274,0.235602219840006,0.183021581516829,-0.245627379530663,-0.166925872829157,0.0419900493592238,0.569162265531172,0.673676966084529,0.389403866063184,0.410161145713463,0.427635856922265,0.672763761042588,0.854784882923899,0.240022141825403,-0.446530937650834,0.412014386344452,-0.183188580626428,NA,0.793224285384668,0.248946067511246,-0.175719912065464,-0.100545779269155,0.0554761565571351,0.144427289260454,-0.404714966099235,0.0737870952271965,0.438878450823892,-0.2108426583751,-0.200175604132772,0.0136299872727017,-0.111624937728594,0.529195959426094,-0.0499156220765492,-0.201170831224085,-0.213172529473041,-0.0137282311465911,0.0484632131348916,-0.035549627717427,-0.0818765456462695,-0.180922416731362,0.0825546717667798,-0.378998484228871,0.0836972670009738,0.510054242885413,0.157437705978887,0.230795552164109,-0.0601060628765478,0.206470167325813,-0.291338925408742,-0.0203466913860117,-0.359350806429911,-0.022776740540482,0.262520192026401,0.172002471183248,0.0656340060217272,0.256300717015748,0.0883329732667415,-0.219267469380642,-0.117980494445614,-0.34156873329736,0.192686886757958,0.437746561346099,0.155459792085982,0.103781991302641,-0.380061941828229,-0.28170274927009,-0.020933878711075,0.184423663818037,-0.497072145670797,-0.175299374885304,-0.32115460299955,-0.366379680556136,-0.138960611002167,0.264677089339081,-0.00549128479297082,0.0274358831174346,-0.355057011797582,-0.110598104929538,-0.135275393834569,-0.0275857171753053,-0.313847111501904,0.301560961537715,-0.175902941212131,0.371633862308743,-0.364142933747336,0.322875081068212,0.209501882287951,0.194474657893421,0.160954143837727,-0.191027142417258,-0.164902013630596,-0.0666094987509668,0.0980834565908725,-0.193246113066916,0.107547272073416,0.148019976425557,0.0305270448730769,0.07183350036218,0.399499151941469,-0.277557208907485,-0.406388512291507,0.147779246188688,0.555079467477483,0.396785902452425,-0.0930636188285213,0.100895971863119,-0.399730373431412,-0.385465551922457,-0.0641297701045648,-0.182107966598559,-0.103708939352685,-0.213933442903622,-0.33911588715308,-0.242103673886649,-0.0315933472571348,-0.428700602646095,-0.217327220745178,-0.102538480260641,-0.289910957997449,-0.15928224210291,0.292620582225697,0.30167520706216,0.309419753633655,-0.278196546155896,0.0827326916985264,-0.247242886198501,-0.264040028644939,-0.0054819283521152,-0.336580742620949,0.222099657498014,-0.197860305643725,0.0557148057224143,-0.00366584951479021,-0.289582786240864,0.0931557792014352,-0.0840653963193652,-0.287044123222841,0.311184816786161,0.0777014151504269,0.299054065914967,0.22241360033034,0.262537056428319,0.411268877314839,-0.0806187985177324,0.058840420727546,0.120304259811047,0.0266826900499427,-0.00358287491614705,0.295574624659061,0.235375563035194,0.482557514307121,-0.00676081570702589,0.0297697800450377,-0.257421878685924,-0.392219135378428,-0.227906493204205,-0.116297748904579,0.0271612160756942,-0.164401900141784,-0.311499996354172,-0.510242009175776,-0.0656943047806833,-0.171466476620411,-0.271300700380497,-0.0658810052034594,-0.0680940347763256,-0.178361250948548,-0.385114094310375,-0.0258892201253396,-0.191754410745932,-0.209945534967184,-0.245412691160451,0.0317637490239416,-0.153532591096795,-0.0688461175314825,-0.112812611784725,0.234636637306689,0.149571669901672,0.101636672106868,-0.481806403405954,0.189577580103248,0.142721472007742,0.246652409502525,0.393234987686459,0.50942299852755,0.00316412537248161,0.472313279089752,0.298446069999714,0.180604566083417,0.273323045204323,-0.102020169907698,-0.0166721145247847,-0.00345770188759586,-0.00703194889703879,-0.233602097062728,-0.094063064440381,0.0167664337756444,0.234184197746391,0.0198264387998647,-0.072914798981836,-0.143596573694384,0.0508685811243154,0.012470980735858,-0.157036840614439,-0.00820056582392529,0.147782991535889,-0.27192477726208,-0.0762469280350554,0.108180759660675,-0.194952127938045,0.343673071312363,0.550761569687445,0.416022812045596,0.841118158638216,-0.197115551419395,-0.0950104312117616,-0.257261433615888,-0.27812961429829,-0.250212725578803,-0.142455279386915,0.133422714357046,0.779083100875828,-0.243746795343649,-0.108721419376991,-0.0981684845528691,0.211968415572769,-0.0452488129873518,0.234760281033083,-0.107758734634705,-0.0923521628934033,-0.305204676517653,-0.225871850039557,-0.0170994806183422,-0.163219781981439,-0.0220350313497052,-0.0602072830894743
0.253806240609007,-0.19721698101738,-0.0229967975687947,0.437370687498744,0.0617326705383859,0.857376039408194,0.0173669251467599,-0.018657278014123,0.730298500001388,-0.232769928351985,0.117276838387471,-0.208324449685082,-0.0132245289462087,0.122259450158818,0.18920079438453,0.244451879812643,-0.0292449582528843,-0.0998259462064654,-0.173925780314483,0.0410170886819734,-0.371233924307622,-0.112620038180079,0.492033952122453,0.972301251132782,0.73736128112318,0.24226294611726,-0.198599935883183,-0.195615016686619,-0.00787881026198584,0.00411491567675919,0.000877397056124167,0.0841884032330648,0.381903655143041,-0.261660998957272,0.073600154053155,0.122049429456364,-0.126766465589544,-0.116503391239595,-0.0648515886581956,-0.217314692935271,-0.262538691595307,-0.193429034530207,0.68150820748434,0.775753523724071,0.0390114935736735,0.187015416342372,0.12152380400341,-0.519335342070722,-0.267973844910546,-0.360756807785696,0.618067710119483,0.727608729864441,0.164925935469531,-0.251266269338154,0.00233380918232158,-0.304995764798065,-0.254671865343018,-0.140092220660732,0.0192640456593913,-0.0304905134685294,0.182199799333207,0.283755860644894,-0.0567437896115735,-0.0742242268738771,-0.0308094518829215,-0.0667918582121925,-0.162612904954358,-0.103160422689983,-0.0495205117772959,0.0842940158579234,0.0155061819844398,-0.0930565523336276,0.059869083370036,0.254747287420203,0.887962217609192,-0.414314458204035,-0.00951238903794764,0.761806828084116,0.257492565158169,0.323606346637999,-0.274823021065325,-0.290361077078747,-0.0405356371625028,-0.093713874335169,0.338781016951157,0.727871552930617,-0.047882205130689,0.359792315641345,-0.315187997074272,-0.0268931838822642,-0.0527677452909527,0.137984737090246,-0.207501359037294,0.765524687864729,0.673637213206453,1.15303395473417,0.0212740689615615,0.0945402567713606,0.100782287421982,0.395896974818806,-0.112491991126306,0.0352579939248659,-0.358154023238739,-0.254942716835219,-0.248507753418795,0.155168873437928,0.982588150710049,0.570587291403748,0.569956030554087,0.141238124571887,-0.296202036856488,0.205507485976192,0.629840591703575,0.513312656712355,0.320843530473649,0.109456654427662,0.042833669972593,0.181655590464859,0.428808552136835,0.0609824634525779,0.586140829523687,0.986914156584699,0.305437120074931,0.206960365169115,0.113293773143214,0.278507642621513,0.0731795364434716,0.394793190504187,-0.210356591818858,-0.293173288071693,-0.146020935211398,0.0779764656229631,0.0963398427313063,-0.171676932073139,-0.15886216472718,0.0254469769267661,0.148330144467154,0.0929834017085664,-0.104962631883239,0.0942420416707868,0.195248865786804,-0.0619463374550145,-0.155467195182678,-0.100829573310653,0.521238280224823,0.592413040359409,0.779472468219185,0.594423915840364,0.530230312116112,0.401623941801437,0.597487583288959,0.00640633844127629,-0.18030604123092,0.213723826202063,-0.111221986945131,0.793224285384668,NA,0.387426476221202,0.083066985578405,0.135193038518024,-0.0657685241903173,0.0136058184314109,-0.24361800984049,0.215499124971548,0.498795967916773,0.0319218383808636,0.0635899870007701,-0.186400593974264,-0.0234683290983982,0.691988864423168,-0.271782435125876,-0.298800989875075,-0.318496983228737,-0.0857500056303567,0.122813925742689,0.0889786943836731,0.111970507641076,-0.472610682498533,0.111142461415875,-0.466646739354093,0.0541019971296509,0.567476343176792,0.0165175362508654,0.0704400345129165,-0.272019688165133,-0.0201846684788264,-0.243177702688191,-0.160946048360512,-0.265692851453671,0.14404756459132,0.292841950216121,0.324956809215568,0.0760309044407328,0.223030949617369,0.0612827720348803,-0.207775789562027,0.0345982140278306,-0.157865471635436,0.150739531860607,0.881952261683509,0.193437096413318,-0.0509580715577556,-0.268269120788142,0.0246724680495678,-0.0625820241089091,-0.085891922053029,-0.358616983669979,0.229705166561398,-0.153622304567155,-0.169830808998184,-0.0694948127826554,0.252571551988673,0.0286904352246554,0.0395137513689976,-0.225456817050847,0.0763435155640794,-0.0497066696864807,0.0285333627244553,-0.303057504064114,0.602203903493604,-0.235476848758183,0.420225074030602,-0.35651608377097,0.0945762415261263,0.534440057209278,0.0728191210776824,0.113191927732472,0.0473219312841238,-0.108562464776812,0.134761094884922,0.251896297729535,0.0715871186235203,0.202742842896839,0.0336776007664114,0.129022094813739,0.0946833977948593,0.508432361140316,-0.3474871657242,-0.257488735490359,0.250049441437904,0.445697049226097,0.367273658874602,-0.104316248808853,0.0915252960864339,-0.426811004523022,-0.400029480222118,0.0912039810718382,-0.407203292132485,-0.25499879174457,-0.22287719921135,-0.151388930738234,0.0553568593366368,0.115184992042527,-0.280217073886632,-0.0937406246225641,0.116698053690576,-0.129635136729086,-0.0214126073894565,0.467505812168922,0.620889669416193,0.758825562632966,-0.0561718414915857,0.044717447444116,-0.0411779342774373,-0.147123420082288,0.0647638111649578,-0.344612116194797,0.320817457727978,0.0190718694866003,-0.00722679543327025,-0.0444056128441547,-0.266422312322379,0.043725158880419,-0.165445530674831,-0.286347437649307,0.205758021746321,0.37005005835767,0.343633203030024,-0.102142598426262,0.446521290666397,0.0510049974326452,-0.0656340149537874,-0.158651917511593,0.238958897446972,0.0249160558417587,-0.0431651803273861,0.114551966632022,0.0492848703211246,0.554487463018245,0.0302156068244388,0.473503953614393,-0.162405939001254,-0.0957808745763758,-0.30155877813913,-0.0814395559340746,0.112585816802232,-0.0815097093833867,-0.010396700404795,-0.199934824659282,-0.211375030299831,-0.113699936727344,-0.229626765878868,-0.1791191455607,0.17800564800701,-0.251784545260692,-0.399198075824911,0.196053715797826,0.0396286313899696,-0.14512582646531,-0.10233293242614,-0.0313416124657543,-0.137606252418397,-0.138897960865875,-0.0576544086497127,0.246868564261641,0.177104760822433,0.152217525050797,-0.151666380850225,0.446570110705307,0.404491526241072,0.331852462670896,0.223537890540294,0.52491377788632,0.120662358504718,0.340843696190883,0.455581623521785,0.573185602331696,0.438003034849229,0.0278895508147624,0.161877746063939,-0.0981263560182546,0.00161474822033762,-0.302140581916814,-0.258937998317529,-0.0635178458050781,0.241216118589536,0.0925007061560823,-0.0720232360615394,-0.0784636182213057,-0.00939144937634842,0.0324308284409688,-0.205856972840059,-0.140698852332119,-0.00794737016506535,-0.109249395532336,0.106830159333035,0.0857357674180553,-0.0655673217375031,0.616911251925221,0.827043321800352,0.530816580513298,0.720868083274211,-0.14138303894986,-0.0635497666107185,-0.224914354539511,-0.125556174959959,0.0645965484823311,0.183969029286279,0.331037550235867,0.886166781897575,-0.0737287988974328,0.0974136872171801,-0.209985100200384,0.0809284000233836,-0.211516331434328,0.243115030021809,-0.0298038413963793,-0.0925071728668826,-0.213322739955339,-0.170035607652975,0.0248842189134538,-0.00670465031842189,-0.216491386045307,-0.234391139018458
0.00300824623139686,-0.155510825232697,-0.190931929558913,0.475520191919703,0.00875687044337472,0.0754009079982426,0.193099405173684,-0.206310434230667,0.0258648334574781,-0.204298920049469,0.0236842312783495,-0.115900622465021,-0.0697741927766705,0.0477352268429187,0.0998477672114755,-0.127642735242748,-0.13057569136022,-0.141674364636448,-0.0795341367161972,-0.068939077917813,-0.0836597052656505,0.023145543950362,0.500409913402003,0.457958007187975,0.1260731722091,0.348466676844699,0.060985182169018,0.135164002723455,0.495977789597367,-0.0269978973832899,-0.0434414605589905,0.416799404267625,0.17735583310569,-0.106518558472238,-0.0991431645254947,-0.00258505763297464,0.031041574099115,-0.122595835459959,0.0221636902978078,0.0627458029558234,0.123841916272404,-0.0426925714817989,0.189008391297898,0.193133270520826,-0.149088931349072,0.123019063858957,-0.0073482152056921,-0.0425804761679981,-0.228821911999694,-0.0584725603688276,0.285756255381285,0.179689288228923,-0.300008276273352,-0.200442700430902,-0.11967363233959,-0.0157216434405968,-0.239192686786217,-0.0639797869438835,0.101402018108052,-0.191439076069287,0.088803684279148,-0.00444620766613581,0.0396097774559749,0.127182053058778,-0.231139679107071,-0.299804898333256,-0.242934069347499,-0.225795192352213,-0.331846994624705,-0.103758135618482,-0.16381237450155,-0.211149038822545,-0.373037594672483,0.366541391646181,0.584269853777792,-0.25041796371943,-0.191575490895121,0.448777833463902,0.656795752620728,0.308903674870422,-0.179199048584027,-0.0564653190121603,0.100661358066143,0.148319993579259,0.397889071061915,0.465847118160503,-0.123182186041714,0.0719566645935586,-0.129199398718924,-0.154070766028352,-0.100786616951204,-0.112585531911839,-0.133581881683897,0.0979384644863581,0.112429868271823,0.191513663628004,0.214054952127935,0.264653706922713,-0.127269307878954,0.320770602348677,-0.297083576816701,-0.360066245412261,-0.336204983689306,-0.176841950331386,-0.235516774754294,0.109734070662932,0.557494498725083,0.30997111680721,0.381896831395971,0.0145209151471332,-0.254014336506543,0.304124371437635,0.258235651840136,0.0727481278065447,0.137566728586691,0.135620865539891,0.308876254077742,0.214464832343061,0.270605050188508,0.312543144065166,0.237172792537547,0.198365159060027,0.200029906101903,-0.11543711169597,0.154111527781962,0.2598394954009,-0.0610484699680889,-0.0712889474797219,-0.35056682572321,-0.0762147450879912,-0.156752056898043,-0.0222557280591214,0.0166431629904298,-0.148655256867901,-0.218847777252561,-0.0477858363320365,-0.123242457820864,-0.0201575479707828,-0.0336133093369678,0.238433012745341,0.092358466114854,0.0206615994574265,0.0750162977173436,0.0349192044761615,0.0748521610057372,0.140141728903772,0.47244328548566,0.043131889605737,0.20719810279064,0.201989203274083,0.0855780365615485,0.266470862457316,0.0638094252347744,0.32173156827583,0.021615318130601,0.248946067511246,0.387426476221202,NA,0.0361930268548662,0.0758264354616933,-0.208669651739276,-0.243057833010892,-0.192142953502861,-0.197567445614211,0.350702801060701,-0.129978395563127,0.0819617572085999,0.0908967568695373,-0.194198259177042,0.0512642992051604,-0.450176527325415,-0.290662638044285,-0.0411635205883901,-0.0560599663659145,0.0694170107070739,-0.17211295350456,-0.215208319846042,-0.30809577305939,0.134186295285238,-0.153663671974488,0.460629826979798,0.518419917915291,0.219303359651505,0.0739117165139722,-0.0960062895644566,0.106063406808902,-0.100470810458833,0.000497964559119391,-0.29460284286155,0.0942137496717515,0.0340887357965261,0.474410623363484,-0.190251311105346,0.0919750997124855,0.0243470857990137,0.0348823394701417,-0.189468974874968,0.010715325862882,0.139438503498576,0.24401739004463,0.00886558511912501,0.000775314469947461,0.153468855004264,0.235252141440706,0.0377474182577887,0.0272047508256901,-0.291264144596274,0.018381916533007,-0.129475679128176,0.0511828443704159,0.0410744976482894,-0.19657928426215,0.0320729250335193,-0.0388111772353217,-0.0895926783122715,0.0111002582706389,-0.0322407192894026,0.0651606917556816,-0.195808233516591,0.0388963348907392,-0.145758878879925,0.13942843900759,-0.320409269244153,-0.0569511603306488,0.0511831078565816,-0.0584777728317788,-0.238809694646338,-0.202655623533861,-0.130230820902953,-0.138847583401546,-0.222186547037252,0.00338413139034565,-0.226431510393404,0.189845280030259,-0.000866282154167517,0.204363922757664,0.199640439691568,-0.311882271677405,-0.20269915795044,0.145883765113072,0.306790202131628,0.210470321899613,0.106357930512544,-0.227505132024559,-0.124446779799276,-0.167041472251026,0.190560234964082,-0.19865323055086,-0.174449019380348,0.0576599680220459,-0.0486308060135995,-0.128850374264021,-0.0199928835955382,-0.202648984564295,-0.213400892774111,-0.055831372487235,-0.408220972553015,-0.0104283838368814,0.141750263988735,0.226961560234806,0.188051651869016,0.00925517591199657,0.30447739189196,-0.0546118905862378,-0.0822318370436573,-0.25290480432463,-0.278014626286313,-0.0869438500977798,-0.19350685497085,-0.203209139532436,-0.0271736197899706,-0.147775008016177,0.245632323984617,-0.0423499423173735,-0.0376804888946354,0.032146600072111,0.0615631038917013,-0.18147241581471,0.0573961329022447,0.196911293516583,0.0722625443254353,0.0700166581614285,0.218223448953481,0.19921822327635,-0.00311685545869353,0.0221320906553156,0.0772951371134928,0.10492158653085,0.000819919629448478,0.0189327790134492,0.0864308176574864,-0.150457614872367,-0.16024507831542,-0.197088825314338,-0.100946556141282,0.174120181633672,-0.347598930293619,-0.119584809577851,-0.110407084195155,-0.356415051437588,0.13232016382113,-0.127642158939478,-0.204396815777213,-0.0703112363746205,-0.141249788556847,-0.144103343218313,-0.0147143364502982,-0.222277891256394,-0.030108830292843,-0.086952026330031,-0.068132078088542,-0.0258597095002105,-0.0707518509314504,0.00987827650316247,-0.0770149380467418,-0.0510296843781713,0.221873774516646,-0.0563504506457975,-0.045908347809233,-0.0322844636897448,0.0346036163493296,0.0110937547347983,0.0712159827682269,0.0546458069182962,0.0671623409401735,0.235624225768561,0.163466663111975,0.339247856572112,0.139459541926921,0.0812062532184991,0.00422692362832071,-0.193615651660839,-0.30095628476771,0.00845946605749959,0.235432323469531,0.305096479995562,0.135658127069638,0.212448558168998,0.294417246013364,0.140099832937271,0.121195431974732,-0.0372889736354161,-0.237386727935718,0.146592885630094,-0.170695434960625,0.168783875052934,0.092210478161836,-0.210169603509285,0.152687978602743,0.240559939989731,0.102511335831297,0.100554883406903,0.0876731485866954,0.0231304617270011,-0.10828694041604,-0.209149884423197,-0.113435710699376,-0.120065260239535,0.0575726110956852,0.208993554693666,-0.230330821411435,0.0749305431386519,-0.150598544524156,-0.00627142957995916,0.132772181509355,0.200472402141102,0.214836282372868,0.0770924620140556,-0.129793930517014,-0.270749112372169,-0.0649453423165517,-0.103656707825157,-0.00838732971665882,-0.0397641624385801
0.0225630424536665,0.0645500442387469,-0.266316515216972,0.00895446663135382,0.28391583261751,0.295101425719028,0.0270500003730223,0.185905997476282,-0.0179204584201497,-0.073733372791221,0.154185550992324,0.00899774379832803,-0.0152779533250284,-0.160980940122457,0.166166464924157,-0.287701189044626,-0.0193988724472901,0.101209343061933,-0.119246255119817,-0.1359338736517,0.0468866919451907,0.0269361699242723,0.0272292285035779,0.0526158160112676,0.268518430783769,-0.0431214290937762,0.117615577452278,0.0861180746669933,0.0166992977626295,0.157724946951269,-0.137948407908039,-0.0689888857329009,-0.0796056193786494,-0.0657607216953497,0.102938518672619,0.0811465212189716,-0.104285463970238,0.00482222078582171,-0.015314122658594,-0.146489227894375,-0.0302320979136025,-0.0343739394044895,0.054510196378589,-0.0246915774607436,0.155547927165164,-0.314937636620164,-0.163360295774921,0.2229072486949,0.0301482492480129,-0.0739034947418977,0.0707888692419467,0.271042540576119,-0.192095031751171,-0.023624996101511,0.250600139678881,0.14124652374578,0.0618249898115337,0.206488919179879,0.03200098317088,0.0330337140049765,0.0971822984986716,0.512813207376328,0.141919635279208,0.0503509910845301,-0.0960881601086522,-0.0910565478878054,0.0101822080362345,-0.0267499718769542,-0.132728426849391,0.0179612046260387,0.135674175206215,0.22739248683388,0.216400355070027,-0.152486132554425,0.0465728368011777,0.118314724531807,-0.0126919952435159,0.0451089910088464,0.0497456879608382,0.268949687655784,0.140379562112455,0.113260507946992,0.447479414713508,0.338179000022606,-0.00920220712133101,-0.171987635146003,0.401472495681906,0.29382720299251,-0.00416282787086883,-0.0718611257482836,0.182231630827624,0.263328200267959,0.185467424830747,0.0534494118603924,0.0479278403549679,0.0532850940501649,0.333122949002818,0.343567159628527,0.270586156508239,0.313470238086211,-0.0766168400566744,0.00177051122822896,0.0917976758454224,-0.0658260518211031,-0.0917734850527002,0.0499114285515594,0.00306867216567504,0.0342941061858253,-0.0321139138764772,-0.0289389202167647,-0.0857950097439759,0.00823475057762969,0.0966075931836601,0.192579349162696,0.209464187776269,0.192967939704801,0.0844561424614283,0.143614394598508,-0.0725084486533024,-0.139968199303156,0.0344868597785254,0.160212870787452,0.157595668888457,0.03493727993461,-7.59108100278083e-05,0.382614431224661,0.264668169221859,0.130756114227542,0.419988957611708,0.280262857672373,0.184066260244297,0.283938136457214,-0.135248422838424,0.324591182686895,0.268185057419963,0.235602418441921,0.323533900877434,0.403980681823631,0.356101053043747,0.0816283407980451,0.223474887547385,0.0382550804802577,0.336148878578111,0.169333200627948,-0.0382700810179981,0.0381961672303532,0.258427485389447,-0.0439485717403517,0.0263811415750911,0.0663052043569972,-0.0275678817122589,0.116123203119618,0.226317485320203,-0.202644951378916,0.0332058605806818,-0.175719912065464,0.083066985578405,0.0361930268548662,NA,0.275904161260085,-0.036893839633808,0.0519596574748205,0.104278187581752,-0.256530900358676,0.0914582680118462,0.266492971804589,0.368687475694487,-0.10688982500735,0.340230182184683,0.163499183432557,-0.147563417344848,0.0100455453845189,0.121848608792718,0.0115299238732812,0.0887740662853067,-0.0373127898885223,0.0304841774225395,0.175666371887013,0.0611547044433205,-0.0130596920226487,-0.0263942668395042,0.189326805319573,0.188975535977726,0.195999358665354,-0.204069151725214,-0.127705344391697,0.228720779145131,0.13554302363549,0.262536658780582,0.0215851191404359,-0.133495523364892,0.00653467204261616,0.00079910132850967,0.176099788546281,0.0425118032410824,-0.0062972203674327,-0.025186143549214,0.0623934241520199,-0.0598945199725876,0.132100861858079,-0.0680394381276316,-0.217803875723453,-0.131123844848834,0.00749734694647889,-0.186606545742964,-0.227662029416041,0.181071103462983,0.143403685398839,0.210274304982661,0.0545904047762184,0.0980612391153795,-0.187297398534742,-0.0584069557940055,-0.0266188817837384,0.116463257632571,0.0586417226250395,-0.0192782614513562,-0.244848080743275,0.38673147008849,0.3232120454355,0.315881086823475,0.323286969348207,-0.0331974747326701,-0.0161579368415572,0.339707850251683,-0.011962540599101,-0.0402636051020826,0.26278981927258,0.416610058658983,0.129353699719604,0.330610107961192,0.209871110684228,0.0289961457887998,0.198915698078909,0.231159353255741,0.112048507526864,0.233565052837649,-0.265284473235123,0.0772073347794638,0.192167750325757,0.228462428388742,0.0997656137402776,0.338792098966739,-0.0631391773762211,0.0430046540417374,-0.0575426027409364,0.51664143283967,0.189601854290068,0.328894927407951,0.207362556061453,0.197701305702778,0.268078282162848,0.419360881073993,0.36966387186868,-0.282711897830268,0.251309129686141,0.315566313142579,0.387422227263851,0.0871421809309328,0.186036740353422,0.158438056068837,0.314460200947968,0.361337057537521,0.247807972409326,0.146257339395019,0.213156409086575,0.425455046174201,-0.257863146193892,-0.0109057797591851,-0.154998826803308,0.170585682172772,0.288239962865768,0.258987034185755,0.0241048194160399,0.265579324839621,0.313404231637725,0.113376535265425,0.0613201064916242,-0.0629327610598458,0.266061454467181,0.0365786057318416,-0.0195031735585613,0.235967208233255,-0.00274423318410654,0.0853873985409914,0.289191404564264,0.066535816515048,0.0368866052480297,0.114965727686981,0.258587043891227,0.255346298512915,0.499238905483175,0.233266374758642,-0.0213697908978255,0.0681660967582073,0.194101843799539,-0.182641272347866,0.314265724076113,0.458103336294548,-0.152850167809775,0.315469870737724,-0.119161769506513,-0.0643954507896351,0.202966266973366,-0.135774856488249,0.283399639838617,0.38096698163468,0.342383275933575,0.235374136177763,0.126469173056746,-0.0649878347849783,-0.16028225759086,-0.0213184110423328,-0.0271329242086948,0.0688325409054232,0.0663128085648839,0.12522113140512,0.240540854263857,0.0878694334498645,-0.103216271963733,0.257979742108891,0.121203615781876,0.0457296613565465,0.318048854118654,-0.0567563282677959,0.216501188267214,0.332416701392294,0.187369082334653,-0.00522127835346372,0.293640325109468,0.350604102237812,0.370311249870201,0.153253043077437,-0.00361261522225537,-0.0606356813950134,0.0744970991128712,-0.0154913549043794,-0.296985360666547,-0.2719591982616,-0.127080587249202,-0.0898923937846274,0.193334229592974,0.0379469613999814,-0.348572669887531,-0.0109648266602548,0.0152744835309174,0.081302091984532,0.0749000401019449,0.253183068671359,0.00876429669560887,0.102788494417182,-0.0681314688758023,0.0752677079544616,0.14682284123527,0.172028056688229,0.220848528917594,0.335355268855935,0.152899802505182,0.0621375304619911,0.0322550793544035,-0.0498918941761668,0.123546049196899,0.353657689437359,0.0282095753694979,0.0608284127036426,-0.113897228245199,-0.0853273600127416,-0.0226829280996417,-0.0160791043084206,-0.0644958212185324,0.136739649740237,-0.158542761370228,-0.250818871925028,-0.0788995406857867
-0.201378576011787,0.272717832918607,0.332949440755222,0.119631723940295,-0.0205051628914208,0.265644355904895,0.0370018334408675,0.418721321456037,0.127545090441063,0.32125545423607,0.172818194867433,-0.176716687993627,0.12400757871995,0.116258614504446,0.0312284120954773,0.103582042116596,0.273338446017767,-0.268324941635965,0.0311803809125923,0.181730987122484,0.400130256701139,0.540359974544581,0.412258077816877,0.0167824284829121,0.244560687288671,-0.136771775968487,0.463636101002055,0.288173061108247,-0.130663234075387,0.470340913877734,0.299522579965761,0.352902952682205,0.299113831640755,0.639892945676372,0.391996053753041,0.378316694786787,0.497349315319729,0.442049113351598,0.368360826231981,0.159589324552013,0.465577395833653,0.213384217048886,0.449198425247734,0.154447053254257,0.201445274011034,0.229927652600393,0.300627486194242,0.188613627964255,0.659818154029034,0.370280901058702,0.102251834034035,0.244547226605536,0.154526338828648,0.356915442770804,0.422374991408284,0.369887385372666,0.430628173161044,0.557824799765758,0.147957667831956,0.312141230312818,0.0804086633700124,0.205198912021988,0.607499105996771,0.490970285481145,0.0725106712765262,0.699482543069729,0.357066614259061,0.669931614482206,0.24606667084047,0.155861156153522,0.366147596751576,0.188935339915747,0.301299528812697,0.0828273520784202,0.0842690347713746,0.364387293376273,0.500741433194774,0.327530902825965,0.0616674957661254,0.108509967849354,0.554359961536762,0.518361121491457,0.266463035559981,0.241375577382874,-0.0840021061585003,0.0179728899670396,0.104650531652326,0.0157619152964432,-0.321572824385039,0.25993068068461,0.259648957841448,0.0393329930043194,0.0963938559178004,0.0440647885032491,-0.0771319085545684,-0.0415575986525767,-0.199837762563958,-0.106562339895458,0.14522785726233,0.208820265068758,0.453246985345607,0.146943896190679,0.769909732878199,0.54013788620089,0.571854225125388,0.389713215879658,0.0979986527625683,0.190892222745051,0.0453959488431738,0.19274093095423,0.588953166611666,0.547771124148224,0.157219881232501,0.101250605784629,0.0365699098731655,-0.195712256099336,0.060993582952291,0.0313705515166061,-0.0597663396443814,-0.010397531961965,-0.0661372791362434,0.050474157809259,0.256137519529348,0.0164305757399839,-0.0965508347622338,0.27149127029052,0.357695714381088,0.163097736280621,0.206158344216768,-0.0167421136965537,0.33304715016784,0.347989721308508,-0.0550432319561553,0.269471837083217,0.121464166330476,0.190838658032598,0.350746663817715,0.252135977236426,0.142570215807002,-0.170274866487953,-0.0475264438239661,-0.00631674923922288,0.0248362894193879,-0.147369124260474,0.195709110515564,0.116774503361446,0.333152746292819,0.0901522996725281,0.253401374360665,0.0507016611985635,-0.0259344299392896,-0.0822630455068816,0.498525524942336,-0.177069817985404,0.396277534228228,-0.100545779269155,0.135193038518024,0.0758264354616933,0.275904161260085,NA,0.439237552582844,-0.273009698953897,0.278294988623503,0.366145708602943,-0.0339460009457641,0.172203112465376,0.0534734850785994,0.279117203459426,0.279917841614673,-0.0189207987677979,0.119904937411745,-0.117207664919107,-0.247426517039059,-0.165131045358798,0.23802422155836,0.223508775627734,0.384447989365328,-0.169523776001831,-0.0482958385958621,0.475280839702545,0.263970718048882,0.0269675910662571,-0.0508429986403283,-0.243562007124169,0.200282523139797,-0.152225597434208,0.346371149102278,0.452421912630948,0.276617199811488,0.355810992351211,0.167560893242167,0.114797280226277,0.226725515524173,0.234352946026508,0.277508995565343,0.471150097253542,0.599467193055119,0.211928179918517,-0.0604233049435283,-0.132340468113587,0.403332078938612,0.559912602276628,0.130982634218787,0.169574094248187,0.219579008350108,0.208412652388269,0.432781352684383,-0.14413042338789,0.421579477885313,0.364229459250657,0.0565844729390491,0.00329305333875887,0.167624654490073,0.301791401439617,0.25224630177364,0.384011875111156,0.396690327059424,0.0192112654277555,0.322531573456414,-0.0752222702861741,-0.0661662340268239,-0.0852962666423147,0.712749163713471,-0.0693402582390443,0.425206175187961,0.181369020317745,0.624312953487476,0.320874783570163,0.0634425138226921,0.882286493710675,0.1444332877315,0.142862815075537,0.522904125338398,0.681248798717619,0.334748858041482,0.0751532537191818,0.1019214590851,0.372457860800568,0.156464795330269,0.214803374695949,-0.0137714023872335,0.0587635707063207,-0.214886553720347,0.198669673466275,0.55608520755301,0.569533404884605,-0.0406057759706518,0.316012902103129,0.196811395698293,0.234453651748389,0.25275716951871,0.186946987731363,-0.0161702222961107,0.0420669738257838,0.437899248725486,0.264457491390979,-0.0889191120826914,0.223766220578917,-0.123374843803352,-0.0135340458152063,0.0516792142425693,0.160122461592908,-0.210826848944326,0.264861280108311,0.077825455646619,0.312554265142029,0.240946790351444,0.553384223801267,0.592005976039841,0.299659024963509,0.325535795276435,0.341666414698592,0.0317590743129321,0.628002755681224,0.32161765682537,-0.103025427624217,0.171968062756052,-0.0741669743487447,-0.232869375110903,-0.108424892634366,-0.190669696773037,0.228968624919696,-0.0625130705003608,0.227677353769972,-0.164333370810619,0.0622082995656991,-0.143080684106503,-0.136263653780754,0.120286292285543,0.067757126745568,0.262915469454958,0.259392347028392,0.3067941878091,-0.0486856708550127,-0.104543073523201,-0.206898228730947,0.283027041599527,0.281253866293853,0.296109222543497,0.227768718618804,0.281369933124101,0.12634535070924,0.279643779491636,0.176363499455739,0.0183121991619128,0.118890128413684,0.278069077625731,0.310819433633133,-0.108987814400071,0.0771082297606821,-0.192637882023668,-0.002053209748327,-0.331510075447743,0.205294863100571,-0.297975266749942,-0.0799993315175446,0.23258279656976,0.22622792439171,-0.192439371508468,-0.0350828731564903,0.0413309018843236,-0.159917705437841,-0.0668028111782613,0.0515121371298183,-0.108894200516071,-0.0374758156782327,-0.0177776184426507,-0.109511439136108,0.176268489912921,1.05736210666838,-0.012428704740858,0.102679159776666,0.117463786922694,-0.118686875749556,0.100558225208071,0.165145975327118,0.117262711307551,0.0666396577933659,0.0462935108807238,0.0463210656761552,0.334304059824663,-0.00297662190761842,-0.0824879212172459,-0.209257994893829,0.10896068563681,0.184279352400497,0.0147588210386594,0.0746648915596247,0.228869928372168,0.212499923947022,0.0302999607276911,0.0352223706823794,-0.0172381345345583,-0.0332409898195726,0.2530205121005,0.291712696317749,0.406814292746882,0.622833990480018,-0.140397693779642,0.102722638716514,0.430908321955683,0.396848912638267,0.0555900073141355,0.00155670612004113,-0.143087023021103,0.0776476171236129,-0.0322231534968149,-0.0636258540098429,0.178608711244216,0.408104939868825,0.450126260026519,0.320610020053079,-0.15126305732348,0.0304798570742582
0.213485593846492,0.330270617289314,0.27752819439907,0.0223942415137838,0.159974688719783,0.151032236614639,0.120190789542736,0.400778621787115,-0.0595569512831332,0.562295799096963,0.0392729291348128,0.079652160329068,0.346314929363563,0.194126746618237,-0.0135374825203377,0.184099940002029,0.204955883942471,0.113832713582475,0.276086035203418,0.265716549975691,0.290178779161842,0.244938806288634,-0.0145748309663386,-0.00137093517447525,0.19238037907158,-0.0341610844176114,0.196116442882097,0.100460918397359,0.143278821581247,0.150418824214375,0.384632024055956,0.207400546925873,0.165918373670358,0.380808034706102,0.135103051022871,0.298812831354273,0.236895267764552,0.417437569309557,0.3244682833646,0.260560015624438,0.121092472878125,-0.00758085471490383,-0.0683693987951849,0.176539661138211,0.348525266665427,0.071498078125603,0.528206010663596,0.290395683147112,0.18522484364934,0.314015057834859,-0.208600581409192,-0.0492583503910704,0.222789945314438,0.427093373038825,0.167345942964144,0.32412937905368,0.395948251861865,0.262914944246317,0.132030760239732,0.193029463805342,0.422816706725101,0.127557655025833,0.031679149541587,0.0190158440342353,0.375864631417409,0.662165004033837,0.374006032188505,0.419297696655402,0.393227224198983,0.175753160662117,0.361530417987982,0.120835030593625,0.332638913289308,0.081679020732295,-0.0657111222328223,0.221599121251217,0.284937744771054,0.0711096121227824,-0.20501023954743,0.0459736390912953,0.402581812009311,0.0723603081549442,0.0680592374338837,-0.133709596122025,-0.0378334023324974,-0.00719118917326311,0.0233463338626839,0.0963743066962045,0.0628990082419974,0.352681538740294,-0.0647555602169896,-0.0615596027925974,0.187010169006619,0.053578189018674,0.0962999262855276,-0.150813886194401,-0.0895383004824472,-0.107913865077468,0.247176081856505,0.0491472857630582,0.440275008434402,0.0944429777417374,0.339423358901478,0.305487133354032,0.210365836363679,-0.00735502746751688,-0.0963145349027435,0.0181046704081391,-0.018218980628392,0.0648212962084828,0.345416242736992,0.00429509221185903,-0.0419688694745941,0.0835436822475341,0.144835135066189,0.128024223535955,0.223683541573318,0.135236563936775,0.142932826032771,0.132474503976607,-0.064444315036009,-0.0499860475621236,-0.0160874557103099,0.302354811683019,0.164127805403685,0.0879712461071206,0.189663556040412,0.094538568899415,0.0339957992677885,0.0892954003179942,0.396243284987048,0.143380708475896,-0.294164385235876,0.0675815004528,0.149325588978087,0.353801955226914,0.391943924318396,0.159477408005842,0.26924456591019,-0.265191914630705,-0.0187062406479444,-0.102392524222034,0.101590639264174,0.13839191211249,0.239030608448408,0.0872596690853003,-0.00408377346162002,-0.069440588747802,0.255948211175979,0.129785431473082,-0.0577765487636721,0.207691502294033,0.247743425514126,-0.107672304494431,0.137636449604072,0.0554761565571351,-0.0657685241903173,-0.208669651739276,-0.036893839633808,0.439237552582844,NA,0.220760118454703,0.197888528425005,0.179361527481396,0.119009717151269,0.278615713512012,-0.0774737994121318,0.177636980729747,0.204020984794201,-0.0758231987353971,0.206072603362115,-0.0782963581845856,-0.018210064284492,0.298462612393587,0.119093210649064,0.260483978145818,0.185728279939714,0.117026129041993,-0.0821405027373318,0.172375461361268,-0.0816801249608478,0.126694607225482,0.0754800577073399,0.257707769627841,0.139223408886478,0.103754010795052,0.0342204676831743,0.142871543726902,0.218596036715295,0.248700130692428,0.1103157018536,-0.196056046703472,0.14966032838418,0.370151236602041,0.357535045423896,-0.00771544100735967,0.404851929512275,0.162720834517468,-0.0150198050171942,-0.0756309326069241,0.566310049256165,0.30250469663853,0.185372847963183,-0.0308130092493499,0.349322706241099,0.315602396994336,0.258875552418586,-0.214807282153998,0.228159463091573,0.0993888206912286,0.095669283284028,0.134767721725542,0.389940693246799,0.405935889510451,0.313061940666222,0.339054429479219,0.274812177256736,0.185076476540347,0.0923546927801137,0.0817395852193959,-0.0351351704652489,0.0197013854676546,0.295054526773516,0.22553170862846,0.411408122242214,0.810411336799502,0.825102917579728,0.265442464378191,-0.0396837449544432,0.388204298002792,0.238521523059353,0.322749458316811,0.555886691844126,0.280280847402439,0.0697614518677503,-0.117089440263699,0.168581794848536,0.364806687004219,0.0558240073961241,0.072493268510446,-0.0847187501500628,0.128918643270278,-0.316913963275849,0.260700081639714,0.182566635715603,0.3769338430015,-0.26136300609412,0.0602543014915175,0.132624649620904,0.0227306346829508,0.103586409408055,0.0993899825782531,0.0936008668304624,0.0741019443840456,0.495165286650275,0.400135639447524,0.000273704193132314,0.227020989647755,-0.00118306602324893,-0.18811828520767,-0.045555480370422,-0.141524782446793,-0.292752235200766,0.338089993126366,0.183403442236708,0.267848359920047,0.308436192292027,0.271178448006382,0.205762893678323,0.282121152185617,0.0258675347314812,0.170808504701448,0.0330458204835081,0.119216334681716,0.00225968828594464,0.0224348893274734,-0.0280355307375928,0.17685010509509,0.228799608240135,-0.0549766739818605,0.238864170429784,-0.031716707056224,-0.0317812646439239,0.165090175981656,-0.239247136650525,0.0732829771068703,0.217788980003406,0.304074339764999,0.143724947730093,0.120819043916589,0.00794742036550921,-0.0584572025486124,0.106150678148087,0.22819270705378,-0.139685914733873,-0.256445182568049,0.303331766231176,0.242531281925644,0.138592522063919,0.0770810903268823,-0.0347360754037946,-0.017580165715956,0.0687565682333058,0.115147000696146,-0.223209272162934,0.129262255678499,0.348651161913988,0.259617355232869,-0.234926440538038,0.233229858797501,0.173866809111752,-0.0976342142504595,0.0549573606751746,0.239884246633957,0.139522418199212,0.296288155329122,0.162271488941811,0.0362048683907311,-0.0237102655846597,-0.00494786316084368,0.20568024244073,0.16594509219026,0.28108650198579,0.0490838927052931,0.216101246889304,0.0601715887899445,-0.0420244860210687,-0.115533457683117,0.118813191748977,0.399023442393363,0.0202638327541672,0.331450673332741,0.0528997802652377,-0.205988410176848,-0.155591109201166,-0.104964335862176,-0.245818562286464,-0.0428422882301062,-0.109104694537804,-0.123362026072205,0.0248912886569544,-0.108988036746555,0.136009957703092,-0.266870458919522,0.0439114239281336,0.0620704874805247,-0.304245458732024,0.0149127143037207,-0.139084883220471,-0.101577399006567,-0.135671610048284,-0.0556016179373961,-0.179652464642478,-0.0433355285920072,0.385764572289913,0.166531804887175,0.140276680501133,0.0704322715011734,-0.233726030190911,-0.168561244886776,0.256249194243321,-0.175174449400035,0.112111116207821,0.114646500209117,-0.0514927389628075,0.145140551839618,-0.0250360834677391,0.0839728540895389,0.211473319714904,0.166301468181888,0.0430474534885573,0.0487130503676336,-0.0665149346858295,0.0022014804755789
1.07277217270344,-0.0617194136506944,-0.0527680732130264,-0.146800318437045,-0.130915465850154,0.286415014675503,-0.0636622470718762,-0.106675323188321,0.123730586276577,-0.0507845464041049,-0.106128207160322,0.33862223347313,0.0976230131785563,0.0207609313850901,-0.350202418882853,-0.146240457697218,-0.300869793608737,0.330623405257171,0.00587983831128295,-0.0104775141341858,-0.137042289306994,-0.424481857497084,-0.497056914244684,-0.167478860148155,0.0202852875744625,0.238323069787929,-0.408273229613128,-0.26117279208209,0.0578830997352164,-0.311071502558256,-0.0570187377409509,-0.146534483192683,-0.0233418896979394,-0.407067516854995,-0.0561112378246388,-0.127772182292471,-0.269986934536919,0.0212377782258071,-0.2086559989411,-0.417206359285244,-0.431522835551341,-0.207638462042414,-0.335571055995433,0.228044258546922,0.0111929987843359,-0.115546496813476,-0.075339952117239,-0.236178711787354,-0.390409292446344,-0.0924632974374017,-0.370448766606778,-0.229010277425843,0.316138496259805,-0.192304998760013,-0.0686330542655563,-0.11387439197601,0.0571854077060223,-0.143659842143022,-0.00104286104849089,-0.369408272777161,0.24368748711461,0.358510873983926,-0.523679561368699,-0.773248932999125,0.167071597257925,0.0371125647572073,0.115279962149527,0.0017136985023728,-0.135125467535379,0.154087986098661,0.206491579457495,-0.106086490640508,0.0385691505230121,-0.313035988335119,-0.0996422785735119,-0.207050831643269,-0.0301716166952551,-0.425486021486738,-0.303890489754549,-0.232924272815094,-0.383951853366515,-0.632448763355284,-0.25270782600946,-0.522259895172259,0.0517344332168839,0.0899136738310874,-0.118688774848788,-0.0131838654032068,0.496756751394623,-0.12265524735728,-0.108637227790199,0.175354252945157,0.135842683601338,0.501562423082922,0.690586098525094,0.167607148181153,-0.0813566054397537,-0.111048339482484,0.0629780408693167,-0.0978611969533126,0.0888265563746913,-0.00633114353448535,-0.314163485571323,-0.464923303810293,-0.38869642729511,-0.737634219324817,-0.160823788173602,-0.159410833768415,-0.129297498018341,-0.23667668629541,-0.453445464305441,-0.912853638838443,-0.10541174990029,0.518566439315587,0.140145148016405,0.407644829208658,0.228066143759713,0.0240926438735363,0.117521800642229,-0.0582460316825073,-0.0867125866364076,-0.0303937275749172,-0.198415639084158,0.513073340792937,0.38546251143301,-0.00108870740032913,0.430211519029363,0.330333462500039,0.30440551027526,0.457059600017915,0.0920046721037798,-0.141156013057854,0.206882913561087,-0.0615127065722109,0.134414471907896,0.194940517016723,-0.149826793122229,-0.262546329042066,0.133655760623894,-0.177705827412738,-0.0253906627541357,0.189773688221963,0.313328991848429,0.458443947587139,0.260738037938186,0.244107848120877,-0.0859703764472607,0.299737969872613,0.143284635889378,0.305857428517563,0.401873723536379,0.183780503031772,-0.116598020891068,0.271488835961765,-0.24016166963095,0.144427289260454,0.0136058184314109,-0.243057833010891,0.0519596574748205,-0.273009698953897,0.220760118454703,NA,-0.126104498633653,0.0785237508017322,0.269259888832479,-0.0676643256281555,-0.151685196828704,-0.361632686596562,-0.0198212100270108,0.331051802324271,-0.00761982378929712,-0.0321906449345261,0.528800069867672,0.683417391469693,-0.398125831313735,-0.115485890585172,-0.0428136207119829,0.207169480500189,0.0170455993056684,-0.200679108691508,-0.319650309725624,-0.0443872436601389,-0.105348049629508,0.436409554516491,-0.340852653622382,0.488512586062802,-0.432482911811638,-0.296870619780965,0.282098099952401,-0.177598087876908,-0.036088277262145,-0.301243834988469,0.093578505106363,-0.016017266463138,0.138180097886426,-0.604335258033539,-0.0905044479107121,-0.26284585794051,0.237203582981593,0.394570612189648,0.167213583207108,-0.182913640063575,-0.260384748204878,-0.200131713012973,-0.0181867262756991,-0.134562828042237,-0.272140314770875,0.202998888290669,0.0208277391298544,-0.32597910011823,-0.071720700499855,0.444988804247498,0.21718712750895,0.125202594853054,-0.170902768617517,0.0512404278069212,-0.0537944879286644,0.17299940352239,-0.343128298409813,0.71814288566647,0.380232236954827,0.370735538795892,-0.305043001020058,0.0273544523662616,0.385942673875017,0.196397796330812,0.185981374600429,0.0431000446622444,0.20810441596873,-0.188758917270633,0.387504643185435,0.272129334339351,0.0332934206927238,-0.133398847736984,-0.313876940544291,-0.261246072988523,0.060673245498949,-0.0643428002033772,-0.173024584207378,-0.158433546983298,-0.006236405958721,-0.0619426753504221,-0.095221888806617,0.234818972679643,-0.653262226262869,-0.364727043065386,-0.142968074187109,-0.421112008685758,-0.201274033958644,-0.478967747143356,-0.264368032195104,-0.00964080480909441,0.318628565222367,0.0598965700152799,-0.0838491172808951,-0.105663902610816,0.27702937879486,0.12010235447216,0.632477343898727,0.00103957715548216,0.152639719072137,-0.25455087050048,-0.0926091160324593,0.106442277310784,-0.0489011801508861,0.276833305800788,0.274171057190422,-0.0706618746602981,-0.194377598623457,0.0844532615570953,-0.773790203898581,-0.179878650508931,-0.133337398646705,-0.64721579568811,-0.658708033731952,0.569665673763622,-0.128745031417295,0.688390196925421,0.440358944010259,-0.0446313760634755,0.438417261985937,-0.431807493888438,-0.191622869738373,-0.278102230181343,-0.0324355246057829,0.093075023823135,0.326220412136112,0.433102559941949,0.41175084163412,0.512762645756717,0.223359436973736,0.365716051620367,-0.108017320306698,0.47992774558927,0.327265261965824,0.203945119151043,0.0145613198613805,0.0750182279258839,-0.0257883000145695,0.170999938722266,-0.505136417977359,0.149040758667617,-0.110291438495146,0.01214860758234,-0.338126144421377,-0.0569159371313148,-0.132327049550783,-0.174619376128331,-0.100106943009879,0.0996822603672336,0.639764514534842,0.0431635246969738,0.291587048286586,-0.00873133115598238,1.01639607386397,0.59237425899207,-0.0917914530848949,-0.228106246998764,0.664590922425906,-0.0961571011753955,0.541172318802897,0.718989138596452,0.727905020922976,0.277642821340433,0.530014440304746,0.222772906006628,0.270126532429232,0.0880058839352309,0.0036726044625968,-0.340043895995292,0.452090695315604,0.241336941393459,0.0515667751318089,-0.385581617464307,-0.554414303449901,-0.329058525756774,-0.257234851607594,-0.285020161088581,-0.252712206669096,-0.213719719987406,-0.158370263843008,0.243543325043031,0.476452911834571,0.0137599282281307,-0.0750145621058112,-0.41294699342549,-0.438618551807432,0.087531903567262,0.167817422137909,0.128768994177946,0.255288896475118,0.22763982896617,-0.0973314535951333,0.13301219990273,0.176936552143384,-0.0123652731040996,-0.14319898091538,-0.258978370027863,0.293472346161251,0.0429119732268575,-0.0728054044024783,-0.228387244975133,0.415310934179068,0.242678981063105,-0.142479309769382,-0.13136321128576,-0.0445677072373932,0.136641951982157,-0.0598988595467333,-0.130463728858168,-0.388404441055978,-0.426861844690682,0.0177686476260287,-0.12396069469701
-0.0945755943207445,1.06325746478164,0.619147418611674,-0.126153446653497,0.36396506614536,-0.183964445154986,-0.0693237135326622,0.760657510873471,-0.140292691261807,0.274456251381898,-0.0183676872135866,0.0514078873949249,0.44326091450503,0.256821600624781,-0.302329354507667,0.260390590847321,0.404324151061632,-0.0890244414753487,-0.251705901284902,0.538472620866522,0.814788592074227,0.394738075669847,0.129470497737399,-0.279986496308325,-0.0382445464638158,-0.375709199791902,0.227021238977112,-0.0697395295075672,-0.257632023220349,0.504770275736748,0.608089169222413,0.558571534087213,0.273469397302886,0.482155487687823,0.63025270875036,0.734041781381468,0.591449193811198,0.72114676079396,0.357990921436198,0.0550265662448259,0.571448670055257,0.140199648551117,-0.208313218304569,-0.194611325013329,0.390753471326066,0.289097714147369,0.405530957844321,0.381799071758556,0.490819897257868,0.849407578548159,0.0548585228806284,-0.104768090021869,0.382846018043211,0.450751351099194,0.532729998561216,0.692862339551859,0.922868358829898,0.725280891752216,0.0661324651405431,-0.045451053094243,0.144681267145905,-0.0478381017755928,-0.0264524548829413,-0.104446550201135,0.408512039223134,0.247597163715834,0.336493773093286,0.41321297702992,0.391716176680742,0.324590486942301,-0.05510652628625,-0.190691932702893,0.0345101142755744,-0.207785459613409,-0.216820419284609,0.141645902848233,0.572093607482123,-0.212799125368609,-0.31559131646037,-0.21192684733307,0.241303446308766,-0.0397088589391533,-0.0483142680420478,-0.272638520917755,-0.466604604474057,-0.402092710399416,0.858600071391442,0.404684527205254,0.255211573465617,0.891922845719237,0.282422277458183,0.191258706551858,0.569661894625059,-0.347361570358757,-0.251116090492077,-0.16166569134617,-0.00145413425821524,-0.193501458225089,0.682546845795066,-0.0153638500584128,0.206099474344685,0.0201307201167259,0.51841903524681,0.418766637768662,0.385007964323148,0.105864819418801,-0.147273663253605,0.106791193682086,-0.00866854033360991,-0.0227214158593849,0.272747907035237,0.0685928574758559,-0.110097407226742,0.163757979678926,-0.200354514515369,-0.324847601318709,-0.169428553416327,-0.381362131443255,-0.250565128750373,-0.184396980585846,-0.295054623371607,-0.208201071889234,-0.0377962361795762,-0.150976927149964,-0.0208505263069955,-0.0454405516785448,0.0393850186228748,0.239254045253881,-0.0905169430147711,0.161794206643736,0.649153866848567,0.487366067270853,-0.128766168980264,0.236007593637932,-0.0672539126964623,0.394894237653232,0.604734760403148,0.148819972256118,0.332352960742885,-0.731863002699299,-0.352057562077097,-0.0207722161825772,0.104872254388118,0.0110655660249225,-0.0940238103433327,-0.101961032535427,-0.187953122098433,-0.0898290417362298,0.0953494640785038,-0.172589881331824,-0.291423236227622,-0.327546834584506,0.21681961142264,-0.259123815893998,0.181450785993634,-0.404714966099235,-0.24361800984049,-0.192142953502861,0.104278187581752,0.278294988623503,0.197888528425005,-0.126104498633653,NA,0.297690081496042,-0.293370831954907,0.759686135993556,-0.331214288254185,-0.227303566277873,0.489244307220461,-0.339794645135507,0.293470798362819,-0.20736216561369,-0.0969213168767018,0.0711601040444677,0.128248990237964,0.507739424483087,0.787030437343422,0.107509496179259,-0.237006220646953,0.675700457477321,0.0900097882662431,-0.338538430723066,-0.524405660500467,-0.314308514329058,0.494112833842648,-0.179256122321055,0.116941922060069,0.294831056606622,0.532315270659425,0.743588903370471,0.356066263294976,-0.0673982353817173,0.585276893860928,0.218676995105814,0.347801775180041,0.52256081602962,0.770727943556094,0.540008033884921,-0.419133471445286,-0.43426958805198,0.511020502952096,0.260791380762129,0.621303703757439,0.245124503092895,0.294336384101654,0.166338840735345,0.16529190723186,-0.233625829537608,0.804871202449084,0.804286886666396,0.327261010211568,0.328810026229538,0.537331460709271,0.561879701902643,0.376532470074646,0.706359641285276,0.75891460487529,0.318121085909677,-0.0439760874013802,-0.41700827917025,-0.110962236907344,-0.445725258058119,0.729407583139414,0.183013214557635,0.0225290833527627,0.10699369487138,0.327079350625186,0.342252653866647,-0.0403333182795286,0.447535888790151,-0.0392882553222125,0.190953680260107,0.459260124780578,0.168968795109252,0.0961261609750681,-0.372163904914379,-0.294219405660861,0.325692117503449,0.738736713441286,-0.267114302122504,-0.323582463395481,-0.627171855923765,-0.176551525198685,0.317687533885116,0.157720561012675,0.354531968677628,-0.31487626318321,-0.0314023847772675,-0.0792998771549008,-0.195893508351433,0.861045991042396,0.782414121191853,0.203345674087429,0.593659348204707,0.844193133468493,0.68761720509778,0.211581124004238,0.373824311876138,-0.292100882154464,-0.443180632036725,-0.278957602137945,0.0247477735985934,-0.165315461312601,0.835123729196015,0.508951879109236,0.071045072911967,0.31987506547607,0.231171642268875,0.386805632022792,0.532786601995737,0.0249616929792571,0.17911812024575,-0.316328793948548,0.0893786994640036,0.0149248621582007,-0.347743082953368,-0.329206709439321,-0.302360979273068,-0.331330974391358,-0.373788738156988,-0.236252342284651,0.159922738671034,-0.333856463691271,-0.265228840381977,-0.139975158646671,-0.0351673883465063,-0.320868417885535,-0.0787161752574781,-0.429059121174674,0.0163502093046805,0.0466228252038346,0.077694793424475,0.378895264858098,0.163484319313938,0.242909539054977,-0.189549303257629,0.070072647255777,0.576633843085592,0.483189709261287,0.0131930987080615,-0.0725418794340175,0.156841369169866,0.0605950846286444,-0.0363742873266676,-0.158683780474961,-0.0114807470928407,0.419232411824357,0.404702823304998,0.242840778310671,0.523270351886647,0.193954040030367,0.171543697007397,-0.0440511651959785,0.190280090764429,-0.346848889370587,-0.130441824851243,0.061347638111112,0.0118625249325029,-0.378592869137349,-0.234200559201002,-0.379369596454314,-0.288273794039614,-0.281704569808741,-0.133466751200132,-0.321830110120859,-0.441360691910656,-0.498504171235223,-0.768042797050047,0.288882994972939,0.284249579113266,-0.132571452834957,-0.062067971308153,0.0335225060367179,-0.127698252901402,-0.023911814393121,-0.465672321424159,-0.288889220930437,-0.306170898783442,-0.258794222798164,-0.297236681757592,-0.347608867106576,0.258453765401484,0.075696779282819,-0.0181554719816582,0.0506308582127576,-0.204799643387063,-0.438423719072402,-0.0451910659754889,-0.239364337868028,-0.240403322656577,-0.375144415936882,-0.317565041678814,-0.246044181487339,-0.159354578924377,0.393000897730384,0.497916291827059,0.316847689234769,0.422671051179351,-0.297642629319462,-0.386662191867921,0.597412482148677,0.318577442889901,-0.0705021654040221,-0.206898919718703,-0.206929275244169,-0.10687727747814,-0.346452996686026,-0.247585855458527,0.411086931543844,0.340673925733771,0.374245384733271,0.31293543792758,-0.323079800595349,0.0951231124990848
0.0654148775361003,0.258294959090147,0.883361192092031,-0.14682438131889,-0.101559025993452,0.186866279145426,0.116353047561638,0.496635633316409,0.385131032581842,0.234988662259638,-0.0185782136672744,-0.078483284999548,0.149693263504511,0.20246338112161,-0.224643799016363,0.295232701333315,0.274449082823834,-0.158402501589663,-0.00671074300328873,0.390159542931246,0.303161164881287,0.271005536921016,0.0978569426609121,-0.141431045587692,-0.00481268472716443,-0.145250468327124,-0.0877732696489152,-0.127474189658775,-0.359587983769144,0.234043949277709,0.222381635558185,0.184131945840071,0.187977792611949,0.267971199512656,0.219572174221115,0.202169310339132,0.150608109788122,0.230014144059948,0.0148551118941707,-0.0825549174833188,0.205948762233803,0.430616086856602,0.341547408111587,0.0820406196887984,0.0979570542507335,0.502623628324932,0.264187890891845,-0.122332486913519,0.502512557723205,0.293699000009247,0.173015078782013,-0.0120874756410599,1.01123679545825,0.0290452096353261,0.229640678440825,0.147156536980809,0.475633385780121,0.180698650876951,0.0764210162868941,0.0179624198154549,0.160306497817359,0.108333242698317,0.135974819734269,-0.00209105678217752,0.34517051235882,0.538727217381119,0.247495360406573,0.578591459525778,0.257776114032074,0.331295690128779,0.167916510632178,-0.0352555491359875,0.290509532489725,-0.177031119110384,-0.0249446300349955,0.0399802593401879,0.627867151291247,0.101023455419501,-0.127712814030447,-0.327846231806073,0.114733838089565,0.123118939233476,-0.219240971059033,-0.333377364430122,-0.232785961343569,0.0117483740368313,0.0965763064068476,0.117293904887251,0.0636732445265855,0.456720152272311,0.3283426208949,0.208629325892208,0.234063995323719,0.158439257205864,0.178998757127475,0.281672683084484,-0.36729478337044,-0.313372287126797,0.307524285959455,-0.0124612879260716,0.645174893282251,0.466218184702889,0.404088748528868,0.415166957737938,0.276230560929022,0.166873308081407,-0.0408826678474007,0.148417349017121,0.0676758273870819,0.12499509008252,0.277859629260002,-0.0122759661609713,0.155322925573102,0.187259913584614,-0.370771584534029,-0.433949252534119,-0.26407092907926,-0.307501080583947,-0.0283607395677846,-0.230912343704042,-0.00573292943617538,0.086471675005484,-0.00529378712112166,-0.00606110092097884,-0.143926734660095,-0.0502073512638646,0.0919993793351679,0.244769399013527,-0.00183051909046906,-0.127591353832414,0.316495274215502,0.165689646882974,0.23508833145046,0.0495415563313078,-0.0906442196974847,0.0900423127830726,0.221318465138161,-0.060366379088255,0.0200509816230844,-0.558237157243183,-0.240087090726153,-0.0495107822919234,-0.230423966358915,-0.0693082533053709,0.0907442173195696,0.111871471385963,0.0249023091168798,0.290607586285469,0.118336488001291,-0.0781180655028413,0.0815350821420707,-0.409115306219705,0.213800626777144,0.065333341117487,0.352778315875294,0.0737870952271965,0.215499124971548,-0.197567445614211,-0.256530900358676,0.366145708602943,0.179361527481396,0.0785237508017322,0.297690081496042,NA,-0.228112266319545,0.195900721341816,-0.139550588065204,-0.226718953392223,-0.105163762658794,-0.0660833643914891,0.44176617971024,0.0597557172669244,-0.220643656143844,-0.0190865577963191,0.0332396605909934,0.344678617658814,0.506372080742289,-0.212889269192564,-0.1607888560776,0.298549812789294,-0.195477561160343,-0.343632219115508,-0.336460251778594,-0.467422302011923,0.129835287684532,0.00690260614769836,0.124674170997753,0.148552457225463,0.348262455292293,0.198314322503994,0.066025834677547,-0.0283797104220423,0.226503115691075,-0.157466689013402,-0.0526766834869693,0.306402836342396,0.612792271982352,0.0404735638444327,0.0191402807347926,0.0290953164753823,0.319350788665066,0.265398927357017,0.0486425050582526,0.145470318108953,0.057028982951505,0.00710762915065413,0.0965078063304359,0.109180096790647,0.35531545425818,0.24579870995387,-0.0759157344021247,0.914712968568322,0.258332291088738,0.130239683836668,0.0369850804647181,0.252866545974221,0.298739134081771,0.119745536038803,-0.133693414598231,0.0108500801817071,0.0393360077776191,-0.0266956014808181,0.489117734243486,-0.0368750621607011,0.157473087374591,0.0372884598882064,0.495584429772599,0.37592357972409,0.0571889703099974,0.462901919638971,0.356681895252542,0.0490696221302399,0.463623811865323,0.0692553788522313,0.20161056363674,-0.22897744466867,-0.194817921116452,0.382363863965356,0.279232975146686,-0.0370571148437119,-0.217067531352478,-0.273953275273751,-0.487294159342319,0.747133778464876,0.0363854775027971,0.330436165154968,-0.309476840490716,-0.0729139576227737,-0.236502005456045,-0.237549040194103,0.193130828410934,0.285520359391734,0.0781553061056085,0.0692374089263596,0.504438088806646,0.201371007206507,0.153323569322761,0.069395533099998,0.0701693401096191,0.00314619835129839,0.135574694820612,0.0561291320442744,-0.470049015425145,0.421335797634054,-0.131518387255959,0.171476225714509,0.198175404003759,1.13276376325009,0.687413848405074,0.350379891305433,0.0689378293799988,-0.0928691079904799,-0.307503153497646,0.205595645344131,-0.105324154650972,-0.0789696008849285,0.0544248399438514,0.100361882460426,-0.315059341177449,-0.301869920761659,-0.223296284815262,0.148180623227923,-0.517574558730159,-0.158738767646357,-0.100631876121697,-0.158270110750019,-0.334507689054241,-0.27502050083047,0.0522061276069341,-0.0412395411690939,0.136916805237993,0.0797572000572354,0.117489720302866,0.0951957002347899,0.110474825218368,-0.0371891682917731,0.544593209653876,0.220663277755411,0.00427768396036203,0.410950925100204,-0.0478724098366833,0.044106088611123,0.289874019720075,0.0746578592815836,0.050028443626794,-0.176169280491171,0.141536324193291,0.120493083601835,-0.135599371062324,0.162808011611809,0.220763854932061,0.319735141191819,-0.303350073752641,0.158542720528905,-0.14865774574697,-0.131213777864021,-0.114210643348098,0.121826199575695,-0.0105144939421942,0.187010540424993,-0.116712474400635,-0.176330013850975,0.0172296623112096,-0.250389100963926,-0.0620437217352145,-0.220965740792569,-0.0223099455731257,-0.178072409426338,-0.0271054119992022,0.0569108883853689,-0.199100743374646,-0.259036618850734,0.0277752307376419,-0.314010314528872,-0.201263059746387,-0.254111759495204,-0.0881104296943447,-0.0420299575221336,-0.055098788197486,-0.101339000763536,0.176970435629929,0.120247198404297,0.204443246263264,0.0938986078676184,0.27843406571063,-0.138013815883198,-0.362676947673272,0.107232660029559,-0.0334398933368647,0.153024356648926,-0.0966531723155696,0.0579128963771208,-0.113201920314976,-0.0757064669193588,0.0348141350929176,0.0842203825798242,0.295781253126072,0.531325275406908,-0.0923457935828305,0.127174627399394,0.453185878688011,0.224407182473568,-0.20598098460997,-0.163302446618383,-0.233639430876468,-0.0899978297644279,-0.235732071352734,-0.168537706339552,0.0435082055188662,0.404502200512115,0.194182330713112,0.140474823082209,-0.270153034262558,0.0837603110166274
0.610091149506423,-0.14586419686668,-0.392803859903074,0.873053296736299,-0.340202134867958,0.618876955895332,-0.157065473360218,-0.228190192054821,0.197280416010344,-0.056125604408752,-0.301747575928255,0.0863239142476413,-0.131486536895752,-0.147720225412223,-0.173475163422733,-0.0407381011676977,-0.45790729740245,0.128842115436894,0.0109529668159906,-0.138286899829946,-0.270941904823154,-0.207767792067969,0.339900334733116,0.44937508012314,0.767008508007687,0.676429610250579,-0.0263577270395137,-0.00289359210701135,0.407133380950494,-0.160035931659539,-0.0652581185704534,0.24125329993662,0.329811143583717,-0.271980108152986,0.112816476190634,0.0851351039009255,-0.0175079271717622,-0.0137012267567499,0.0932369462259882,-0.30115030856465,-0.259494624598034,-0.371110478961419,-0.058219030624615,0.801662073546158,0.0199609927906491,-0.0294533912405466,0.125882109851885,-0.334760282100762,-0.456977384858212,-0.238380399588727,-0.168186572433205,0.0763153862743229,-0.205217216332931,-0.260669469911072,-0.326266263413214,-0.371838977899579,-0.192650649183216,-0.39287250179873,0.0832017550638567,-0.0624327690987831,0.299101778242266,0.495533140684011,-0.101909343888461,-0.107508637695097,-0.165148340312469,-0.214028096219678,0.143647364687467,-0.0102023416323413,0.0159304240788729,0.0642543808999494,-0.105580266428519,-0.112808344500549,-0.195846104194498,0.261227439075169,0.595545277692866,-0.345948918594837,-0.242422496994711,0.266869083212038,0.34570592007549,0.49881933974431,-0.383518523714939,-0.530202266316183,-0.101464462662243,-0.0216741454788804,0.387114222213856,0.521858971940675,-0.349062484235735,-0.0329999876864154,-0.0855459179257802,-0.0471180916658874,-0.665959505321847,-0.326098605871358,-0.216892021662172,0.495323103594328,0.433545840905558,0.208341841124438,-0.112743038052077,-0.129033225142883,-0.100616187878033,0.106261870521608,-0.324116505805907,-0.156126867546545,-0.434255683543638,-0.536744624890477,-0.449744132309056,-0.450966565882941,0.553395850880872,0.367653255205121,0.0785551079367132,-0.387476546906265,-0.350567930933731,-0.0205833813576209,0.439420710305691,0.451240678768262,0.504052433811673,0.474298762905237,0.418699081634942,0.344796070957026,0.237372799516511,0.0421614390223997,0.147447450204232,0.169643452792128,0.223001949197901,0.430219691783745,0.142339241999264,0.589842421623879,0.291544168955902,0.35555247926509,-0.0472230679673761,0.0181026323369566,-0.13098650381229,-0.118110279660732,-0.169304105977109,-0.131335214425969,-0.190752691861609,0.222584072973293,-0.179152473688453,-0.125267308857656,-0.146303949350255,0.105470744073706,0.0507739361778791,0.0836117937557537,0.0318065733118706,0.0514155111401933,0.759342335644768,0.693786882762,0.583240827555738,0.531891502113355,0.682750834549502,0.694024908781288,0.449069789122249,0.384278877997888,-0.318779380740025,0.238282777929143,-0.506159531338946,0.438878450823892,0.498795967916773,0.350702801060701,0.0914582680118462,-0.0339460009457641,0.119009717151269,0.269259888832479,-0.293370831954907,-0.228112266319545,NA,-0.354682460012455,0.0789386809857057,-0.0921462534661756,0.122305926324394,0.517968209298945,-0.133322371443,-0.259102789740038,0.0486234234599954,-0.0505935943702535,-0.299432539283378,-0.24641066968391,-0.131912995355738,-0.0631734346805021,-0.135366896638206,-0.269001758058038,0.07517071949546,0.617866251078721,0.0501436660012968,0.722559526686018,-0.248965279342422,0.380261757119192,-0.305542803929299,-0.0834157529817397,-0.311325048995076,0.0947657781976998,0.273230773552417,0.218760789572389,0.197774840209525,0.283841072862071,0.161106824101018,-0.385606636563491,-0.367755637561204,-0.293231890547217,0.0223441695575563,0.335940088955026,0.0813112266640436,-0.0865935090198833,-0.141569902389062,-0.21736918200266,0.00504662143471709,0.0745044646213402,-0.335594228752475,-0.0429692618726343,-0.202203686725092,-0.331123072798131,-0.246820116379338,-0.0342089150697197,0.118870060953183,0.262710660750131,-0.20208011727369,-0.100839861553089,-0.214772664512127,0.088970520617387,-0.172524384036854,0.62914250371069,0.0208737672816846,0.609694577028347,-0.493065949285438,0.101207552540887,0.62091533030212,0.304559629182721,0.101720595162033,-0.317974214104986,0.133145634149146,-0.142607750366887,0.131667602611811,0.314854653720069,0.273290219049995,0.0465560540851418,-0.084043834141655,-0.00183949166055949,0.714804724304516,-0.355677945170125,-0.196411153646364,0.250296681649138,0.581673005074412,0.492263095554755,0.222963630486487,0.0467817487508932,-0.450319070199771,-0.360247147130218,0.0592359281525279,-0.103375219743819,0.213962634922694,-0.123185379052216,-0.415158351556661,-0.346840216240224,-0.146457616315081,-0.356492316345508,-0.0835765705811645,-0.21679947633928,-0.399549039995676,-0.251770628362345,0.14461353125311,0.303601984211193,0.272033715241521,-0.435336581740618,-0.0978053175133422,-0.162050931951359,-0.316567452088965,0.0191473451586581,-0.203299879791633,-0.109230396461964,-0.242768998789766,-0.0419716819099205,-0.474148909706443,-0.293104701364375,-0.108977542376446,-0.247191443039351,-0.190828676042405,0.521907501450601,0.204383627664744,0.530317555108092,0.110190546192172,0.282009695154057,0.324025367901117,-0.383734370986619,0.208240189842189,0.405974857153106,0.0600844717652129,0.0972526021718381,0.314421254339908,0.23449576588728,0.583486470481276,0.243054698891788,0.565450264752301,0.0425162191833044,-0.23889966961751,-0.107682463501365,0.0533548818966708,-0.0871437723293305,-0.306666123574341,-0.170090920096964,-0.234853287595355,-0.260070987086531,0.0244791687751513,-0.0702978122791205,-0.403735647750515,0.0492987553691834,-0.232725286502589,-0.2664898119745,-0.273802584122709,-0.130709497926413,-0.331417587344337,-0.190164671709893,0.0261978106733067,-0.272767741544759,-0.140032030808362,-0.138115095458042,0.570558726800771,0.88148937543885,0.653598758782052,-0.408710653694917,0.319274862571583,0.131111593766538,0.84416312611387,0.54742918069794,0.668753287230865,0.905886298911894,0.8317107501654,0.587841051846557,0.185902618899539,0.411266061410417,0.0854022414067386,0.209655718448072,0.231984101705419,0.226034520503199,-0.117625138009756,-0.0166746472875534,0.111444009965786,0.385104869385133,0.101526987906652,-0.170245231654553,-0.0873362860405979,0.0680965551478078,-0.0835681195639555,-0.191286160314639,-0.13059408185606,-0.124094256326816,-0.228194074092395,0.0363725019556627,-0.0209918617520914,-0.100061091133359,0.438096627846278,0.623554414945237,0.661846182056374,0.668559468350904,-0.128978637110663,-0.0307001630005044,-0.264341870741967,-0.259699754222972,-0.337946795671576,-0.352562410382635,0.105942353546099,0.402421156153323,-0.281414715507064,-0.166089007345427,-0.0188791662748805,0.250584071522741,-0.11206558351522,0.0922494632177408,0.183105575815407,0.106259641287758,-0.234989259182094,-0.226909834374972,-0.216762670640993,-0.351508938355156,0.0406914419978013,-0.397771536426242
-0.086260812486925,0.615725744384983,0.559516857011763,-0.17207595177912,1.12897046233199,-0.108072360700842,0.380266971923635,0.866443580888569,0.00848091814562801,0.148219729659288,0.231746793117138,0.124064132429015,0.586988903377615,0.389674195465512,0.161586528284551,0.253150812263086,0.671047459189819,0.0871371037629349,-0.115525993487156,0.695607598628438,0.45205247899369,0.330107867689082,0.112543075088292,-0.00787139885326701,0.0181727701661364,-0.272032040757643,0.201908005197422,0.00306914878617727,-0.0567340414304182,0.23104750801989,0.47578169336509,0.172438270531909,0.12635546245801,0.281750070902804,0.225806208643362,0.412023422203712,0.239959819781034,0.474493865372063,0.160184939942106,0.241734172465949,0.266689103937549,0.00742383310110422,-0.00102056848627159,-0.162373274594457,0.509108234338257,0.0838345129839692,0.368884856363302,0.268619853347662,0.314668451032064,0.345727003814448,0.240407350950285,0.126147874539935,0.296486891440536,0.306942008331403,0.480593236771375,0.61518925481175,0.400842210948909,0.477857285796708,0.117654667899065,-0.127791732339148,0.206799341556824,-0.124491962526961,-0.11579075383248,-0.154878926390612,0.445178537201396,0.270483284400101,0.0207664636916652,0.185034070173484,0.346370822835549,0.264147865248112,-0.0310630876897907,-0.114741889738559,0.356733708432942,-0.182358283346328,-0.180368007647235,0.0720930739175539,0.272829718254602,0.0277540944137233,-0.348484656348223,0.0303552566502226,0.255781625263238,0.0738383230684789,0.177399519713342,-0.0929984163356853,-0.396845054978097,-0.286603847015476,1.07206260983257,0.747201498058518,0.215623846748815,0.543654295814247,0.29241345904141,0.283998488109792,0.589475664179245,-0.283433675461474,-0.119883192384161,0.0401854819015909,0.357659779061546,0.322564800342487,0.923117643352562,0.084245111511656,0.324881886184285,-0.100500708028831,0.324306535357804,0.294835702752866,0.148157323112191,0.361713291049445,-0.0666929089137432,0.0335336465548854,0.220766785738589,0.273681456028612,0.159288406023337,-0.0326035746410467,-0.022647715290708,0.0819392433049085,-0.0984111565114087,-0.255839528800542,-0.163040536888323,-0.198599154978916,-0.0308899292674071,-0.00955088324243534,-0.00975518619419934,0.151488370301009,0.0883520101936242,-0.25547147443289,0.0797781747982352,-0.0150385809777882,-0.134648324838826,0.11172207573483,-0.106177557598915,0.0756730603910114,0.542803497587751,0.664340083177734,-0.223240395715413,0.132132665091377,-0.0876827079354579,0.360812660206599,1.05753023099304,0.414621637569049,0.606458170505091,-0.354766399460901,0.115606870613177,-0.161316770550883,0.0944879599552768,0.170284314639182,-0.159017712687485,-0.202763287785815,-0.0733075612559242,-0.206423889489359,-0.0509833449639066,-0.182452244355475,-0.28895050197541,-0.0389919645789699,0.26254165781825,-0.0294679733224995,0.32499254994397,-0.2108426583751,0.0319218383808636,-0.129978395563127,0.266492971804589,0.172203112465376,0.278615713512012,-0.0676643256281555,0.759686135993556,0.195900721341816,-0.354682460012455,NA,-0.0621699742533656,-0.0797878122434207,0.203514105350178,-0.243976313450023,0.0188077544030576,-0.265057013919141,0.0118029380527618,0.279942901832586,0.486936584465737,0.690753950004552,0.673647192269133,0.127665350413075,0.0844694033227082,0.199438407394245,0.00851586701092005,-0.00819980065860394,-0.0331562346417213,-0.0987497661087779,0.240983147577284,-0.136718830119436,0.188771218282641,0.141438116361662,0.272441612776317,0.379275169492787,0.0793183734894407,-0.15046701520095,0.180517842183776,0.274671769510311,0.163328350661668,0.167221226665685,0.695382106325756,0.702712225682688,-0.209503558443954,-0.0315529051389831,0.490614529512185,0.0274407523402428,0.508012864132748,0.416008677913131,0.100285131709913,-0.0162087198604166,0.148661058673831,-0.0489127723203885,0.429168212007697,0.542550133865146,0.470378097591203,0.207011031811882,0.361837092212387,0.223960082288295,0.298181526460343,0.552932701939927,0.43563691086485,0.167565798179515,-0.0855430841042084,-0.205351925783895,-0.212580353172813,-0.307442176941322,0.259407297866384,0.0956102580592744,0.0522534136106967,0.14878764771853,0.266871679695752,0.523143720149225,-0.14617814576624,0.27605051627695,-0.0556626475402135,0.183675171785667,0.126670001620344,0.0511323410034609,0.124717068891774,-0.177396311812414,-0.155513454982177,0.162675735964355,0.358537953382587,-0.0622925510117432,-0.28018575126801,-0.332234033340173,-0.150040935587767,0.0355746502478172,-0.00901870618538581,0.287506763572816,-0.102283691109733,-0.158389165175261,-0.237244023076341,-0.140215682644243,0.855824468828588,0.9811984945328,0.502769474583469,0.692633504926639,0.438543631112283,1.54764937121622,0.267069833844165,0.558685802941811,-0.047449169162068,-0.193861014843101,-0.0478237365268194,0.125666124291707,0.27070553319336,0.857059877176727,0.572100978959437,-0.102140287681474,0.215122450038729,0.173483238943803,0.18342955980635,0.230304827861349,0.229740092200386,0.144252113822278,0.0258852279806821,-0.145901182064746,-0.0347921487132997,-0.195258691329782,-0.140520248780274,-0.271929394624587,-0.112176577588964,0.00365263183751234,-0.144930785178084,0.149489401520173,-0.269729838822851,-0.158583683127563,-0.129227325944013,-0.137389393239789,-0.12383247873921,0.00994647622768232,-0.208424811954402,-0.112408213407694,-0.106293766288556,-0.136574774805603,0.366639649703451,0.193997573646412,-0.0309005522546116,0.0306288872109614,0.144791233385965,0.870950671873361,0.493595765770779,0.000216968962583164,-0.084067178950074,-0.128024118408249,0.104236128099688,0.0782040099863711,-0.437974549511773,-0.0275183446796455,1.1631928507692,0.801832849313294,0.495474444603329,0.699479406679685,0.277732383447541,0.120440399993452,0.16432349516061,0.367116808546862,-0.184338411227723,-0.232070710248074,-0.202383056941775,0.295303922362215,-0.169836488287524,-0.160682769728565,-0.417406302814035,-0.240614894791769,-0.0667191861922727,-0.391345337002792,-0.277860499440877,-0.239047731140668,-0.0679689646156121,-0.32652483575205,0.113440526264082,0.140652496620366,-0.148387298770638,0.0359333217164729,-0.109048628938662,-0.177907785420989,-0.198814376592615,-0.286577800757842,-0.205355399472167,-0.184443937355026,-0.212160429212497,-0.416520085975614,-0.293936167111927,0.186540054303219,0.129953784143779,-0.228399934044217,0.0721491276148415,0.0220491413273156,-0.152761399182765,-0.0425809453443603,-0.267303090238696,-0.372918584260639,-0.547322094953231,-0.417721011712667,-0.0491632951989506,-0.0907800871020604,0.471496654868528,0.48398752820665,0.5162238595695,0.486804326821882,-0.224801209947999,-0.252080720369415,0.439269616610457,0.0222400155218293,-0.124648391997233,-0.229371152873172,-0.150097923329108,-0.0414102305350303,-0.213779482930489,-0.138207462748853,0.254791436490983,0.0948712183646366,0.236930166367554,0.253063896402403,-0.273716464726275,0.157082469708595
-0.378487227534646,-0.306933082600888,-0.102139456540347,-0.096692132983167,0.0308033289594154,0.0705185269914535,0.153430592508534,-0.0589188260983576,-0.23557984929352,-0.150309299978325,-0.00995268692858707,-0.170834577841438,-0.328917036655521,-0.346555233204725,0.346553130554958,-0.355863029998596,0.0183260533812049,-0.0232289236019537,0.015351210454595,-0.162962561534042,-0.073863668247494,0.209622809321339,0.0308241267323379,0.104144077505996,-0.0196376274220866,-0.0861068738702083,-0.0190269492878664,0.043973484948981,-0.0711684913894661,0.0576265995831743,-0.460323447073256,-0.227839491047731,-0.34371055460805,-0.00921610815533064,-0.385038933984383,-0.305632220821436,-0.236476557185056,-0.179980256720948,-0.0948263889938582,-0.115964871997896,-0.0567491884331947,0.221202961472082,0.156591504269547,-0.283461189793019,-0.0485323454922207,-0.347358264556515,-0.283507193600595,0.0535358579923619,0.149781977799271,-0.239274059871889,0.0977750594020379,0.275803527586967,-0.246775654745212,-0.0622738971086183,0.127498990215302,-0.0549119865566241,-0.465326548751949,-0.0358051420878565,0.0199821833226786,0.41028253495412,-0.0394486687781679,0.103473869368247,0.39359862518708,0.137018175067737,-0.214324558319851,0.033356914712017,-0.0234716917891863,0.104464368309397,0.0142054046054775,-0.269908830959638,-0.235463353767796,0.305701442465801,0.0965807997541498,-0.0700371476871746,-0.151219468105628,0.094203529445603,-0.203391491999987,0.0873982828341574,0.122939075665888,0.134781784171778,0.0469905897504065,0.306403793017892,0.233001048760234,0.563054430869838,-0.0367076714317317,-0.247964191780044,0.0147788667910199,-0.129893270143104,-0.327644577120673,-0.123135536578967,0.0931554170601061,0.0314145195419041,-0.0583172050803483,-0.164775892454292,-0.271188014629777,0.0878151165738297,0.210196712976367,0.296837722253647,-0.182587249717588,0.046827211877921,-0.0327207294330993,0.043143375928697,-0.0658706297850339,0.0357250367899097,0.0438304690260855,0.274250182427445,-0.0367040321755368,-0.149142515402852,-0.255740223757624,0.114698458551437,-0.0985109417206297,0.0945510980112427,-0.00549227040596497,-0.0679773595228747,0.0841048379521654,-0.251262439450448,-0.19246643132054,0.0592770661975992,-0.346156077735719,-0.24767309732879,0.0956874510209597,0.173661213432049,0.0293541593992004,-0.248152094903639,-0.444312259206146,0.255805720647305,-0.124391930746866,-0.102326467500152,0.224468895598418,-0.1055499236242,-0.0149022271593714,0.0959697657634907,-0.010047945141806,0.139057544531607,0.0684002347221372,-0.106226965750934,-0.00449164916719948,0.39335376922663,0.210293333413449,0.231068922999426,0.408458787613316,0.00770175573140476,-0.113986771977933,-0.214732926620277,-0.327236687724419,-0.36353108067742,0.155101900499951,-0.0963679365027732,-0.158744140391384,-0.378998733388706,-0.291450797372316,-0.190336083508268,0.142232604443211,-0.251127412533575,0.115696444382929,-0.200175604132771,0.0635899870007701,0.0819617572085999,0.368687475694487,0.0534734850785994,-0.0774737994121318,-0.151685196828704,-0.331214288254185,-0.139550588065204,0.0789386809857057,-0.0621699742533656,NA,0.253658184006189,-0.0593920846862282,0.0826973236967221,-0.327634075323315,0.174267385567401,0.067170226793155,-0.256635803930127,0.156247399353965,-0.18677990979227,-0.403891008792354,-0.0694877009405402,0.132211935071672,-0.16847498565075,-0.237620785361573,0.328684353745541,0.441898926025064,0.12215201973692,-0.360994772395911,-0.264212630565598,0.264025799698556,0.0263932067709693,-0.0645051781924244,-0.327732280815067,-0.612274950837739,-0.252830104168331,-0.550329896308051,-0.310746337681758,-0.340902869660032,-0.11413216753566,-0.112926617470282,0.101373265073364,0.0585977728607922,0.298597753805419,-0.347284434207819,-0.401801955651898,-0.1941791558531,0.184483215318701,-0.540133464190226,-0.486097292494241,0.449024941160737,0.563244552938409,-0.179508598198783,-0.171683142244313,0.00993958398780028,-0.309643187009566,-0.397967824037547,-0.485131123378058,-0.128838847906177,-0.294661736311917,-0.290959749071419,-0.181084319712501,0.628295608377235,0.368804038276678,0.010598934200457,0.282026134911549,-0.16972993919404,-0.376110141082893,0.0517174569879272,-0.176464826541562,-0.253236410346985,0.0192387234984038,0.225053496433513,-0.135349256296779,0.1133111167335,-0.111389527897952,-0.142735146262322,-0.0842156558489354,0.121903325495929,0.594053621979385,0.37704563678633,-0.430924818440222,0.0379099035953795,0.713423295037641,0.171385487155948,0.454140866311382,0.538430489966487,-0.144668763349582,0.0895839362213639,0.0325828486886143,0.597487140934226,0.280635726841156,0.322159271292355,0.298970668510817,-0.0618941257659335,-0.0127928736481449,0.236109573751568,0.179729408817385,-0.280275003384561,0.0255846552314887,0.186690696527063,0.171181562169098,0.138398984760038,0.659306998671883,0.38460111930317,0.543489679048639,0.19674127840208,-0.174666625184326,-0.191441850221877,0.106069622498934,-0.0574612926364125,-0.220158047531903,-0.0428229290515412,-0.469726026930555,0.202432214944968,0.383009780525095,0.52237037968126,0.0905097553002263,0.406292071817781,0.0393342100414651,0.856317435745547,0.0330504695539001,-0.262443863508567,0.458219588147646,-0.207099101493779,0.155712029314455,0.422631761881923,0.479092895729964,0.199036321214114,0.0682943689044336,-0.0116755789606577,-0.161141978991329,0.23579842549571,-0.336036920025027,0.0263779502941713,0.0542964571143853,-0.0600214333137456,-0.181320064500775,-0.0670349076348119,0.0286114348328733,-0.00826977784009763,0.104903671042813,0.134334465961742,-0.0857679965526112,0.365755337040019,-0.273174995427143,0.0735783374623927,0.26367479893845,0.229508335218108,0.337888950614405,0.127685304400575,0.153469854990267,0.1890068634931,0.132377500271666,-0.162300544729923,-0.12262391584763,-0.0229814304348416,0.047162769265046,0.0133045974778625,-0.0452400500294945,-0.0566577984188582,0.650211779588626,0.198298718843842,0.509564617706191,0.223763496020483,-0.227157388662728,-0.0521780847889337,0.0197907764513615,-0.0733148549801966,0.391297512586374,0.667761128472559,0.763022701656032,-0.196961790894161,0.0718964509926152,-0.0556475334009899,0.196833619659358,-0.109192613908491,0.0996322757095594,-0.0951587851533341,0.259823099279069,0.145948554710381,0.235408737916214,0.212441801741942,0.0754684347635756,0.316475547903827,-0.185886443019049,-0.329198122717524,-0.26854692524602,0.104512673897905,0.2739268395177,0.37420015837394,0.139766637036274,0.147370570147904,-0.0862701409930803,0.124879020516518,-0.358188786813465,0.424366062561025,0.299137805392572,-0.225602516578029,-0.08203909504579,0.243081174195851,0.133700771899312,0.155327869121661,-0.123605717299369,-0.105459310362239,-0.120373924197588,0.0132134222238288,-0.131658760803039,0.352589980672391,-0.095299095493472,0.261262787450661,0.248624246999738,-0.227067770800755,-0.0971296962481304,0.0429313668519515,0.0593470845946715,0.084820608662676,-0.13002557209734
-0.401445413416956,-0.187837112870707,-0.11757873043904,-0.0265173539543421,0.0317019453634463,-0.252714764822008,0.0735052368266669,-0.26575285772128,-0.156737986197835,0.085038998773685,0.146911652202084,-0.114513556065833,-0.194376316180854,-0.0714571372324753,0.438357735437351,-0.0326046192466292,0.109866993958332,-0.292283488953245,0.101905333954468,-0.161946148027195,-0.0429697703123708,0.121926071126905,0.0392327649113193,0.114359200656089,-0.0267260672730555,-0.00232597989615021,0.239332958969769,0.396959219856773,0.15049681375166,0.100642779025907,-0.0606040708945971,-0.0966512710815966,-0.0746882428731172,0.183525925124868,-0.268442678301323,-0.117737363867582,-0.026171372436979,-0.158540239381008,0.12861308898922,0.438411745878141,0.101920745212674,0.0376339747529094,0.218908138471055,-0.0880725854504528,-0.285648756868879,-0.17575718751953,-0.213645569827977,0.00435329582809319,0.130107838754215,-0.0806139488547172,0.0647178697059292,0.12827359321956,-0.397771130798453,0.32235455280002,0.0644237430165263,0.0835092477925255,-0.291305294713092,-0.027505874664797,-0.0389256858442484,0.24687806503674,-0.292923248530661,-0.534821532267514,0.285902387681156,0.300228125073187,-0.228289738500632,0.185713304106445,-0.175059548900094,0.0722106418578758,-0.0709836113791104,-0.337342772056505,0.0708751200567827,0.234711986017399,0.131084699848324,0.505185171461211,-0.123965448751775,0.111751963143582,-0.290022973435401,0.131092722971825,0.116675622029063,0.112471879597866,0.324642074525846,0.462728638543694,0.282561400117153,0.469884698052558,0.164741982861844,0.0370059260682292,-0.144914621526834,-0.179418254511422,-0.400967861266654,-0.263399454321956,0.0405485490007828,-0.11660304548728,-0.18461277254748,-0.198439215644427,-0.364344821395803,-0.222997721655556,0.299007642460344,0.294640921953777,-0.230929765166212,0.121074165846003,0.0270387022394451,0.0447474829003543,0.261376969034055,0.274848177062197,0.451463338240928,0.530514201996726,-0.0930424084539048,-0.116447494479527,0.0346275543481467,0.505597810474913,0.189751985732882,0.383169988703313,-0.0856548116999132,-0.3606859394396,0.187510867179463,-0.00648123385793602,0.165262479828915,0.190668964144025,0.0723384979307485,0.345320864544716,0.0897300360980653,-0.07880034906511,0.364477753956287,-0.130957446605166,0.0894930674726832,-0.0609769949432261,-0.372140345324208,-0.494916866107936,-0.0378450593153298,-0.175136804873471,-0.273082748128541,-0.160924764774535,-0.0654651619728364,-0.159741080762431,0.195909561886993,-0.292731961561194,-0.135294862079001,0.134713409723542,0.0024155664990288,0.609473253899478,0.242541607491616,-0.220201029817452,-0.183114670138062,-0.244967528815578,-0.105023488631976,-0.276672183481797,-0.01145772700249,-0.249150538524331,-0.172558841746068,-0.0768296449332828,-0.106034102866846,0.11498368532166,0.141752866877159,0.047718939443226,0.262039358076334,0.0136299872727017,-0.186400593974264,0.0908967568695373,-0.10688982500735,0.279117203459426,0.177636980729746,-0.361632686596562,-0.227303566277873,-0.226718953392223,-0.0921462534661756,-0.0797878122434206,0.253658184006189,NA,-0.285909775476934,-0.188181365564744,-0.181892677137607,-0.143763697133005,-0.114616742223217,-0.249497400960723,0.267123316837274,-0.121866206609911,-0.372038276403885,-0.152078441200907,-0.0904865753694124,0.0797568318124731,0.239563202379484,0.257372869212651,0.448876398229612,0.0372801045216931,0.0218449383311384,-0.0145081727810618,-0.0100077394429186,0.229725604906283,-0.262852821469474,-0.187335289445922,-0.207047614764061,-0.178712927623034,-0.28864207369111,-0.158893268241844,-0.0917878976723012,0.112685462845939,-0.0025327800351996,0.219100086047438,0.224662221497174,-0.119794877480469,-0.0596736996574044,0.0710650385236296,0.0485533747115948,0.158588923300206,-0.0698671070909748,0.0583222504505298,0.214903046055906,-0.149910914158547,-0.212489557057299,-0.0812561902646654,0.0739861171878202,-0.538892398223324,-0.320029158528687,-0.276396358370328,-0.00902882915917817,-0.231639920901941,-0.144820193258367,-0.10802445234812,0.337502213656755,-0.281401345166014,-0.437038365426011,-0.170327724617858,0.0840162773591648,-0.0654131049336445,-0.193232089149109,0.234144965453764,-0.0897440757877097,-0.192021033600905,-0.215853881122932,-0.0392068821615887,-0.432047639105925,-0.17835405335769,-0.181299439393068,0.22736165390335,0.229921040436516,0.755032715375256,0.190969891604403,-0.0570563508162648,-0.251051101749669,0.418671416112038,0.218629541505428,0.474299107216116,0.297450363683879,-0.459769544801757,0.314162554412133,0.0894216615383761,0.189795052519895,0.276995231464877,0.161788886911715,0.347616847264094,0.0226027839689036,-0.125903621491487,-0.0773068171532227,-0.106758830572977,-0.0705498156874,-0.0287377629432249,-0.282276472991617,-0.0621878139300111,-0.207912067469968,0.0950440591884183,-0.039968030513642,0.195250774947348,0.350016080769489,-0.243566624368244,0.0865326080959226,-0.120148250902539,-0.258919339528096,-0.125407058161731,-0.136022230854386,-0.212468053712537,0.378895496889189,0.42291600237388,0.599829970313346,0.203316177021873,0.369742631604616,-0.252950487232051,0.382607752175354,-0.111476053657816,0.135167637179256,0.11327974526492,0.0706744471193857,0.332344049376217,0.482001167277872,0.345038475199622,0.149510310274214,-0.108970882346487,0.180264372425739,0.0390833186270416,0.0128172303291713,-0.562331238738584,-0.451774298953156,-0.274475171972106,-0.242537365639731,-0.143009815877336,-0.491945001261854,-0.235378914685505,-0.122067382523269,-0.204530374847424,-0.181928339296018,-0.0635753969029954,0.1572408438047,-0.209728598041875,0.0922127932795757,-0.0289609847445384,0.174321810635569,0.160137994053249,-0.087588706538281,0.00255017376588705,0.036867737020513,-0.0631945770777098,-0.353314558921334,-0.22184720957484,-0.105886871911184,0.116812015446317,-0.129193694254093,-0.321329156091782,-0.113039845836576,0.216162370522941,-0.134149220891572,0.0361928081601154,-0.0909288905897486,-0.197283194678401,-0.13818894311219,-0.2001354229102,-0.059410064199834,-0.159711374624535,0.0484441020324463,0.208358482621502,-0.0456954826205835,0.25261737356843,-0.259746994433979,0.0462857410591458,0.102982597075329,0.141444642306963,0.13126466089943,0.31517432064183,0.227238800546235,0.364140696105522,0.289781075699712,0.215759612115727,0.488134149158034,-0.484260119323418,-0.428127366231762,-0.325177312268035,-0.20500640757439,0.363328272061295,0.552720618380531,-0.0677475934273995,-0.0259557958718638,-0.136056406948643,-0.0191261902038241,-0.121497392850278,0.245278442097725,0.0140098776191158,0.0412793190711941,-0.0851201882097247,-0.00845427935981719,0.00981643455441362,0.0283830615244003,-0.0375477656084296,0.0222090604397304,-0.114838177570879,0.0998984796268561,0.188544733474378,0.422659368060698,0.234268136308104,0.156014898715764,0.231641354248573,-0.0911793173164412,-0.115329510290717,0.142450747734048,0.267603873068559,0.356231187777388,0.0993759932967544
0.150206732907971,0.293521956135672,0.115965054022538,0.167395028641478,0.0747492242763581,0.2000777898054,-0.332884274098763,0.444038624590851,-0.0169815001139683,0.28230918866341,0.114623653756899,0.0291068881307272,0.397185780582048,0.172889500342099,-0.107400273335528,0.0182257289555082,0.299642957598994,0.229958160175956,0.124507953907329,0.286348700638774,0.26962493145247,0.153573705664365,0.149177962005763,0.0425051862984548,0.326332014039232,-0.068814150684247,0.310738392829645,0.0148055546854661,-0.165910023488866,0.238220786187432,0.306766964006963,0.211162514306888,0.243672996042053,0.273629837766285,0.51405929691961,0.352482573749975,0.354516340585617,0.400756050021918,0.193629583860041,-0.0343404726865097,0.12467961502277,-0.0565007906119277,-0.145956471396995,0.162454357764616,0.493804047463476,-0.0236047791927539,0.341418652226245,0.188119352195098,0.258101866564958,0.135972646974342,-0.144309373073577,-0.0201336113471017,0.0822147028494588,0.211441745423317,0.0731097595472052,0.181116219554209,0.378303656327755,0.426747400011406,0.154030146007237,0.0509073135987013,0.191442464988082,0.389336647755375,0.0783736458176359,0.0191567507012237,0.279609087050415,0.15762388133237,0.417011407798869,0.245605430493282,0.412441635685788,0.26020798490908,0.0254011639009407,-0.0702209261829515,0.0183756123920998,-0.14095772843787,0.102475206126333,0.0736543733326265,0.143113248227479,0.0492486035005264,0.0403423184990757,0.195336813227831,0.166765990839971,-0.13675941729994,0.131853819517076,0.109325577528898,0.0497381700474577,-0.0452008087331774,0.266926993363216,0.278102802047516,0.0865400310101698,0.27051706022171,-0.116753117333347,-0.0320264968255076,0.221233043081437,-0.0407506204957553,0.0327242878124881,-0.121500217496173,-0.212298649412166,-0.0652914105346906,0.218041713292024,-0.0474404268444649,0.0739927145659891,0.0293515755020805,0.25317423057691,0.0124443745119553,0.044040114045486,-0.154886838063708,0.163218281859731,0.0764275441377755,0.0347637581029035,-0.325589032948549,0.272126512452239,0.16317628872743,0.0233754588723556,0.358016905269974,0.167446079137463,0.0962193325787917,-0.0614844504225,0.0107458964651013,-0.115549232192046,-0.0503806210837743,-0.14619561201598,0.0240023289086841,0.0940220190922455,0.0593383379875737,-0.1216675637337,0.225701287839066,0.367516721276175,0.295117750095151,0.2304814911613,0.288613054112306,0.516618437928343,0.483056168153093,-0.224014320507298,0.411006734718027,0.085887174270445,0.602078053938143,0.419423177519799,0.389880086400705,0.242219265540823,-0.403261230876481,-0.0679553380615807,0.243989994810281,0.362027436702439,0.0990405122679456,0.269130257563413,0.294544982740561,0.106241216229436,0.171571812683315,0.320103551433205,0.173940093487944,0.0806775848180497,-0.0599321704936268,0.038398753175609,-0.303849852870289,-0.220661384093089,-0.111624937728594,-0.0234683290983982,-0.194198259177042,0.340230182184683,0.279917841614673,0.204020984794201,-0.0198212100270108,0.489244307220461,-0.105163762658794,0.122305926324394,0.203514105350178,-0.0593920846862282,-0.285909775476934,NA,0.0187544961379149,0.198914522858322,-0.114744166113414,-0.0246488380310833,0.155462858553512,0.203416252985732,0.364494152740621,0.552686958430311,0.370921443126038,0.194314569454182,0.20295889695648,0.124790931845688,-0.0260502255782479,-0.38166401696365,0.020711637383496,0.297167284479999,-0.175525699192394,0.215836079574539,0.227781973264377,0.213658732339587,0.493962215038777,0.36537861522952,0.0906689690198684,0.473614988524895,0.468827457217452,0.326737347502321,0.202902187645697,0.290360535866192,0.156195592621449,-0.496885777378489,-0.24539875188895,0.318809362306671,0.250063756998892,0.119843048517504,-0.0733444457602677,0.270074416481589,0.136474052660046,0.127157708955948,-0.263557583914016,0.383953902586493,0.263837907996368,0.0836362223231343,0.0324991102782196,0.218895822968672,0.430422909961596,0.154778475448725,0.419387778162091,0.239149094747616,0.00310446726164658,0.120615813678472,-0.00171898461904791,0.140050327742468,-0.0349175737698451,0.358430339281188,0.00965825130866442,0.145545234940377,0.0263105997198072,0.431777541255955,0.27812759726296,0.290898022728334,0.404835552339943,0.19805405902765,0.132090692740103,0.432698429073751,0.248809638216899,0.0853719732707734,-0.402381335343508,0.159840421434983,0.145180484184313,0.491807772719121,0.0292635081762937,0.0811363445049319,-0.148405279730837,-0.0297735911727683,0.322230362661707,0.193340697209106,0.245058892225161,0.0301221505290373,0.228930954744202,0.275649794453051,0.0126455079064851,0.311789770171325,0.176707002226045,0.124946413977621,0.341567206188618,0.298736061722735,0.275421698564114,0.168319469531604,0.276843440399051,-0.124931164510722,-0.194241072798863,-0.12008619638594,-0.0144503260029793,-0.185214035008282,0.263769165059788,0.199748797435077,0.218889337867943,0.324548606120801,0.0577680175544553,0.230885065372192,0.280722774998539,0.0113389279672701,0.092131995081166,-0.267889483411956,0.313512595495825,0.166673330861951,0.171079534209895,-0.22074945849138,-0.0465387713726366,-0.116588042752886,-0.0692497745571984,0.0847863173286324,0.0722404137622364,-0.0876710919405122,0.0366156175365332,-0.232152172888404,0.353081005188373,0.0144626367379309,0.0459187974505495,-0.171248796701936,0.351975063517825,0.307724378809986,0.303352793157976,0.553906616672105,0.159131343493775,0.33511042726255,-0.155804364022584,0.0478414127598574,0.512895644699674,0.601764465240613,-0.00377283428787993,0.0911996959609888,0.356484678772821,0.122789854358237,0.221406250010623,-0.0864143811423556,0.194886218957116,0.210106005774589,0.372639846152256,0.184900627243835,0.196417747506382,0.00906132460351256,-0.0470456468331812,0.0930422338236226,0.100902045376956,-0.10972253838513,0.22358530938873,0.313887093265608,-0.152295444949211,-0.139555760722748,-0.123127740415316,0.139905542879725,0.0661762387700567,-0.00792302357602605,0.28331378493013,0.0235119596626127,0.103013695447523,-0.194324855263354,-0.261098807611414,0.336037188210162,0.57725280130394,0.25150357781747,0.319284744791637,-0.0329988568162554,-0.0514957876825092,0.0302587544258968,-0.0704925543843804,-0.114442707329718,-0.312999668117197,-0.264232948928559,-0.321612197351119,-0.35565787996864,0.301525052888515,0.216302299770521,-0.0739331175768638,0.264078033988886,0.0362878091108324,-0.199299172363371,0.0411241271063459,0.156908812947669,0.13056424023085,0.0104447538439937,0.0187830992360037,-0.387886688942898,-0.190233919550615,0.149407677116524,0.281121352460002,0.263659958584986,0.270812232321917,-0.226271496391425,-0.149679817522445,0.274153674372024,0.28372439669986,0.231461411277752,0.0358107010561276,-0.251427464044903,-0.0976539251513934,-0.150427154364678,-0.183023551303167,0.096024778597773,0.310733006871442,0.507617991228286,0.187506456111516,-0.120070082222842,-0.126370265406628
0.262403003868779,-0.224738283816254,-0.333469962192984,0.206370532185164,-0.20977468889181,0.62814163690559,-0.408711354727297,-0.247690326799403,0.384265207395997,-0.380917854654278,0.0126500585144341,-0.185534590000733,-0.195920710956094,-0.106890279208429,0.129702876681978,0.0951053899608145,-0.215764345551619,0.126549316939106,-0.120962446772091,-0.0871758494649227,-0.423934540780369,-0.332811535455006,-0.0081671402833052,0.45447531792598,0.439101650226153,0.154641461958511,-0.271783886892217,-0.166745278647416,-0.0635323477974442,-0.132975922250346,-0.268537386782338,-0.0418185538907114,0.181050090999345,-0.572245244692498,0.0363592475814829,-0.0722576268160243,-0.22712830371723,-0.140693621234818,-0.343846630084505,-0.646398273110011,-0.604325878566992,-0.438702549575415,0.256081757902331,0.515998311321518,-0.139768967331774,-0.161068360389411,-0.254521060558293,-0.656341313169962,-0.446481207843617,-0.3491386122356,0.155204517367697,0.443656041453655,0.157296220085375,-0.183320118318889,0.00733370300360029,-0.493893528702593,-0.274760034325049,-0.19345320316066,-0.144635956377413,-0.112179625892785,0.0207009913281853,0.26671673089211,-0.189407948475258,-0.328321739453367,-0.288308832711353,-0.0800640031512298,-0.00741724599519039,-0.0440401236292993,-0.0769640410114003,0.01033250583378,0.180731291301177,0.0938384378152361,-0.0745037006876498,-0.000219771249444177,0.364119468320045,-0.235358596276635,-0.0241876132776819,0.259736811463552,0.0844273008016782,0.406039672113817,-0.236033114555568,-0.350145256075395,-0.00980698657427494,-0.107612807916511,0.18642654760785,0.347431397266857,-0.207914070968449,-0.042466217729947,-0.317804845742291,-0.125210188134691,-0.0102234355018017,0.197937470979851,-0.280951391291108,0.890714922582305,0.600463012684042,0.622545871188918,-0.0931859875511743,-0.140180366114964,-0.122050996859098,0.293605035396607,-0.217044580542559,-0.12764955820695,-0.448265195943785,-0.464961757565048,-0.180795707135414,-0.262054695323405,0.378796537856895,0.170004237243492,0.0746648175217837,-0.110232781289838,-0.467412915538234,-0.123426239148225,0.433530992629155,0.396271088304036,0.550374010990075,0.135844366115579,-0.00335436872842325,0.129756010544772,0.0223139386803458,-0.209085902823373,0.468653173986901,0.439184018133499,0.0953745766958552,0.310168329119242,0.0624711999525042,0.276510549319314,0.175802547935093,0.338732265378045,-0.0253175775320032,-0.0946813848640467,-0.24723395167717,-0.181098081208218,0.150046900369739,0.0436829461723778,0.0166351800418149,-0.109992326421312,-0.14694204488393,0.0209624470462012,-0.281223354254438,0.148530082746997,0.0598999642170567,0.0005603087417357,0.0455530310800694,0.120270552799572,0.359238295804913,0.42285612347894,0.404669883387112,0.522280626562339,0.21972012328914,0.286194799779754,0.532588342480819,0.0193878036092148,-0.470341268422174,0.059948094841898,-0.259608116436878,0.529195959426094,0.691988864423168,0.0512642992051604,0.163499183432557,-0.0189207987677979,-0.0758231987353971,0.331051802324271,-0.339794645135507,-0.0660833643914891,0.517968209298945,-0.243976313450023,0.0826973236967221,-0.188181365564744,0.0187544961379149,NA,-0.335948402665356,-0.0510661965119814,-0.121773697512031,0.0140157950616244,-0.0284595581703071,-0.129763097147913,-0.123771125064021,-0.126724897410591,0.0811928744186115,-0.399584106197794,-0.0971739303155689,0.387764810540259,0.202370463181527,0.221690506726343,-0.330713167247307,0.0198962477671136,-0.343259027173224,-0.0923166996907453,0.00471442577502003,-0.0967035003806723,0.136045948033353,-0.0310212008481589,0.145728271677292,0.0108798917216023,0.0684440042675836,-0.281334579781132,-0.282420529338148,-0.261855558100476,0.339992910828753,0.746409993383444,-0.0418761031453942,-0.288602594765413,-0.596224084540996,-0.27558793675985,-0.283630867644899,-0.405435312574119,-0.409912956399365,0.263144349079354,-0.256828928534371,-0.431322714722268,-0.00804168212697043,0.241586153602196,-0.156768635429942,0.0117868185556578,-0.390146867220471,-0.122916984515796,-0.118303297887211,-0.0536466961822191,-0.12158626863939,0.899564975661106,0.0660458473593366,0.577401716956755,-0.297109303388408,-0.0676983193585391,0.500382755299132,-0.17520272523872,-0.0108868448871097,-0.124335858219608,0.0711076819754307,-0.0251561175374619,0.181189821506154,-0.11189863690248,-0.00639268307127481,0.142975549556865,0.0346441158226018,0.118900053519005,0.494082552988584,-0.43964427134578,-0.352770776200985,0.290666059399048,0.523921829972222,0.337783104845779,0.178355578579777,0.116893110803721,-0.340602869664721,-0.435926305882578,0.130839354948035,-0.292088239855576,-0.00159353132998389,-0.192476566508306,-0.365524821387709,-0.0484720831004681,0.197074225360759,-0.220125237080762,-0.180249079645213,-0.168884471335687,0.177026162536731,0.0221040913507987,0.760097699252865,0.512444796659144,0.615682667430044,0.0102864864226185,-0.0562290426745959,-0.203438139222982,-0.055710795428569,0.522605263462523,-0.106511462883331,0.0157480370938731,-0.30948896156045,-0.0819979151064059,-0.343741582545387,-0.112454927358604,0.120280790573492,-0.260218278972367,-0.235247171463515,0.331137123632164,0.309412241622266,0.508742634848814,-0.00989894683646588,0.263093867908572,-0.00651255312814808,-0.109247828924111,-0.00247960256765135,0.183315844722894,0.23765399237729,0.0751631627220064,0.00570668456705916,0.0162766865476199,0.836610312872772,0.156954025922755,0.508213458985022,0.0587846702513389,-0.280148009823805,-0.211947564746717,0.154153304926686,0.0115294751818778,0.0167390336199727,-0.188506556333648,-0.308891542907514,0.0300848839069168,-0.277464993745958,-0.0250191745744527,-0.114840966907261,0.344279412595713,-0.354772370150118,-0.161150641691847,-0.0460981301346987,0.00766866248628521,-0.215115924339649,-0.208963489696818,0.0654970862071109,0.0642333261298776,-0.130732644471415,-0.0606990251089631,0.539365731550211,0.421731712288029,0.147942125960679,-0.307903820037854,0.55610175271819,0.204074978629581,0.490354513662527,0.37115377209271,0.452453582046766,0.271419578114166,0.402093959832903,0.489525027865236,0.616817510189307,0.481545862632622,0.157900411430593,-0.0144666197562619,0.0279571102122664,0.0402607592128975,-0.127842581059387,-0.147259724942691,-0.181017145865518,0.137683935740603,-0.0534867473624334,-0.405373951500136,-0.453743049308252,0.113876364085688,-0.0788336258756888,-0.06173957907844,-0.0395630163042935,0.140765282134123,-0.298530801583498,-0.23317676209439,-0.0079848370223261,-0.0225600253493363,0.758088221541485,0.695632297662578,0.880494860659429,0.660379830024693,-0.0617474662767404,0.0349931081728298,-0.297493885643176,-0.287309921729696,-0.120890604312134,-0.163863951382121,0.765262527948412,0.574056512643962,-0.129632522200783,-0.19203483355019,0.00358616381801927,0.0737233935285094,-0.0542483609802785,0.0553157286223701,-0.148672146229795,-0.0458513934228949,-0.0461223107557296,-0.224856407340865,-0.027190450857281,-0.190940434194157,-0.165232402156297,-0.315185172828594
0.108701836079341,0.310851222894867,0.441446924544614,-0.0958643855330183,-0.113128588014524,-0.177763514493182,0.0197949277344637,0.334288704707871,0.148699774022145,0.663811987716198,0.00357936668773064,0.142676682763201,0.402431243433669,0.337994657389192,-0.14017640967087,0.395240354001957,0.29386049849105,0.121864794865371,0.118682509919647,0.305834314559833,0.175534796060271,0.221393330931997,0.0385686897317544,-0.306107193150979,0.0106299232998212,-0.0788963988491899,0.160834708710834,0.0855917513694394,-0.258269024608933,-0.0683688108359411,0.267226921068016,0.0923868221172038,0.136579044399642,0.317241351057703,0.253558053894615,0.237239932251219,0.159037539536565,0.167774107207181,-0.0251655169774336,-0.0234214261486644,0.0648026142883743,0.155082924302741,-0.125893093335837,0.0254754893578652,0.250466386427551,0.239192631711247,0.349246260814418,0.0905187642707467,0.294753998040185,0.135210530687421,-0.342592195373991,-0.530723007753157,0.474558669279206,-0.0258547896012118,-0.0910466559589786,-0.0793947460086011,0.507022669148746,0.0641968436203354,0.119144932187423,0.113621694289348,0.0182975634695857,0.117555859144173,-0.01352028430833,0.1630456504383,0.283124166771035,0.377287479828664,0.354954612667648,0.397449786203417,0.396161296597119,0.470129758336433,0.25750491820989,0.0702442171004044,0.395911792543189,-0.198510484825434,-0.111270689882333,-0.028512500716243,0.364692206694688,-0.148649688651978,-0.104021788041891,-0.154263153444866,0.194844054763392,0.137567011123937,-0.0623543218902989,-0.0768694179337089,-0.133020101220632,-0.148793109581682,-0.0711410101604632,-0.0530125951531431,0.203016872271797,0.299272145898198,-0.12266293446664,-0.193767830842732,0.0981682733764528,-0.231764068318867,-0.0736040755447481,-0.372092460426297,-0.368519774507421,-0.317491642487475,0.187424057376466,-0.339262616786257,0.387315040127055,0.468900950642064,0.457903107163745,0.240993119938937,0.071999897990261,-0.168017236658751,-0.17022934627716,-0.0892815147426369,-0.169815279273426,-0.17360020420236,0.397238222285745,-0.0306124175765011,-0.108799010392638,0.0238372511325935,-0.383483041887432,-0.084481090663215,-0.00320370523318547,-0.095400842253449,0.049985604748377,-0.0830602235051577,-0.274713561781191,-0.182796009674749,-0.192797845429442,0.00338582879757129,-0.0806456256317448,-0.00203281976360621,0.222916214650925,-0.00793437590480448,0.218158401097745,0.169454633513145,0.26605080699466,-0.0322350661515093,-0.107893134501787,0.00423253288860918,0.0193479806176605,0.132022249045818,0.119412891330255,-0.0658281228620743,-0.0808679642205196,-0.372113566485042,-0.355918231501366,0.227051541778742,-0.0301341201649248,0.156125786281248,0.185145745465555,0.205865481832883,-0.302049854556585,0.0198294468986111,0.00182466051603494,0.0984891190345563,0.0250313445437823,-0.128859189131191,0.0798154581873868,0.0539416518893737,-0.0113518902857297,-0.0499156220765492,-0.271782435125876,-0.450176527325415,-0.147563417344848,0.119904937411745,0.206072603362115,-0.00761982378929712,0.293470798362819,0.44176617971024,-0.133322371443,0.0188077544030576,-0.327634075323315,-0.181892677137607,0.198914522858322,-0.335948402665356,NA,0.297941340309377,-0.165358003180743,0.0451208112490691,0.0548658784527274,0.438938551614971,0.452950798262935,0.2657658070304,-0.100618024297731,0.267765349167537,-0.17656213580929,-0.314710556598682,-0.286847535147277,-0.201796063790979,0.500687050505945,0.0655102996468334,0.16825058294413,0.136548186892258,0.064769666775479,0.259069443032696,0.272031483464051,0.0445769460870979,0.456772601684707,0.0788730575124004,0.138718529678817,0.270331383627292,0.239320514400661,-0.0493894351784835,-0.363736552951581,-0.491743601810504,0.262496819982852,0.358214191034874,0.0885184323263261,-0.114178694997275,0.30352285475995,0.336879814612977,0.122658476175559,-0.286244919149846,0.319288863307205,0.155701832470527,-0.13532499258432,0.379217131051388,0.197661479790045,0.335077386597443,0.17383482013278,0.19362868287739,0.231962918340936,0.0510685663887393,-0.0496745837449526,-0.297550429462629,0.0902554003447959,-0.173123100059058,0.388267576308547,0.372729153509994,-0.0872171200641138,0.150096044474605,0.475147667496039,0.15243286263814,0.301617688262864,0.214314925677993,0.125866121390679,0.185301048325896,0.437029616630755,0.0542739983339953,0.156321953364422,-0.401188364971633,-0.201150063202684,0.475542473640482,0.231188660821161,-0.332543683802459,-0.235557257133334,-0.269667767597798,-0.33703964895617,0.37244802859654,0.20373788088659,0.469432800143196,-0.232282437892821,0.251197984196222,0.122537776800936,-0.21914779913958,0.0394725515694103,0.0159965002927672,-0.245577152185689,-0.0317184436598806,0.412342926357199,0.0509610905776093,-0.0759033343118124,-0.126376393810013,-0.316506934361502,-0.392913848834016,-0.335137312598393,-0.150463011856367,-0.363043993377301,0.217610773657559,-0.0791060157742554,-0.092331288185789,0.298791313142021,0.506739431965929,0.523011941297931,0.381759967720655,0.1404355430268,-0.11266092840189,-0.558827481928626,0.319982995161826,0.123282232109033,-0.0503183521778881,-0.226714329630846,0.0945155489547407,0.0150847966131612,-0.457650705773641,0.0799164339088509,-0.0851380049604714,-0.365645132865376,-0.184669826455857,-0.184377743425879,0.0884956415666598,-0.0823250030560495,-0.131072981141722,-0.104071692819344,0.245712254599456,-0.00341953139349711,0.284221637548997,0.139086919990918,0.24234639988041,0.158032310527987,-0.26702335957226,0.244577340459506,0.0284245666640348,0.0924872963098283,0.299070059260213,0.127588452018138,0.127072425737177,0.130036174450355,-0.166705856969494,0.166395220238785,-0.146133319338153,-0.063747739054271,0.0356580281831235,-0.380773438598635,0.0538229338936222,0.148559891943377,0.283860392423413,-0.0480368368338925,0.00499847561552422,-0.158725223141354,-0.0372613749359121,-0.0754580289729552,-0.058977448457218,-0.312210072022905,-0.0406157193444851,-0.150976859226089,0.058498828702944,-0.0601685521778117,0.00433113091267493,0.0133274435574969,-0.497885298242279,-0.508281764499285,-0.367581907664811,-0.0814011105711458,0.141209344091069,0.182023219652188,0.0596207520924339,0.353454916417694,0.00302351865862669,-0.0223728577739251,-0.266328095570369,-0.17766726885719,-0.129420062314048,-0.222506713743022,-0.0518565436670061,-0.16496413498238,0.30404159403384,0.426262906785676,0.0352922578377207,0.301031966409994,-0.134129800576427,-0.227329940000915,0.292892658417351,-0.234641378298237,-0.105534105747133,-0.259775656359604,-0.0282547487375659,-0.0468359417163866,-0.0307526569324546,0.0749663315552422,0.0855170252270869,-0.0623004614071642,0.0229849041245378,-0.465521466008591,-0.222644457968625,0.195948573237465,-0.0782271062572187,-0.00218064522639997,-0.0600069073205138,-0.0643905077453289,-0.0401922466864686,-0.124438439599911,-0.135251815047489,-0.00891977501176214,0.315957995176386,0.0287863176266184,0.0132728787530695,-0.204817598015783,0.094782743217366
-0.24454337250075,-0.131881110544777,0.0101709206961147,-0.399907094734321,-0.175670991641886,-0.221518425418386,0.00198800359139692,-0.0657851314481562,-0.102664489983266,0.00919875774543438,0.0214420352476844,-0.0924264545508209,-0.153302059915592,-0.107287374712433,-0.0258605078190834,-0.126433400613637,-0.0913214095407652,0.226094299141977,0.210431621335378,-0.169067381364753,-0.120224077673377,0.130441659338196,-0.286939278815275,-0.287101804816091,-0.302075920198118,-0.324587864034102,-0.0680430454619674,-0.000970397148369904,-0.168324377254895,-0.129353092119077,-0.448196616626614,-0.401801655403892,-0.273653451027787,-0.141040937597528,-0.245789473068721,-0.314152627373559,-0.317851544713518,-0.314545383792906,-0.142651168117599,-0.0807919939744267,-0.0918688292363902,0.320645962001704,-0.0865337720287866,-0.353888972632469,-0.109117366220833,-0.174422322389361,-0.336585037911892,-0.00124960761719204,0.122486060755254,0.0103477067753934,-0.225987659560853,-0.266879666365676,0.0686875609494811,-0.231090871187805,-0.111787957783358,-0.170613220051456,-0.110350546157306,-0.0696765840405611,-0.103047261357116,0.267658251877707,-0.0685325196267405,0.168412854572188,0.116758798427974,0.239812609052703,-0.0673582839063632,0.164914933799193,0.155239711368682,0.0199036219135809,-0.177592937996671,-0.212058250037059,0.156501040158518,0.320820535677828,0.148432385089281,-0.192797143099374,-0.267552558783639,0.138966439306383,-0.00497460941053959,-0.235545250833349,0.00020506488054669,-0.149154097996862,0.0812438834105852,0.220874406832083,-0.0628465228905877,0.093020823340073,-0.109632769865561,-0.267615137848292,-0.202843031814218,-0.312024169819638,-0.107467963392761,-0.10170265463105,0.0639509372978804,-0.0304521088729657,-0.101968356142201,-0.198200358887965,-0.245864017168138,-0.202387188492985,-0.161556878995874,-0.109336953261036,-0.123642898598185,-0.153925418598086,0.0985412229564648,0.179554856296387,0.150658099001164,0.198208961939842,0.0265770411725445,-0.0421011612882678,-0.229254196060873,-0.500263226831418,-0.505584814682874,-0.0218904321550555,0.0732850139736431,-0.101871933907214,-0.142416886160657,-0.171532661078881,-0.311542960968457,-0.0768901637850374,-0.0879954457683521,0.0202254126219382,-0.12867876212673,-0.214299742848769,-0.168093349821576,-0.174141504512721,-0.242048322553246,-0.00736700222074824,-0.0448741866247487,-0.120155400473995,0.21661274925567,-0.285224451225854,0.238780947353596,0.0697414557662039,-0.0381387587513859,-0.225595247879939,-0.12513441305941,0.0808609896983082,-0.00325351476851681,-0.211108740533118,-0.21331564132823,-0.242016566235566,-0.154780870219843,0.026522975044132,-0.111017517957743,0.272826959875856,-0.0584170554895916,0.0812895787156654,-0.290307385263865,-0.211701992048053,-0.325242574425934,-0.179141804849254,-0.241754118152077,-0.293176121512057,-0.176428119320648,-0.123113176708058,-0.0778712601604423,-0.181539606179,0.0341822822662049,-0.201170831224085,-0.298800989875075,-0.290662638044285,0.0100455453845189,-0.117207664919107,-0.0782963581845856,-0.0321906449345261,-0.20736216561369,0.0597557172669244,-0.259102789740038,-0.265057013919141,0.174267385567401,-0.143763697133005,-0.114744166113414,-0.0510661965119814,0.297941340309377,NA,-0.0230311668459116,-0.104587001738366,-0.141335724973448,-0.118405017560552,-0.233773664919414,0.151300953382306,0.114766379676267,0.00117193519815542,-0.267335707257626,-0.307223295002324,0.122090651350852,-0.0987592715122635,0.180268989109278,-0.25052016072448,0.329086850733398,-0.0328308090549962,0.126573062347018,-0.459476244008073,-0.267762653617538,-0.136989676436065,-0.146257917832168,-0.378850377699669,-0.272556348476246,-0.0396105707324098,-0.294197211460374,-0.089314533326171,-0.0182155987191977,-0.104051153554234,-0.423877574680977,-0.151646616804634,-0.151098986077219,-0.428471338496825,-0.21294792081281,-0.176564181489463,0.291059203522254,0.183672741486722,-0.00631849050048652,-0.217485305658027,-0.0221470662847827,-0.0123029882236084,-0.227506245972579,-0.224921706117652,-0.0416887858301142,-0.255093760762113,-0.06752680998979,-0.124765582530393,0.304742740131022,-0.039596061035504,0.352344999559531,-0.00493640578491995,0.124091896333766,0.143045508752322,-0.285869713088975,-0.226305127921916,-0.0870364502087087,0.0942789376371194,0.340509123798266,-0.18320565887602,0.106058973996993,-0.00198330411093777,-0.166376255296023,-0.135172307076984,0.154801071759931,0.100058921597363,-0.200140187434087,-0.049301593957578,-0.0192287312216284,-0.0384194444966046,-0.0711538591672682,-0.116462080311764,0.121524728100733,0.117160349775205,0.307653906343805,0.158377104852653,0.20613084307463,0.36676712668215,0.189174859202121,0.0400391524980149,-0.116768221180215,-0.179348761656927,-0.120396704518648,-0.0985525651218596,-0.118871292900795,-0.303578287946256,0.228242567880119,-0.0788229399098792,-0.0363626986988697,-0.0740871298964036,-0.166935790931693,0.25215837359771,-0.173896231986932,-0.106649513065117,-0.0657034975193481,0.141447430912632,0.22573576786963,-0.0138035918406851,-0.0578742099675724,-0.102629003207651,0.173656593861547,0.00357610660448567,0.0112675810234598,0.20805079210703,0.263695995052113,-0.0134114375850809,0.0465375736667818,0.123530596852156,0.00772786199177159,-0.1350540336434,-0.0878984242572645,-0.0340739382268394,0.0651121999309628,-0.0654223028628283,-0.0389545304196424,0.161899002771904,-0.0130982569828306,-0.0735025210396338,-0.0375123285477411,0.130296703829598,-0.234343817443573,0.268365311553414,0.0091154227858545,0.0988497305974966,0.124501560580645,0.0813029629407873,0.0588051369031338,-0.185949860565445,0.102932958848372,0.0621452598923678,0.304990308821125,0.129306780884087,0.0296700969262605,0.124204667026414,0.404916186884546,0.370104121073366,-0.206885391627064,-0.266198836420931,-0.340927430470727,-0.249990499915422,-0.0657059953673078,0.290093340718479,-0.0080869657729918,-0.0262830970468714,-0.068048448630585,-0.1153842497307,-0.306295881268285,0.260100088708157,0.0296714577420334,0.161981055089512,-0.181984336641541,-0.0498607227478745,-0.221016475564116,-0.00916076327356002,-0.150825302830285,-0.13348337274651,0.112407538060064,0.134900627819491,-0.12807840457431,-0.341228443551806,0.199595609551427,0.0383173967559051,0.204298352834395,0.239076801598996,-0.0645409126691833,-0.0925139833109119,-0.175035203861164,0.108027677460786,-0.032473593299213,0.164105708296568,0.0613530411665684,0.290070990215928,0.311556020069708,0.19568033219324,0.141939398898441,0.0819263311135434,0.0184055951537199,0.419679660010321,-0.104224582644757,-0.169532844170797,0.0265851043742057,-0.149961940553221,0.219030569094056,0.120482412331771,-0.0384562485316585,-0.0920418551803749,0.0929049026209494,-0.0640571855822691,0.124039335350306,-0.201269592947048,0.00818334231121985,-0.0626946520739757,0.152456443151769,-0.00745622593407222,0.420279785302661,0.0191670393033936,-0.0623929598988077,0.0866347671936963,0.0691860787933765,0.276518629054038,-0.00958513125677147,0.0202300136310937,0.0305439387317272,-0.120440934968906
0.305379949895637,-0.0412019040074989,-0.170144404322756,-0.101713647878831,-0.0410258820807076,-0.0202946861525827,0.450518579805266,-0.0737283366170233,-0.269900101767664,-0.0472492097653512,-0.185515415419954,0.843488519542986,-0.0577859219238396,-0.239031403418043,-0.260298238706798,-0.422260489123118,-0.249795768327277,0.277496433987321,0.37388301332669,-0.133462698996021,0.268064186274279,-0.159101426125384,-0.266375026674204,-0.2341138569614,-0.199215712328492,0.490944814814794,0.0736006842411238,0.260440579616843,0.311462349564035,-0.109824227364663,-0.202411238795803,-0.183841480425028,-0.274447301751031,-0.174058498131412,-0.244890446065623,-0.214669630039939,0.036211394470307,-0.0160985649298839,-0.158995268280015,-0.0234250573536983,-0.00446032434158327,-0.010378744585334,-0.26167755688785,-0.2279795483362,-0.0300494245906168,-0.222656247880813,-0.0164039714622605,0.172522474483108,-0.011354116329862,-0.00532662461819278,-0.269128300252972,-0.134183729860685,-0.148425180925239,-0.115654546186373,-0.0482032757536082,0.0313584873300329,0.0348051812829276,-0.101577217015879,0.170507592573198,-0.222000121093999,0.24117879461094,0.0852517640675568,0.0900723932698932,-0.308716151378218,0.192372520879427,-0.0114654913024374,0.158307256333707,-0.156968196858245,-0.217842554920876,0.0830417034020827,0.0162583379401486,-0.151197419739686,-0.0748030062481151,-0.130279090303353,-0.312712442891776,0.0227810632607746,-0.228342124641316,-0.357418325712582,-0.154850226811962,-0.0343546109599612,-0.108256584392059,-0.178826749972996,0.147537887435376,-0.0739584318328423,-0.094137240906258,-0.27545101219014,-0.00299043631396939,-0.0626674186294174,0.659039183996472,-0.18542355415841,0.0680148259187128,0.242723281564399,0.5168702443014,-0.0152252809393445,0.0642950148966145,-0.118311988713894,-0.023668693163315,0.0185418554810965,-0.0706352034910057,-0.205065774435791,-0.0396991863456442,-0.398362895956379,-0.0882733526489083,-0.439868642503558,-0.080828464110309,-0.263566518960515,-0.339784590007675,-0.0660148504779691,-0.0957879130692103,-0.0187340344810353,-0.177816714193674,-0.428651944252767,-0.122810501672585,0.118662860853445,0.0465374865891199,0.167208179973425,0.123473099301194,0.011807572456588,-0.010952057666614,0.0912274131469204,-0.0919765156961642,-0.297402424941291,-0.267685498386424,0.0819585518526207,0.183253680143315,-0.0659833591646997,-0.00659534367915335,4.24224259276852e-05,0.102319822023592,0.260961993514579,0.167443159113002,-0.0990911860763025,0.256583272695425,0.0160999613094461,0.233909996226862,0.250889123746673,-0.039659708999023,-0.262485393444448,0.173664652977036,0.006269195709741,0.166952903655869,0.0954249220513768,0.127411328430124,0.286979625174182,-0.23803154509213,-0.260323687959822,-0.107194001341298,-0.216832830368957,-0.0841869289940897,-0.0628241533333184,-0.174972530787781,0.331715782566719,0.302029199632833,0.135008767426835,0.143203272623005,-0.213172529473041,-0.318496983228737,-0.0411635205883901,0.121848608792718,-0.247426517039059,-0.018210064284492,0.528800069867672,-0.0969213168767018,-0.220643656143844,0.0486234234599954,0.0118029380527618,0.0671702267931551,-0.114616742223217,-0.0246488380310833,-0.121773697512031,-0.165358003180743,-0.0230311668459116,NA,0.326073981839735,-0.285676721087053,-0.2416002066832,-0.104166764578877,0.344060161923963,0.183546104406638,0.178908657816041,-0.0398062825894026,-0.00694681859095493,0.152266933924197,0.383426605127721,-0.0684987300706237,0.630671090568295,0.146828930797224,0.0465968981534024,0.229687665210243,-0.33869155803037,-0.354660424489018,-0.188166461101798,-0.280195484944429,0.00675670318342186,0.0128081096957517,-0.267564602865076,-0.197488595855214,-0.184393331826327,0.0846967199997503,0.0092954978830343,-0.102036212529113,-0.162812575623656,0.0395696216279536,-0.0110806165137265,-0.0141876518933952,-0.184520176165509,0.0874793201365137,0.0870042258442879,-0.0356916264682256,-0.171443358348158,-0.118421940812259,-0.127720896116961,0.161611063338716,0.00248846057468429,-0.0798422863054166,-0.12961100770142,-0.208653817502524,0.00753473293471088,0.0516198522747131,0.146576807109543,0.337403110522836,0.20485877842295,-0.278285101419136,-0.127854638533557,0.0528425564019634,-0.0123287881114324,0.0326762787652236,0.0149453352888107,0.0850036396928782,-0.36597623563195,0.116056086391714,0.0907135931330264,-0.0989681824609915,-0.190908298794594,-0.235469935658639,-0.13665026621042,-0.175216375807757,-0.0233753347010978,-0.0596838979944877,-0.167341308803192,-0.216205967016291,-0.168176860460473,0.109445123955192,0.0124535465899552,-0.303401515800897,-0.150541747513701,0.146231342206273,0.0190451865100807,-0.0228057348353665,0.0617325284153421,-0.142601936857226,-0.144230839328587,0.120824009370059,0.388776221772912,-0.116665614205874,-0.0040280180743255,0.209906748916304,-0.019860267610437,0.131318794375665,-0.081941949519171,-0.0950501676361788,-0.169615987669409,0.0903903929620952,-0.0176337213430554,-0.193678874762262,0.0179484063640463,0.126595605230616,-0.460092929826904,-0.39581076223847,-0.190860128296078,-0.355032822552237,0.149592179901358,-0.0645768510132206,-0.39804033905315,-0.255243104728947,0.201380950384629,-0.129517883792085,-0.0498681180123837,0.150039227894189,-0.0807838944157012,0.10588482980884,-0.188238070398739,0.0305320847540103,-0.0204491113668838,0.00540534346462212,-0.123049193338402,0.0766961442723199,0.103432396652117,-0.0758864364369808,0.118526155032175,-0.0533969849321917,0.10895509667885,-0.00474127401755136,0.270145350178038,-0.00538036321331908,0.133696425187017,-0.0225934099420596,0.171293664036555,0.0529987989720431,-0.0274263386479804,0.0560864707761179,-0.164496237575568,-0.0214050598412265,-0.183809676933283,-0.188959305197867,0.127098343396418,-0.0922625167975476,0.0194446043210201,0.310341947998187,0.496557839245946,0.429366297400037,-0.0590518515293681,0.245448158749356,0.041061499508064,0.325150497045754,0.313588533940939,0.115518277167846,0.199926036722084,0.0721057963616473,-0.187564975884452,0.139096520585717,0.0305071304646981,0.00889846313870257,0.227879011728604,0.0441824694665852,0.246868292921583,0.0537924209504569,-0.0157560598062179,-0.0045887632094215,-0.277801624883162,0.344532574138357,0.238316630351903,-0.071290148537992,0.166667583772777,0.0817057606106682,-0.0577638390028122,-0.0964677012124628,-0.052877254805895,0.0783520695126353,-0.391810350957649,-0.199323701900427,0.0733469896390831,0.116200631833478,-0.113020702719246,0.110796779393575,-0.12029212880177,-0.16963794728206,0.182164753301617,-0.283394063825204,-0.331988017956842,-0.249157573533347,-0.224660687173382,0.22312273351409,0.352738119699524,0.163529173708775,-0.0637666730632812,-0.135726285288657,-0.200471067350717,-0.0463699412393916,-0.195594371012626,-0.0496148572743232,-0.0869835519644788,0.172441578161806,-0.0261033774111313,0.100604151690849,-0.262015195826829,0.0828920494437267,0.278537493391101,0.000183470174740591,-0.0473723081111078,-0.260238480351313,-0.331280459818793,0.265940394361209,0.0849699553475651
0.563571326537637,0.122798051942031,0.195298898851427,-0.178890282581647,0.281503305258691,-0.0998778734009037,0.0784144934687636,0.218606666472409,-0.0502414174354006,0.138010302101941,0.233985042272736,0.0598616447097397,0.713850981974634,0.684583878642277,0.0183504049015227,0.0838351512700329,0.0794339932248715,0.444530636236346,0.000718333588589789,0.474162439877173,-0.111705852578056,-0.109494721658131,-0.24172862421435,-0.0752275492595566,-0.215763253074225,0.116215989200921,-0.192042312165259,-0.19751990922179,0.167954116095476,-0.297975328960283,0.295252590470848,0.0806035937144316,0.0651561843881164,-0.172758132143731,0.111822416745445,0.100882089595405,-0.0659539382878622,0.272278540933216,-0.0220424479213979,-0.00438739674875951,-0.210694904687427,-0.243104904754754,-0.288137789637236,0.0489317280336893,0.359582751569007,-0.0733993003150314,0.183751055746566,-0.0185250636205705,-0.175359586436771,-0.00662842830195264,-0.215931264908455,-0.276827647222536,0.276550728099609,-0.0636809430016138,-0.0737140278314588,0.124740698332083,0.140301223538427,0.195798722169584,0.311154222435385,-0.401668145439897,0.198133171458818,0.0764138165672556,-0.53386567338342,-0.45256112160441,0.336995326372802,0.138172566360769,0.119989561914015,-0.0178481832356289,0.0363032516860865,0.266956555749889,0.169022133546646,-0.235098246291741,0.115689858641301,-0.266619881840096,-0.0236741468307714,-0.251126023826994,-0.0152494629974792,-0.174800069089563,-0.151791602255799,-0.0783080672305195,0.00596965068212113,-0.396203286389774,0.00998034891914045,-0.365329914218719,0.0567348481621574,0.109358674588472,0.0706050710916839,0.161137997803583,0.360967532201925,0.0823042120823631,0.00113515269862361,0.140160556558519,0.11392767781204,0.154334805740192,0.526546067593724,-0.0248659488071517,0.0756603978866372,0.111237058573153,0.181323093227995,-0.0735721670161251,0.202547723209694,-0.168924650868094,-0.195182979075783,-0.272871956009904,-0.424962929750009,-0.405842244295461,-0.0892219346151801,-0.185251883941027,0.0974814069483943,-0.0688173996900929,-0.142385683899985,-0.470679092602401,-0.238159346074844,0.227787922105299,0.0274323514188241,0.395410068892109,0.365687078974273,0.0870611584250797,0.249615241261999,0.249554275374836,-0.0516267477880071,0.028418002707279,-0.109084719940902,0.115604153538753,0.459979134439897,-0.0799171061992743,0.245974294637252,0.121403514138242,0.0876721550503867,0.555966043563161,0.274686528577505,0.0931059698152304,0.0586697691246517,0.151487381936695,-0.0655082128216681,0.377510616057236,0.237845733821364,0.132937260266384,0.313670592784586,-0.204931507120194,0.0414412499864184,0.271617693760545,0.569879752393419,0.926201482608027,0.0995070951421867,0.0704500205927411,-0.101034552693307,0.0184387814962933,-0.0794521508742016,0.169483918960249,0.187338548402334,0.264912324513424,0.00389921241038107,0.405744859624337,0.0208564064372297,-0.0137282311465911,-0.0857500056303567,-0.0560599663659145,0.0115299238732812,-0.165131045358798,0.298462612393587,0.683417391469693,0.0711601040444677,-0.0190865577963191,-0.0505935943702535,0.279942901832586,-0.256635803930127,-0.249497400960724,0.155462858553512,0.0140157950616244,0.0451208112490691,-0.104587001738366,0.326073981839735,NA,0.155223132229961,0.33904680029097,0.275015834872291,0.315691450818335,0.239120591875053,-0.230359979784236,-0.142890015295463,-0.0542551373022236,-0.0417069470350948,0.198706261397155,-0.241576255036719,0.259240801288345,-0.225916563606116,-0.264104894294005,0.174023976952935,0.0943222442859372,0.131829200396691,-0.0780725637178361,0.179577689469251,0.175269932262898,0.219641773884103,-0.335431233203196,0.156153558467986,-0.0286484645006718,0.203175931675749,0.217099397802601,0.563191138124639,0.0241505085133734,-0.0367227336741313,0.124887014334487,0.308273293251743,-0.0505051239519477,-0.252252435297685,0.0757936294486622,0.08392404252932,-0.0588441253866018,0.0789602799272807,0.252605011950446,0.247442575901407,0.237028351535324,0.0687493690167694,0.466635438231536,0.129237016600435,0.239236024002674,-0.42148001233661,0.20321821509446,0.203738147893994,0.0935541008482723,-0.148572197547367,0.0625435107777381,0.0491996594349745,0.240939989879944,0.194869900968123,0.329721673534678,0.1579219690206,-0.0317525597203297,0.192454964388867,0.246217983612413,-0.125966566309015,-0.0583787127040642,-0.304913677949709,-0.30320896545925,-0.0891402256409295,0.124083057512946,0.00822571591424989,-0.189235045440532,-0.0833409893506335,-0.106161021138976,-0.151326440580454,0.149688526389657,-0.306129713969793,-0.0705963149719851,-0.0969987303602182,-0.519956180680063,-0.378177690337058,-0.368602229272385,-0.00128781948927653,0.0830416754358539,0.367038893921754,0.131265836846476,0.0159704934320064,0.286600012638768,0.301490752255988,0.282098299478498,0.600580118087436,-0.140182094853278,0.0507232910749463,-0.158700603691401,-0.030817313101122,0.243146024832943,0.355394391209801,0.10722448066802,0.371428756645655,0.0623809501686733,-0.097219907358683,0.17277101886822,-0.347200856619446,-0.211794508402,-0.027795531332928,-0.309557014359626,-0.403455462620531,0.277650858090627,-0.356723649535055,0.15548568119497,0.773057064305726,-0.146608674056252,0.607111130870997,-0.129743745335578,-0.105166461386468,-0.308103501208234,-0.267042884446056,0.0426216662050639,0.299950399484962,0.511464304233191,-0.0247536840336728,0.617897030403289,-0.0788036439171948,0.192784929324259,0.0628407586996915,0.547290776578787,0.365688925732842,0.25394164283114,0.0896412826963338,0.212480070951798,0.239701922286942,0.103323501790857,-0.396753462525283,0.187470984253332,0.163225827848734,-0.0205623953192606,-0.555756879409123,0.0380028491208798,0.291207953668269,0.126944496589279,0.0141031078838475,0.252675743049049,0.713623905053364,0.163948433306679,0.518999359849039,0.184397236289436,0.501574631344772,0.0698408945646784,-0.378653977285359,-0.195213034375872,0.335530303049162,-0.275902465618896,0.0532064558874129,0.547306365833228,0.406125285739676,-0.0938821045673184,0.232343598476143,-0.0929268982691027,0.102301138466279,0.0108203340333833,0.234648414293805,-0.240717501115422,0.490880345057835,0.12504231915024,0.148474236931856,-0.353511236683421,-0.453060943501106,-0.351403532784639,-0.232832572064421,-0.277850337414516,-0.328440309485922,-0.341106590833965,-0.392928423564268,0.379404729606719,0.689157720489647,0.0492281788181455,-0.0130925928689608,-0.296167391485861,-0.422115008556995,-0.0225103166477402,-0.0699112732458542,-0.0697848732338397,-0.215131861546208,-0.0545327490705266,-0.122271718121828,-0.0047402283649651,0.359768236702711,0.0653522753577643,0.0762668042913645,-0.140718452832929,0.0635145889226529,-0.127759027632398,0.0302843438021681,-0.122384816322971,0.32174057466611,0.0458498004144066,-0.017055873061155,0.121527103924557,-0.0288579132841429,-0.0186031170128515,0.00778669794014479,-0.132540752895016,-0.183032266461889,-0.160976676213842,-0.234051215029054,0.0683013566376535
-0.344888812279992,0.209825796566088,0.320752510009123,-0.11215561070843,0.498993638331501,-0.160087038828788,0.120811951851696,0.442131142023078,0.0876930026822401,0.26908625914991,0.49715915317371,-0.200093801919014,0.6105481046523,0.647508059399343,1.02575100134935,0.505205580063625,1.04945402440614,0.143948767209329,0.0265032968312019,0.61066175279756,0.0441838022776799,0.333025465452484,0.217822847796201,0.278364065079619,0.000752167039195251,-0.130349785941373,0.370289978260359,0.14266454170473,-0.049255200053006,0.0215030797480337,0.182934278683404,0.107241028159115,0.185396749202298,0.113864287641419,0.154390107196669,0.248234440454187,0.0752659595177579,0.168360027144476,-0.0504357051820728,0.166559905102763,-0.0797302798761429,-0.0341843487134604,0.308684526940205,-0.0435420825125112,0.293293408561381,-0.122248272239609,0.15448117918403,-0.0969596004995565,0.277093044423428,-0.0436545328857543,0.274322348342126,0.167885328837602,0.123488517546611,0.306058585813421,0.28935637408627,0.131271060664758,0.0444230145649264,0.329606021424732,0.232316252612048,0.0655020351683141,-0.0664756813044628,-0.356752392865253,0.0493658140340261,0.115466717736152,0.157216631832989,0.233240825163128,-0.127110371678865,0.113664892141145,0.285039012856345,0.184257119830445,0.0780118487936211,0.233096990042274,0.351844964735006,0.0789015531283423,0.0442161393448384,0.00225037031360314,0.150200298692439,0.364086463887507,0.167692872092908,0.390141680917241,0.483285015938042,0.347147226874966,0.416911145358412,0.325666238481188,0.117427999668159,0.00745818239578615,0.277973575185212,0.251042462552895,-0.178934256880672,0.314652013838339,0.19422915999596,0.0987877972884858,0.122815820377567,-0.199301295289982,-0.170859890925434,0.0383392478766408,0.185292434477944,0.300993050845958,0.128838090122682,0.123459534437349,0.212299852610623,0.146505012612842,0.130764249445084,0.31355539995897,0.12284178500503,0.428738803396579,0.103413659927931,0.000525205954073333,0.28711955854652,0.200260063302274,0.235120655920327,0.381259131299427,0.0343431888676564,-0.100914824563569,0.033054535494211,-0.225633002819418,-0.102436215134882,0.0489131936555529,0.0596708120636614,0.103351855880029,0.258873460516754,0.262963087543851,0.268098768359541,-0.408972107706792,-0.122557157569868,-0.0188731975949658,-0.299865627549748,-0.125679328667288,-0.149567213125537,-0.223509022975138,0.0308576681650965,0.254549182221213,-0.21064718748801,0.234096727619439,-0.0249654074603161,-0.122332585380844,0.574780856290991,0.8863186660834,0.0471779605724696,0.00262679528103928,0.10181456768502,-0.180732915061327,-0.115727191213209,0.100298580941231,-0.0846974714628672,-0.0829202035809045,0.0572319318632646,-0.158182744589453,-0.222171309311838,-0.118374857803067,-0.0723619024186041,-0.061390393664214,0.0794692588434642,0.0294051341235054,0.241997945171835,0.0484632131348916,0.122813925742689,0.0694170107070739,0.0887740662853067,0.23802422155836,0.119093210649064,-0.398125831313735,0.128248990237964,0.0332396605909934,-0.299432539283378,0.486936584465737,0.156247399353965,0.267123316837274,0.203416252985732,-0.0284595581703071,0.0548658784527274,-0.141335724973448,-0.285676721087053,0.155223132229961,NA,0.949814839279147,0.396157857862547,-0.0009979454850968,0.294741543309954,-0.0836494712373639,0.06066959621288,0.201884573519133,0.334129047751557,-0.273167453064514,0.233282783462776,-0.249358321346273,0.275876456694642,0.183980598610967,-0.0288010044344185,0.218291460745521,0.14124487069015,0.0070062996087127,0.0900906464358153,0.148303001683491,-0.0100510227642134,0.179459532984379,0.303466240867712,0.328632451134119,-0.117974809297459,-0.0150042262729558,0.261561217811161,0.0537078685027811,0.0788108347332868,0.282140481112042,0.0360704927012949,-0.175978560178808,0.0985450123940953,-0.0667307359396952,0.0150441793136274,0.276669488082464,0.38611295782323,-0.0347008384802949,-0.121650790613473,-0.0108749924179512,0.192191101378986,0.348401838437163,0.237279275892459,-0.0264176774831335,0.0394126513053954,-0.197614049960638,-0.335104512245113,-0.187882815209619,0.185004259239349,-0.102471520077517,-0.122346612485028,-0.101174939815268,0.0952575684921965,0.170913065147599,-0.125507434848762,0.261400997650841,-0.273431272168496,-0.143010735255854,-0.200248155711892,0.20225921101218,0.30894475748498,0.131506430563076,0.148314961955968,0.149144900280347,0.190631828195,0.293701267558178,0.12668193957012,0.168932710302668,0.0910694268407334,-0.0209076129754325,0.288695835703168,0.365426246719292,0.217278338734228,0.0500194984465889,0.0421479556784997,0.140504846958854,0.327260327607659,0.310911022288586,0.216973891177636,0.262105866511149,0.187661652302919,0.679935129133082,0.108077214090881,0.314126028047876,0.0608086797764239,0.0617506220294375,0.0516529648439645,0.302460138888701,0.200930766940791,0.166148560488357,0.244218281886067,-0.0436497604130793,0.00752376715319054,0.261730189862878,0.256061906145959,-0.0366526158006484,0.558351724726345,0.223700215885607,0.276418109279419,0.265168234154551,0.370903599339728,-0.126243575917079,0.141345382450456,-0.25644078800791,0.00475482234471722,-0.0081915979102549,-0.0927954338165808,0.43244694828284,-0.00652571319634297,0.0934355988049855,-0.0942343387359884,-0.00362763046336162,-0.114674098588793,-0.186355654712874,-0.0762838251543006,-0.149286347583896,-0.209585384506619,-0.240380500879247,0.0912740541396855,-0.0151442556830163,-0.190212498988434,-0.0833382354851632,0.215077688036451,0.223227018270318,0.102021945338903,0.190475436904985,0.0174412847307712,-0.13000088608391,0.28146275750455,0.200682362028598,-0.290258374357877,-0.00800405572205273,0.704112518155611,0.703309704434913,0.121959378622928,0.406819817080676,0.146296769225324,0.194729063188602,0.0481420715266732,0.163476594756546,-0.287697038236272,-0.454738899243735,-0.254187371573164,0.2414407424,-0.222938279027748,-0.0239130844880288,-0.323410700526484,-0.232956099694733,-0.195308981278101,-0.497238175700523,-0.268173264496976,-0.188080032358651,0.0707681459501909,0.0757494184907055,0.216496582108652,0.332028329455009,-0.2247253017747,-0.0897283431438467,-0.0654443272432982,-0.114386466930045,-0.051901680257829,-0.0524186308639307,-0.12003862285078,-0.033275100370559,-0.156922579187367,-0.219169265518672,-0.0862327501809631,0.00141235810821563,-0.0155223481243268,-0.202211491845046,0.143369698921771,0.11010086531966,0.148833293671736,-0.0970387963366066,-0.116925122584419,-0.143762576839623,-0.344509243126364,-0.258414009936656,-0.0526285496490561,-0.125557847196475,0.0855284207544237,0.0853523079563695,0.363759909752278,0.286378574302421,-0.13525754471583,-0.103835962664477,0.0544949997347914,-0.141583350985572,-0.253018937284676,-0.310900741908202,0.12169845254467,0.0591238474811749,-0.131363482832227,-0.311985765895222,-0.0813442285039893,0.0542563624251622,0.417169921139291,0.296589730545698,-0.165258443643788,0.0703548674234313
-0.0227494755306228,0.461550846408519,0.609851577690528,-0.0752224995918301,0.426371862056877,-0.0972349698670645,0.109796837538063,0.864642175931806,0.128936812008201,0.486193734049504,0.487335099500495,-0.0367948168247793,1.08868365300049,1.06992324478681,0.319684888484896,0.77066963874818,1.08406024175526,0.189028816188451,0.0425619587027637,1.12378082480238,0.216999654961043,0.346472085603258,0.18311668753051,0.061903432827951,0.0254516301903096,-0.139893979987116,0.366698142574465,-0.0237037302561534,-0.162483903904206,0.00275363937804521,0.486901703737439,0.297303190351837,0.239998693258305,0.249005648597577,0.379010671806866,0.460140809930845,0.297568213591112,0.428660125112994,0.114075662336025,0.107438018584768,-0.00577621206888696,-0.0626188280758042,0.0524219160989375,0.0190214721697854,0.415406848520536,0.186126482887864,0.462500063709517,-0.0332701812047327,0.275225530498437,0.180614707224873,0.0584887651437588,-0.0978603442917087,0.491179750943195,0.199519971080538,0.310555499115426,0.151535400141741,0.451407105610726,0.349723999255797,0.249182050806076,-0.0583211315456672,0.0247363630554693,-0.132769777133147,-0.0970313862907692,-0.0332896375475626,0.40204991789547,0.367687451145083,0.147061320446487,0.343870724543709,0.500804352053378,0.498407560299192,0.14170526429898,0.0947162528603459,0.399152216051734,-0.128415308553666,9.5309866828561e-05,-0.00920620776636484,0.498651001587492,0.0909666479063798,-0.0500081478417885,0.131335918145881,0.312892607411635,0.0591147248012229,0.0984928707510773,-0.0743978023880154,-0.0724167567287951,-0.0479993060169856,0.338167036434649,0.336254306236143,0.0892567644532401,0.712500212734892,0.105749172405976,0.0373093233958444,0.301816165289209,-0.206630398383259,-0.0561328160052489,-0.0124936020576555,-0.14479265843994,-0.0738824170607618,0.444626783825382,-0.13316056359983,0.310967178123081,0.288439359143409,0.298508187019494,0.330641283397966,0.0563419340859237,0.110003418883901,0.0437136740134354,0.0409034488017273,0.213734225952526,-0.0108271644051209,0.233825188773771,0.100846620584531,-0.0389637785559522,0.133873795890231,-0.184196227168478,-0.221198196635611,-0.0818759723402336,0.00327049397241767,0.0625286891431143,-0.0312624598425364,-0.0540320963323663,0.149284317079087,0.0653018786442317,-0.274109159969119,0.0103408854744541,-0.0362873711299459,-0.0186862667218881,0.207246347855215,-0.14168771819444,0.000969362776661587,0.248280773227253,0.351973300772117,-0.140431073290269,0.197342923127376,-0.180592483202562,0.149224270544804,0.75096922291228,0.477390217058345,0.0435120167213485,-0.542801183017362,-0.295421718761082,0.0488172039307809,-0.0242635179472394,0.221406723327377,0.0856817260020408,0.0578152706522349,-0.0725944768895959,-0.0417236732107016,-0.0698212116865296,-0.0290017686764067,-0.069271948325095,-0.157957807315728,0.00541710530296678,0.00129080891807179,0.0838688199069914,-0.035549627717427,0.088978694383673,-0.17211295350456,-0.0373127898885223,0.223508775627734,0.260483978145818,-0.115485890585172,0.507739424483087,0.344678617658814,-0.24641066968391,0.690753950004551,-0.18677990979227,-0.121866206609911,0.36449415274062,-0.129763097147913,0.438938551614971,-0.118405017560552,-0.2416002066832,0.33904680029097,0.949814839279146,NA,0.935997320651686,0.107323302817752,0.0533951438674367,0.0866378338963441,-0.012825852910909,-0.0509963121409777,-0.0343933227385987,-0.26535629005952,0.427553335490316,-0.113167192541004,0.177050367080867,0.0847637783937177,0.0802723001558318,0.537476975253918,0.397078801327708,0.0210245495100341,0.400725835186672,0.285706270244651,0.14404368314514,0.172042175659824,0.557447912829655,0.266023873225565,-0.317973484187017,-0.120974015888474,0.519510852600007,0.212780819337959,0.223693573336122,0.289815120194911,0.32395352138505,0.0735511947866447,0.0552130892512695,-0.150171691759532,0.272202445390729,0.389863822710581,0.27518057428457,0.355303830957899,0.236040917361531,0.320027907005161,0.307472793267513,0.61846185624078,0.476635385667244,0.20105195107575,-0.211140428650433,-0.188241357358514,-0.238854295016195,-0.267102040541832,0.349378230456974,0.137313200151355,0.00131616321306743,0.056085466986232,0.398234515817189,0.248606898702802,-0.115763810374156,0.341964745877883,-0.0801113269071417,0.159404172983419,0.123227804957703,0.146646844473902,0.243154458582442,-0.304329622107958,-0.0223308998492781,0.415098083560606,0.373913645543968,0.0050370666231103,-0.088428309554769,-0.173769329905936,-0.26838208326404,0.291108755176231,0.135032549298761,0.387112036016705,-0.151075385999392,-0.126366912340379,-0.167380087764287,-0.15818922062683,0.398837024542157,0.435916628225024,0.138436130524215,0.279625683511221,0.59618292268546,0.828142714736969,0.144897055600216,0.201470589776655,0.0171762941001622,-0.192886183323682,-0.0428260482188813,0.0361388499444037,-0.164501390785691,0.468127830712918,0.202155844212659,-0.0514360105583746,0.191789788853578,0.522828694593525,0.484045029231825,0.302343105572706,0.21450740517498,0.00424362716915924,-0.271830894002936,0.137224900012676,0.0526885660140204,-0.114872411615602,-0.141967422554348,-0.10631527333251,-0.00960438081654,-0.208083878767683,-0.0458354344974404,0.267109324449179,-0.40355390195185,-0.101299905883966,-0.224087336730283,-0.100408410903021,-0.0963745129762997,-0.0745664802315563,-0.0974378236957266,0.0761644536108982,0.0202982292400914,-0.063532539913627,0.239136089391652,0.210917521487907,0.0763689171129233,-0.179629073211985,0.304986152598519,0.392355163471011,0.190499828955284,0.222391270556691,-0.116702877887496,0.104267485642409,0.235915384120255,0.0687317009919313,-0.440390639388206,-0.100717985504786,0.595558432842921,0.662372524884937,-0.0297461349021286,0.525631096588282,0.401247225847234,0.277212318313246,0.0746223184708762,0.168742858111218,-0.163468698309992,-0.174313296310641,-0.222962910452363,0.0665833222930046,-0.234142151521266,-0.108154502500679,-0.328615516541778,-0.119729648777198,-0.0271790585858447,-0.333262620898814,-0.164779798541154,-0.422324446200202,-0.185189097747011,-0.262960117943655,0.243068498855436,0.263079839489886,-0.122612235856222,-0.0977896685126351,-0.0193783880307027,-0.198779720338323,-0.127760029806676,-0.324092904855853,-0.261633506877652,-0.22023039227818,-0.323817825449248,-0.453282638423512,-0.299597354234333,0.19651567512427,0.239569626623896,-0.158471668305552,0.247826101752965,-0.0977420121977783,-0.239618117202437,0.0261894686144415,-0.270190184283815,-0.166211760356632,-0.446992405835936,-0.183648367457859,-0.272826191183495,-0.255721248003329,0.198015194391969,0.236353247597693,0.303712970601297,0.329249301541466,-0.331489824917324,-0.182275753482196,0.287719170366302,-0.0624052042122137,-0.229730848151532,-0.251395385242894,-0.144008699961982,0.0289546515894058,-0.271451200228041,-0.35922904112357,0.010109400078558,0.246091857458304,0.308892335640636,0.215598419223614,-0.321857044804062,0.0325133317031514
0.141616301312614,0.608123351691337,0.723372772580151,0.0949596405764263,0.281316864133603,0.15956723089165,0.0389556793928818,1.0868304153717,0.248258977051407,0.372839306092542,0.116570334643805,0.0330318369445099,0.843360764666322,0.618536846525999,-0.109758190997822,0.421058185311495,0.610034961715942,0.133095827155564,-0.049103763016557,0.894530262169371,0.416210390042814,0.352568926741456,0.267111135296004,-0.0589400067242894,0.177078921993538,-0.0652773758965071,0.331117204344413,-0.0570697737004709,-0.166019867671686,0.176373232200214,0.663073064625693,0.411306439259604,0.413103106026226,0.306442585396112,0.795219365837629,0.629591981802852,0.509123095068364,0.718443990143912,0.204758197106926,0.00525728133439007,0.239108739482764,0.0099643740856193,0.0649835160322351,0.157942103377415,0.599719850131787,0.316176674936104,0.588234131533485,-0.00187982975703398,0.451425968505146,0.356205000968561,0.0333779176280205,-0.077517893518243,0.588923638257958,0.182288090666007,0.258784834382909,0.303967048054709,0.749608511390393,0.490979044960823,0.304082162719184,-0.121786777750956,0.183643672678061,0.182409497588036,0.0165665983016881,-0.000831221588834465,0.50816180024667,0.339484398679274,0.308798889957047,0.410848719043511,0.541360982387279,0.612029803059507,0.0739522325868009,-0.189335200941731,0.269618547894499,-0.241402770598442,0.0637349872102533,0.0187792199425323,0.599857779928794,0.0992448376779627,-0.11329048803594,0.052172201665572,0.295114648349378,-0.0233951203356214,-0.0273910244334433,-0.2428162225158,-0.217366170272491,-0.018139166164179,0.452103584206053,0.380380276310648,0.223190971165098,0.722390364889389,0.0827994951284554,0.0665739492587078,0.393876407452611,-0.0528719857461503,0.115621774217587,0.0216832767434825,-0.276223104791265,-0.198396899631255,0.607383289484313,-0.0957455025110819,0.431576866425613,0.11866691080147,0.428370901060419,0.2348176063445,0.120038615216348,0.0392300969351943,0.130693700830813,0.241431762737407,0.23421338213571,-0.107392323386682,0.407100493845119,0.102677345055196,0.133270262629245,0.234972568191596,-0.193159369339582,-0.195645915550024,-0.0922350234090694,-0.227888180464453,-0.0106556109419279,-0.116089424222269,-0.108860583976136,0.0114665969599518,0.154688431671768,-0.138788227154823,-0.0367337633539494,0.122294062837731,0.257487879901506,0.407028756626872,0.00107358845092973,0.0365567969679496,0.614585339852209,0.556379713412327,-0.155970455416202,0.290342217076495,-0.125208847743333,0.416665109059662,0.848071511922482,0.262461420710267,0.206428650433546,-0.76122013063132,-0.25513634389327,0.042122734400779,0.0852309881360462,0.106014872046877,0.260716834905464,0.274632689793865,0.0558880626346877,0.164523687944798,0.221721716714725,0.109261497090663,0.0171508083493731,-0.169292557177943,0.19755949545521,-0.00765769741958355,0.151415939779241,-0.0818765456462696,0.111970507641076,-0.215208319846042,0.0304841774225395,0.384447989365328,0.185728279939714,-0.0428136207119829,0.787030437343422,0.506372080742289,-0.131912995355738,0.673647192269133,-0.403891008792353,-0.372038276403885,0.552686958430311,-0.123771125064021,0.452950798262935,-0.233773664919414,-0.104166764578877,0.275015834872291,0.396157857862547,0.935997320651686,NA,0.0567357981052101,-0.0243522025159063,0.3300749279282,-0.0012885300552666,-0.262626068832715,-0.46732190298575,-0.283743975441586,0.385743221635433,-0.0457698750388501,0.226248209866376,0.255844549354888,0.336245736450565,0.638786917264181,0.517026673578767,0.182094974367405,0.717431601338395,0.354907684939159,0.316816878836882,0.333230853909518,0.689633731445452,0.254691347530046,-0.473256591863853,-0.213416272856008,0.624194598049814,0.413881115060524,0.276854061464944,0.259508197681197,0.340299993937795,0.182287726493965,0.0442920811556275,-0.230144669552938,0.605816807194826,0.510085658573263,0.109839584555869,0.46860190028519,0.444607903166931,0.573652575765291,0.278300377428593,0.791428730640532,0.566493654992453,0.125090701314837,-0.201281837199619,-0.172547047917866,0.0469801642450366,-0.164059831826542,0.53354038940039,-0.00402427864812665,0.215350431823232,0.0185938499673877,0.550676133429893,0.499594345385751,0.0956025754981348,0.727707612893632,0.178391438426905,0.192489957507097,0.432786251710546,0.112008723853296,0.0541860924382332,-0.576481816521724,-0.170774266037712,0.512088498876259,0.574249821517578,-0.17926969122859,-0.216589019719357,-0.445143094811935,-0.330496033567314,0.453572819338345,0.063864987844159,0.416580769751657,-0.265392214801961,-0.0280056460941115,-0.105158728025166,-0.126659221561708,0.513855589549449,0.476531669981784,0.0971790112561812,0.3358177866634,0.70497521212271,0.676432251284552,0.128953713080041,0.284316344492749,-0.114184682534888,-0.340045155496556,-0.14662533216378,-0.121367547889953,-0.357075975581988,0.63465269038677,0.201371864983388,0.0536889130305265,0.319169974766381,0.640856466050153,0.599962707424345,0.522876742841582,0.113314588224705,-0.0551780805674024,-0.492324082238779,0.17723256513973,-0.00336371481883718,0.00262946299558046,-0.332917196444083,-0.146954940413879,-0.216869915560574,-0.356824433829002,-0.141001334135306,0.0341895734935854,-0.543000011001984,-0.190139647162395,-0.269964167168166,-0.0136332360766406,-0.266026353140238,-0.223601205634347,-0.117053190257948,0.270514575107257,0.270170218058729,0.163811087917222,0.525046002092632,0.198061945375127,0.234016656747936,-0.0326280984875941,0.396932379824989,0.654049602797889,0.367688889231627,0.275245677420558,-0.08654499519429,0.143636190956425,0.266484546010687,0.0214755943124228,-0.352596059856249,-0.225399270484785,0.536646287048088,0.628224134227975,0.107454245987025,0.481100201595906,0.364034225165102,0.244058604539268,0.0171779534465545,0.219849745548751,-0.214738313321509,-0.00508147482797565,0.0965363864454791,-0.0365024681486076,-0.252832912969347,-0.240927182830115,-0.179144652671733,-0.0791460313223128,-0.0628440615861922,-0.0540977687762667,-0.140118678926125,-0.244459020889557,-0.340287375043461,-0.478030582770358,0.236642083438641,0.386077393223827,0.0145153456809769,-0.0738755227040445,0.0697664715873625,-0.175998349128846,-0.0365035172239036,-0.249541847915,-0.110448456223861,-0.338851381040078,-0.294097018615089,-0.361184939013401,-0.349607616967724,0.277675284091836,0.325007994251919,-0.121126321977703,0.258604816282503,-0.0744365407868959,-0.315026611747514,-0.0834866832163332,-0.115314421689761,0.00803833053723044,-0.353443898620747,0.000104980085237957,-0.385987045395054,-0.296388744264122,0.232442178361688,0.367815511178881,0.33859919459878,0.496395480797127,-0.410416523399029,-0.0596582423940865,0.496940366203347,0.275680260062698,-0.248659806673897,-0.322779186860477,-0.477939757996338,-0.137174668035947,-0.297961925441378,-0.432631242296929,0.156232424065928,0.363425183269615,0.361973871003541,0.169519774328984,-0.447619728448273,0.115213896519391
0.175065973064596,0.0823612515143315,-0.0600137450713997,-0.0572017603075804,0.168533555178647,-0.205749056840604,0.0278371052496551,0.159307309908586,-0.133944655229666,0.117639281431722,0.082147415738161,0.399422959691189,0.189273129156625,-0.00257388755354208,-0.0408793751535389,-0.13374566560912,0.0579982460583391,0.581657367865253,0.20585205135775,0.0906887341980236,0.0755920559169031,-0.173926211111626,-0.253543917439435,-0.317377859576196,-0.233281438623722,0.0837835139670215,0.0368594510860877,-8.33956317634031e-05,0.0432268327130371,-0.180387505656245,-0.00540389912380164,-0.165588919990467,-0.157420931432535,0.0448476919482884,-0.119898664910235,-0.110841366961851,-0.159986021961359,-0.0246100432901787,-0.1837341571375,0.0755515959935087,-0.105416916755081,-0.0729879409630487,-0.453292954944279,-0.152200149739442,0.154848878221453,-0.248308735003568,0.0221506841117223,0.169267221568879,-0.0428584360742572,-0.0445958363964268,-0.268586873966486,-0.29716498727538,-0.0225475014158931,0.0538552841353918,-0.14179074594937,0.123803484909446,0.1671086565689,-0.0679954006171204,-0.113476880708857,-0.125932211777707,-0.0147435589418257,0.0722660284032486,-0.0498480451854167,-0.0462267283099389,0.24653983897432,0.00830505247225381,0.227160283678395,0.0304460697803265,0.193363976194523,0.226464434982635,0.0195481000281381,-0.125010165189483,0.196581199618477,-0.188730360334039,-0.242710371189201,-0.0335170180974586,-0.242755819811771,-0.131313064287076,-0.0890942446124076,0.201915509215837,0.164678772550948,-0.093835021868013,0.104967368082707,0.124384643542241,-0.0768261152587431,-0.27540021991926,0.19771517889325,0.189513635614585,0.322109103630737,-0.0315243060226632,-0.0274235649480815,0.111611495638269,0.273104509157443,-0.200218765576225,-0.121999642107932,-0.419219486941904,0.0796491594830076,0.119462048569881,0.184931094413519,-0.0226248890618958,0.168427934701465,-0.188343270039753,0.0983743411656793,-0.125839871727594,-0.0448538003077005,-0.272928315229128,-0.407109024802935,-0.359259220808884,-0.127795005545801,-0.174690256104812,0.010972404013251,-0.235917444052267,-0.129101079236949,-0.0152782506444369,0.00716620380320679,0.1464862905001,0.0379011259293223,0.126761348468014,-0.0075506859449847,0.127273586190292,-0.15987713000027,-0.126599040835483,0.00644651163814213,-0.0879046176803731,-0.021653334092621,-0.254230249234054,-0.0137611542840908,-0.208454312148047,0.22343297294513,0.384590641580466,0.20900677375775,0.194963826979676,0.0328590309868667,0.265354406400146,0.0820571651572678,0.402240875375242,0.118578994264631,0.19229488754422,0.205855172622838,-0.0935674732234012,0.0715250902929435,0.246758389978587,0.282509079255726,0.606051043370896,-0.113339606368758,-0.0861561411671496,-0.227528425845265,-0.0913888561158968,-0.13560993203327,0.0207108357999485,-0.0371288870828094,0.135589765412755,-0.0212687180182504,-0.0870734759496471,-0.133511815426983,-0.180922416731362,-0.472610682498533,-0.30809577305939,0.175666371887013,-0.169523776001831,0.117026129041993,0.207169480500189,0.107509496179259,-0.212889269192564,-0.0631734346805021,0.127665350413075,-0.0694877009405402,-0.152078441200907,0.370921443126038,-0.126724897410591,0.2657658070304,0.151300953382306,0.344060161923963,0.315691450818335,-0.0009979454850968,0.107323302817752,0.0567357981052101,NA,0.154992271097591,0.079479191734921,0.149708326201354,-0.0412247305035198,0.0833701096606138,0.171878346311575,0.0536584680755609,0.22473714331404,0.182603158394442,0.0299577900422736,0.0139411988214275,-0.00411545196279871,-0.112564662668013,-0.250462112894122,0.029383891001656,0.10829006652675,-0.0543685632568464,-0.0892465523148329,-0.0847307472375196,0.0608334272408779,-0.0429664931937261,-0.346416530509762,-0.034591992485387,-0.122640768869179,-0.0054876666460298,-0.113469512673698,-0.0321176351557537,0.0152606184754379,-0.110812302238142,-0.227006011795037,0.116089874290354,-0.0401439627479225,0.077997676555679,-0.00559202144471766,0.1944548146499,0.210527869313313,0.029411729478791,0.0417900302157374,0.0381992612285699,0.0543443529027686,0.0279023746188943,-0.131903785224464,0.258094256189983,0.00547092498840099,0.0248335921429148,0.188244292952496,-0.295860377954207,-0.0600453681219152,0.213272325538444,0.0554003217160991,0.174057196085206,-0.250060926078192,-0.15843917756153,0.067018159355839,-0.0108976913017932,0.0717770646905363,-0.0192990873978046,-0.308306412424956,-0.112925403227096,0.138424702075574,0.0223657839489409,-0.0978494931628757,-0.0957090451807991,-0.118440630093635,0.0193513520654307,0.040813870689231,0.0126980138802173,0.163074579483328,-0.000321563025300918,0.115127160450568,0.159118826851417,-0.0464570779244879,0.127855226314034,0.0726785508798352,0.141275844836042,0.279428311024241,-0.0285993165838132,0.137974789204795,0.154807817655088,0.116778099223383,-0.13948703981052,-0.311521921362211,-0.287329465305617,-0.0706234616569595,0.0898923679766337,0.149698300308258,0.171573270568094,0.00117588633067871,0.310731592422368,-0.185402824248964,-0.224132737875766,0.211550021729018,-0.0908488618474963,-0.137969041559233,-0.0268993329800482,-0.0630216558668075,0.0650557754730367,0.126188163274697,-0.276703761641906,-0.113829099220494,0.241526299216581,-0.2740303091167,0.266383538927328,-0.0790915464528164,0.223177772172929,-0.123295499358415,-0.107766036332914,0.0497029958719762,0.0345277617928338,0.213851440435039,-0.279798570743072,0.102524047685531,-0.190484014892494,0.183145157713804,0.0525589339104503,0.309906457832707,0.185436018732747,-0.0401320070543337,0.0971015028738006,0.194128866918932,0.253987916088873,0.0702711271789886,0.0874332230951497,0.0987998570481992,0.202761853261467,-0.10841238731858,-0.144116078239569,0.115736585740334,0.00929145002984336,0.290262796194614,0.064817476892937,0.100052082562618,0.209174775867432,0.0134454466671508,0.291133065494961,0.00572165119362126,-0.0432216435139766,0.0270957329729112,-0.0517955089193128,-0.101634165592178,-0.111565450036936,-0.307665052074784,-0.132164826818451,0.0401128279567108,0.0422571683615267,-0.0438853912875981,-0.0166775198917157,-0.12961328182984,-0.272529605521238,-0.225577613983777,0.0633852588034882,-0.0607584221862499,0.420536879506759,0.346789047788019,0.00352190363519997,0.0103545131242215,-0.108849658818065,-0.150354644201913,-0.325640703722906,-0.274512133901021,-0.23161726218653,-0.16641783760103,-0.248726927172914,0.50353121599379,0.397621584751217,-0.0399937162022962,0.0162991779116182,-0.24624107782429,-0.247457735544085,0.142349851340495,-0.16690809977612,-0.220731945585504,-0.307532567125243,-0.207872223439274,0.156148232537918,0.210374822972482,0.270407462064565,0.14324803007929,0.090561521998831,-0.0833272058940747,-0.2338184220633,-0.286869256325133,0.0683668820398655,-0.145892233822959,0.231577341093519,0.0993226371138073,0.0186036744770848,-0.182146480234579,0.0237885995793912,0.071584686787042,0.238731577923326,0.168437774489259,0.0138076881946585,-0.138295326212883,0.0450028840540269,-0.0847997482168156
-0.0012232049177495,-0.198803643353894,0.078864519165664,-0.259131389121067,0.204921128201223,-0.0134728022884355,0.211995540817648,-0.117545237856765,0.214967779552589,-0.0750325909162141,0.0965378987206552,0.170463597641017,0.0635855863676159,0.106194690227217,0.266993677972796,-0.0173387983116721,0.269604326139222,0.327688715948524,0.25042738720778,0.0433733385660487,-0.0828108836567924,0.00698282072257007,0.023577631590767,0.236381560684316,0.0112103900078021,-0.0644912973990027,0.127577334622651,0.0843030231443046,-0.0231758847536142,-0.0697580486810706,-0.0661157229871684,-0.318551198733172,-0.137250914589989,-0.0391008624054461,-0.204608962905532,-0.232815251346544,-0.0844419885924425,-0.102200921984339,-0.311092892971343,-0.109189034041398,-0.0787170337108244,0.115023584612255,0.0913860379911791,-0.0314331831522551,0.251201027927494,-0.240462268506513,-0.0112145246451987,0.0590445667781489,0.090150823620181,-0.216424534554878,0.127482496751357,0.115019138054533,0.0177398513024517,-0.18282617362317,0.00325888883310523,-0.0295180252532393,-0.15069772708218,0.109433854663702,0.100141895059798,-0.0449769915979627,0.0862369911294381,0.0228528174385468,-0.0691717960882514,-0.0694262894803552,0.107884865366446,0.20106086235395,0.0994190512503034,-0.0227500858663655,-0.0484120559812312,0.121220046635741,0.0271851487671854,-0.194735798384833,-0.0801486299270313,-0.102650471001837,-0.0337640163931464,-0.0764393985317323,-0.270097867162883,0.245626070794415,-0.0404814798720387,0.15652200048147,0.123837403034579,0.149407888895948,0.300826120277341,0.261807059472567,0.10808391515376,0.0527120185777941,0.00792234163542823,0.192830727013212,-0.0110217778309949,-0.283914007570285,-0.00755637575767781,0.124160694979694,0.0400029966653561,0.160654973685297,0.160977630193055,0.143203441134485,0.145116742081514,0.47425677943386,-0.191307432004135,0.0996955619516246,0.323823859042746,-0.372506674836055,-0.0505021758570072,-0.147071059347344,-0.0288167324478161,0.0815759551460541,0.151946938645704,-0.222126169105965,0.0881284025128652,0.0604910727614029,0.070386969427544,0.0640614149651475,0.115972312795026,0.175049672326932,0.122867046668241,0.0157616112866963,-0.148523871065773,0.00130964968761465,0.184479573599781,0.255634139155708,0.100869049215387,0.399849588971025,-0.0720311647187869,0.102131884907689,-0.0180965038307129,-0.0975656633681815,0.0441036860573596,-0.148683568340014,0.167116023418795,0.139163838627021,0.165286244242136,0.156545112346191,-0.140841892445611,0.141249832991177,0.145342278126435,0.202526981740214,-0.0691200851053631,0.152135910091958,0.293888923147325,0.268034904298907,0.551140982767968,0.14268877997932,0.13566694261895,0.190827058124224,-0.128361073129361,-0.0684394924959832,-0.138356052691567,0.0671702193707588,-0.159981823340674,-0.0619570020010427,0.0905212674017785,0.160700471351153,0.144492446763124,0.105020988392556,0.0345392867807377,0.0825546717667798,0.111142461415875,0.134186295285238,0.0611547044433205,-0.0482958385958621,-0.0821405027373318,0.0170455993056684,-0.237006220646953,-0.1607888560776,-0.135366896638206,0.0844694033227082,0.132211935071672,-0.0904865753694125,0.194314569454182,0.0811928744186115,-0.100618024297731,0.114766379676267,0.183546104406638,0.239120591875053,0.294741543309954,0.0533951438674367,-0.0243522025159063,0.154992271097591,NA,-0.190878065641692,0.0860981746057383,0.102708623423446,0.090672312830257,-0.0819027458201163,0.0790995869333817,-0.140171675112861,0.22394606028517,-0.0272046784010944,-0.020917158522132,-0.162317053935936,-0.182675821017777,0.0743896305687013,-0.198914080113197,0.123923409567094,0.0449965015794535,-0.170997054407775,0.00693909303769048,0.022602285364744,-0.0749421946014207,0.168367331242016,0.0456406771492025,0.0571428761373321,0.0237561672374965,-0.0670506932007897,-0.012600423747441,-0.175050601997685,-0.0257034275972797,0.0658481375885897,-0.0849423634036481,0.0873040881293133,0.304927236193216,-0.0976526202091493,-0.0999799925316715,-0.11252402135653,-0.259657087079425,0.0122290952429546,-0.116635838439413,-0.176155791994359,0.0125011221776188,0.0817978815538087,-0.0201839479444572,0.0637117045674757,-0.118365421455439,-0.0993023170675282,-0.0470281491777389,-0.240398432559452,0.0687889131898981,0.141533342387579,0.195998604755108,-0.114987728715249,-0.0445115707025311,-0.160687582542177,-0.206639317468083,0.0190306448845078,-0.0633457875886759,-0.0334971897126409,-0.062482934380236,-0.1542084057941,-0.16490466136166,-0.112354859310552,-0.106811111336372,0.0127618030614527,-0.0146641717968284,-0.0085328162849689,0.0168546045456313,0.131205089048858,0.223027886625796,-0.0488873512060089,-0.106623157731081,-0.164680745624556,-0.00256622454468226,0.0319078125977845,0.325420348910945,0.144646807634492,-0.22006419605064,0.0820153330105601,0.114748989519259,0.319682151328753,0.203292043816959,0.124232727243465,0.154204142305399,0.149309602211658,0.42666629241691,-0.0645662787589048,0.161072763286526,0.0350731394100969,-0.0965791911923157,0.0839280435216025,-0.083761748787162,-0.259141307740808,0.155701087598375,-0.10949527108615,0.215815452746392,-0.0294817390261028,-0.0382660410398563,0.1405470465047,-0.0607770487387748,-0.0875555098236285,0.15261483287732,0.0759007758152432,0.0620425788139249,0.0499519178328832,-0.0845769276861262,0.0484171941071032,-0.14187819634421,0.244929517658305,0.130100774025816,0.0368087485257303,-0.0535709410031974,0.133463232127759,-0.0536376007162675,-0.0457472468839735,0.130049298635342,0.235305388365491,0.0592559344125123,0.0898061918036616,0.00712385839566848,0.204462657432903,0.308940359613841,0.206076293970752,-0.0546573677630077,-0.0153264867581839,0.291721030818057,0.310969652482779,0.0706853402707628,0.0184139853775956,0.210888804847597,0.0556376133682927,0.265837508610096,-0.00958671393079795,-0.0447778598513263,0.124866241492655,0.202989998182425,0.225474609414557,-0.0169557220053546,-0.100968193106662,-0.278489868346235,0.051820003172375,0.0918528522407697,0.00394707656010885,-0.121495375263448,-0.0625680406808363,0.046327705200493,-0.213056387150619,0.064097349685952,0.173608768334745,0.246116146902247,0.134647159602434,0.275933561885361,0.0141526294764468,0.0683336155377583,0.114654349375917,-0.336924299192049,-0.069685653055658,-0.073906661428596,-0.0346722408184962,-0.0153449835202871,0.195585482458082,0.16251183298344,-0.107840502959554,0.0152004817277158,0.231084817498497,0.231861207444333,0.213852476504571,0.249489452121806,0.237768528058972,0.29228988993465,0.234807760981555,0.153682072258146,0.0344829596549225,-0.0444795696252195,-0.1502204305879,0.135629562506339,0.164111132770384,0.080449234327072,-0.0946501009116009,0.140258778005699,0.102324886172333,0.0672646822075548,-0.105418011585372,-0.0803579434103281,-0.12848736540422,0.082268261442793,0.0656061283111073,0.0311260686903302,-0.0908336216274629,0.0914495828866905,0.030887527040484,-0.0907263735677978,-0.115890118597303,0.153023510958417,0.15103877568477,0.296783792689004,0.0649095350768727
-0.211974355644464,0.60397169008148,0.38131671027346,-0.0497738139313022,-0.0838688285005765,-0.133733396287295,0.0850011109711963,0.387167965246397,-0.13824360932363,0.313805117116081,-0.0750440436522231,0.309844369530504,0.0580163297846559,-0.123789013772369,-0.430060056027947,0.0165810150031569,0.140295339446188,-0.208323533972167,0.119807912154601,0.0908539186750275,1.31185097098049,0.423661620926948,0.0576314824394286,-0.404974995540013,-0.118895690449805,-0.0582233165273872,0.439088700461525,0.31578068997641,-0.18373463922893,0.665483390664948,0.288587938306322,0.317943029729972,0.0301406992106524,0.607252486168158,0.257232410701921,0.352893200523682,0.765736177167082,0.452409349990054,0.326456411796774,0.146164770552623,0.622590115848546,0.494620861777993,-0.0309502667538873,-0.237936617638978,-0.0241232802442191,0.416879768312168,0.380533105919724,0.485349986669414,0.923459310441819,0.86632727181209,-0.130706429658837,-0.0920531606756952,0.200964340613066,0.282939071223164,0.39721458819478,0.391695874261732,0.882840675187734,0.343645667579,0.0557354384459738,0.0217363935197876,0.0529513599355615,-0.00920918957965047,0.506432907223973,0.187050411043734,0.140602201564445,0.356622326491496,0.390089210965942,0.400837429939171,0.141361209040221,0.189819367709423,0.0735518379411736,-0.122274842019784,0.00691829623671076,0.00289880649809067,-0.307498579650265,0.493155403042718,0.406897392934779,-0.135563269394895,-0.168461516157165,-0.114402392904167,0.335737677392507,0.332304668936345,0.017464495215252,0.0475665871756047,-0.459491103540444,-0.433212307133169,0.241497509042988,-0.0412132309487871,0.267496920282154,0.435073914402155,0.34204923722616,0.220196459744125,0.650889006377825,-0.262240807508552,-0.412557287821824,-0.406421052015109,-0.265959198523909,-0.317256774631657,0.196943606842572,-0.0313698193497324,0.276964826259465,-0.0165639404917764,1.00417243744774,0.33551026159118,0.727739223237936,0.137636654911907,-0.345691189167369,0.11563054451996,-0.118634053265195,-0.0207152399443563,0.517106191671868,0.235730114486948,-0.0337298922708949,0.0217860636987799,-0.196333010831719,-0.395981777348643,-0.207842674164456,-0.324994961379193,-0.293380735028965,-0.114668862259976,-0.242860690424081,-0.49816233794087,-0.0726530627452152,0.0329692349618852,-0.135571579675942,-0.0175718892675934,0.0674119685326443,0.00365242776017648,0.00568728176456107,-0.0338110112137742,0.384793819667124,0.172063413242326,-0.0810744686039741,0.231308794131501,0.139909351985695,0.198457877868848,0.174296448604455,-0.129718606441711,-0.00900114549472448,-0.488234529673104,-0.257037010750879,-0.153876123639298,-0.0911844092874278,-0.1231215667554,-0.131285443759152,-0.18529707127023,-0.230055999468183,-0.194388310258323,0.029288235625858,-0.191637922692394,-0.380479094604135,-0.0979098569570087,0.370855310341403,-0.338631838442717,0.398900244708289,-0.378998484228871,-0.466646739354093,-0.153663671974488,-0.0130596920226487,0.475280839702545,0.172375461361268,-0.200679108691508,0.675700457477321,0.298549812789294,-0.269001758058038,0.199438407394245,-0.16847498565075,0.0797568318124731,0.20295889695648,-0.399584106197794,0.267765349167537,0.00117193519815542,0.178908657816041,-0.230359979784236,-0.0836494712373639,0.0866378338963441,0.3300749279282,0.079479191734921,-0.190878065641692,NA,0.215576596542337,-0.307641696715805,-0.201733908172053,-0.314984840062999,0.586051733958723,0.072798341411943,0.387532954557066,0.624157544014704,0.651144532735009,0.288093402536263,0.00472729034258501,-0.0217953102686154,0.207350223125856,0.062439334951106,0.141962239302756,0.589396887606488,0.503233257131884,0.178202221832721,-0.158440204743193,-0.762051809841591,0.170901674338467,0.52681133961726,0.407873383588496,0.0879026435058774,0.195200740936286,0.334045492184456,0.386439390832725,-0.433153901737393,0.443234729506551,0.426330384229666,0.122146605636303,0.0799092905294628,0.378575982233429,0.436051327788533,0.215335988834537,0.238045599903436,0.378708637072945,0.139247218464315,0.344618661136156,-0.517108968053557,0.081505368343165,-0.317038217164264,0.809959899455962,-0.00911112853020203,-0.0271636467503256,-0.021213524024806,0.306672488772666,0.141637644178402,-0.0116659039275987,0.326401144826367,-0.0964808087856854,0.062526269245845,0.389866224845313,0.352288280249445,0.0461359924023348,-0.190595090013487,-0.424972343635474,0.495087275161476,0.398990986732962,-0.172801226247464,-0.384408085458547,-0.49819188990963,-0.139754615739341,0.2741395636665,0.358935400929746,0.544296506137779,-0.200111282667579,0.401746332463302,0.267920319951395,0.123521246537109,0.408499914008315,0.242480186332515,-0.0513695587450355,0.465438989462606,0.617089852730207,0.196365763038653,0.135514858596694,0.112688348818955,-0.488062347651358,-0.460505887249993,-0.437424267623401,0.0508841589319499,-0.239938902865706,0.376984604130477,-0.0244757626072769,0.235551614711585,0.339262023471426,0.184964150315622,0.355528427879485,0.234636709890067,0.169404471949166,0.439532524345377,-0.290725421745487,0.437885896401553,0.195550475145821,-0.287345363831917,-0.274394672381874,-0.417468696683008,-0.495635183917158,-0.368874482158227,-0.428241344577777,0.143019562126934,-0.190738513992014,-0.0954113366353421,-0.0586439852603682,-0.0329325865560123,-0.410990581197446,-0.304068868265339,-0.337045718724512,-0.11867365428028,-0.0309930293272888,0.0666780373808543,0.269000871507913,-0.0329425944623885,-0.159836080697267,-0.420815398848188,0.218078638737702,0.185869132146805,0.236934927493156,0.168374120273012,0.190480186654858,0.0600562107673496,0.16031315853695,-0.0626233877102772,0.191777053046286,0.103354447267522,0.0250458506474908,0.136612988118686,0.17954485835007,0.366261860708354,0.0886893450205268,0.0559450619032117,-0.408831098878761,0.0818680534725934,-0.570569156823338,-0.0833201943156785,0.289587104466046,0.0768388023574202,-0.740288469573838,-0.269598405606409,-0.355880624900766,-0.505669170983605,-0.542849764185662,-0.0304643420529669,-0.342982996232599,-0.293419134457494,-0.640277412650281,-0.67846345121054,0.262274483930172,0.247994544914569,-0.102487968440338,-0.102221559621321,0.0377625339106202,0.199400413995175,0.265061185695205,-0.154887766362474,-0.109744452372337,-0.209379342196199,-0.129018444528506,-0.24930910709701,-0.0952659675956043,0.0159670057975206,-0.0778170915334073,-0.0774471839744219,0.113902795297326,-0.100842352212781,-0.13674977854155,0.11603980314266,-0.32367583564939,-0.29097754397168,-0.365308359468904,-0.284350887854462,0.0266129456347334,0.00291486732896004,0.183945799054864,0.316898080724346,0.109695768407407,0.328478860108419,-0.364742630326777,-0.333566335454662,0.448591655440913,0.252473572854868,-0.0853423969333312,-0.206624235826306,0.0109621452874344,-0.276249191543622,-0.152106760990205,-0.0552360533813507,0.336671876285379,0.419425883015831,0.264147325845138,0.0985645016696628,-0.0124879746894803,0.255226122738922
-0.118935708620706,-0.0702302687690075,-0.179067450949648,0.350663613872604,0.0213302686696005,0.0158116913195183,0.00490328286710036,-0.0687080152896567,-0.0332947048172574,0.00916373851871479,0.109987097427215,-0.0313284556032878,0.0360790408043147,0.0174156738670687,-0.0565826559220069,0.0461259390323623,0.0323386650645098,-0.060235322723748,0.0141370401415854,-0.0571399868968827,0.120980350115074,0.00469454642927641,0.38162585654422,0.156565032063018,0.0891037706511816,0.0935934763422454,0.437539713990046,0.341209460147109,0.247839870891586,0.0920357111933365,0.120376614891513,0.24243703110991,0.152653224396296,0.164846383261659,-0.0432401658076208,-0.0267724020030445,0.115301879922478,-0.101642392053509,0.0650007447334131,0.329381594017282,0.25730376008109,-0.0189672681588394,0.111259689208574,0.124155579901399,-0.225010123919422,0.195280317063861,0.0839733425125274,-0.0247344128643873,-0.0154233234529768,0.0333100930223281,0.205867789838114,0.103734898354135,-0.196575068092573,-0.0148860520619665,0.0705440628843509,0.220600671505469,0.121057234162713,0.0413586720464923,-0.253917751370652,-0.115302296679544,0.00703903333340359,-0.0812102493907471,0.212147032994222,0.308939473759285,-0.0550838386992589,-0.0888179334473039,0.0660224693949211,-0.0129923858721093,-0.0478442988848209,0.0638929644782481,0.0231917299529092,-0.165518063607205,-0.0579541158748827,0.322316957150729,0.28572490011023,0.0275041991937665,-0.20679582186584,0.209229502404223,0.218953585200896,0.264679303887254,0.125533812454942,0.104736856159933,0.16181277875522,0.283607751040126,0.129976113579653,0.176968637696996,0.0727278440260203,0.144217392795462,-0.175780669071074,-0.145804118017487,0.0321720927797085,0.0102488706171239,-0.00404270033595127,-0.0418866226158627,-0.100192200343512,-0.143402543925928,0.0825930779598288,0.137894514402396,-0.00428328235460985,0.202559152629007,-0.120485594649426,-0.327095858311304,0.218820991053292,-0.00474092400308369,0.247045611248082,0.206921713021316,0.146974941587875,0.145957592258866,0.243064639490418,0.0764803496409751,0.13825736284082,0.444647953638769,0.0852490166892436,-0.0416382496606197,0.179448745932992,0.0173953067387483,0.16233821306105,0.0976654584073651,0.118265927528162,0.253414878420555,0.106716218829056,0.0150725632119223,0.33006545472906,-0.101810571617637,0.114480865718303,-0.0462425617704188,-0.0255998328023117,-0.141322913766418,-0.185407811479294,0.0297843163923373,-0.0859442393554895,0.0483445261755473,0.0860957840765602,-0.00768917845188242,-0.182573011490711,0.122466438762677,-0.0234863187211677,0.0864452335329069,-0.0568801657644437,0.0879114715741899,-0.0580032418682201,0.0391183808858652,0.167605276295804,-0.01653578902064,0.0636637827350366,0.04138977458477,0.267269565101696,0.0459653193079567,0.139031162060291,0.114607556689499,-0.00937734834843873,0.147326644172472,0.0663805298367843,-0.0303749712584705,0.0187787616141329,0.0836972670009738,0.0541019971296509,0.460629826979797,-0.0263942668395042,0.263970718048882,-0.0816801249608478,-0.319650309725624,0.0900097882662431,-0.195477561160343,0.07517071949546,0.00851586701092005,-0.237620785361573,0.239563202379484,0.124790931845688,-0.0971739303155689,-0.17656213580929,-0.267335707257625,-0.0398062825894026,-0.142890015295463,0.0606695962128799,-0.012825852910909,-0.0012885300552666,0.149708326201354,0.0860981746057383,0.215576596542337,NA,0.250228718839551,0.0520192386244975,-0.0918830160030129,0.174635771248875,0.0574812911498891,-0.0588911912540384,0.261522415821936,-0.149288640314918,0.1734565649795,0.061782085790399,0.273435093411572,-0.028332613303251,0.170003685389105,-0.0563349049317901,0.230289992087789,-0.0682821766704228,0.129077827073539,0.0819323053760731,-0.207659147312207,-0.00864559917761056,0.21904570384678,0.210806491869844,0.0849369499199427,-0.0384157300487923,0.361110379068079,-0.251397987740557,-0.407758433194317,0.0304471990571359,0.107602288237593,0.209216622725733,-0.201600053111972,0.233058385603873,0.193738817316781,0.0105956696812635,-0.00249440908596485,0.091019789427748,-0.0402544701306046,-0.0591084212874033,-0.280953725910302,-0.0868335007157433,-0.110736066114488,0.0757868410911271,0.0838926447346674,-0.122839555016729,-0.121643745325438,0.119413633573252,-0.116540961156494,-0.122197571680236,0.0361529576658247,-0.39905336587613,-0.0892259327571532,0.0269148081222413,0.297948023682657,0.122273104668594,-0.0266755061073091,0.0139140375671676,-0.0449300585948238,-0.201257946062544,-0.0896521758721016,0.0870378545776851,-0.0689387583369676,-0.113449807073474,-0.152886300285451,0.11576936189807,-0.0114972503698069,-0.0960832559064375,-0.0237808659771267,-0.0684814572727755,0.197325237895284,0.307438563684904,0.109200543512744,0.0164313015075021,-0.011149991394925,0.0165775691038111,0.0309309513131109,-0.210950661741125,0.105969392557325,-0.153190987303543,-0.139254741249295,-0.0667198120311313,0.0635503028121438,0.188509188853193,0.0401130115489719,0.133358374298115,-0.016934699738094,-0.0237762676799211,-0.0155908962197123,-0.0836061378774308,0.0630244454602351,0.213090956684396,0.0171866375736504,0.118809300136949,0.048630881084843,0.144668021782049,-0.121467612901311,-0.228710617278731,-0.434183437826895,-0.0484218613610753,-0.0520449227180864,0.00652965563626806,0.0980940536286306,0.0342839625505693,0.109001830133028,-0.0668082316359108,-0.266639627297469,0.0937522885659284,0.0625061160942286,-0.313180585440444,-0.120895627784171,-0.0483836823836493,-0.114301402475983,0.0371569071800832,-0.101666136087479,-0.215805580889343,-0.00504961317900536,-0.102284782414474,-0.0105842104500087,-0.0032890720200351,-0.267730882214314,-0.00141100746669872,0.00983575146527995,0.00246164509609604,-0.077310514899335,-0.13209311533811,0.0241190483277101,-0.084094828193515,-0.00815392878616208,0.0433016680702462,-0.0749725988051194,-0.156700976304277,-0.0974024200440821,0.030066287399445,0.266062996666282,-0.341928787259804,-0.179529020147368,0.210817906432506,-0.227709884421589,-0.352504765190234,-0.320181001968903,-0.282244596419284,-0.254471437278872,-0.0594327946361559,0.00112579278976415,-0.198267315057935,-0.0077623898164878,-0.225301854609779,-0.1715938980084,0.29514263481004,0.311662896420123,-0.0400059952208956,-0.0222996963685085,-0.131929317815966,0.0293302223450384,0.22605947311721,0.206885577777721,0.057459369768685,0.0502477808759595,0.169170034894051,0.0640770118373279,0.0988032210239065,0.0941380581748745,-0.16953458723597,0.0576101789411938,-0.221469985310203,0.112557725236997,0.0604872978455426,-0.17796586071475,-0.0392784036813908,0.0368237292394658,-0.122593424430053,0.0253269220255906,-0.0588622199355907,-0.101270701004528,0.0847436481338443,0.00186416389540503,-0.0859680430879107,0.0638625989184563,-0.191797264679663,-0.0506077307321901,-0.0385068197126604,0.0586325924793685,-0.122212891273569,-0.0316456100557067,0.0216468307356657,-0.0356063417410068,0.0544363011629095,-0.0725176195379682,0.0343801182965574,-0.0809226105431226,0.0414510519970576,-0.00927856282611541,0.0977741864283679,-0.13382805410011
0.125959126725602,-0.239199016441296,-0.324590882752974,0.534510442263819,0.189993921457722,0.319164073451638,0.145336063108626,-0.220922266716461,0.239248465559114,-0.159091823675041,0.158695446925117,0.0307209640162374,-0.0461484334340896,-0.0315581157914503,0.346008858322892,0.0774552819616471,-0.0557981769803817,0.0343015829759481,-0.0292353798146382,-0.0712492916093955,-0.322016370705499,-0.206524601389403,0.396134889371017,0.826551963820095,0.515192196487794,0.472918547397328,-0.0495079236726254,0.100813252363578,0.401023399289367,-0.228654570200559,-0.119429238296874,0.0558619446002058,0.146118282324397,-0.266177226795205,-0.33423595143434,-0.0828820372873546,-0.167200055620786,-0.212492386836662,-0.0709772644585554,-0.0326681919741236,-0.230076466641697,-0.366573536056359,0.176337305289999,0.491318893789543,-0.0742787235008509,-0.0824594884793264,0.0824515463037879,-0.207181851165759,-0.370758493698544,-0.339355144474806,0.277712693548679,0.404851106855276,-0.250445918029164,-0.142501186879227,-0.0407570127367406,-0.159045350991748,-0.359679660142578,-0.221879157678243,0.0189876287355204,-0.026797878408676,0.103977816695908,0.0202038116297456,-0.00236621526619918,-0.0732679567502517,-0.175859189470321,-0.134080816858473,-0.246947817118501,-0.229531880386338,-0.00824718619219453,0.0100403605743157,-0.162949552991528,-0.0445279692400749,0.106374338977387,0.437004276966156,0.58598364770422,-0.399970875928935,-0.374898535948166,0.565525178679232,0.435354018654248,0.665240741237292,-0.187700719110125,-0.173029221998651,0.23351468570299,0.344353485387349,0.386806416636697,0.431796314146014,-0.0148921751857956,0.236164719078336,-0.21041668002162,-0.18942419568255,-0.299080254226068,-0.0381751922660606,-0.128327362591016,0.28296525340071,0.22888966215352,0.283539124773003,0.342530919706063,0.392734503588145,0.0237108876021444,0.419340448762115,-0.336018130786526,-0.299844683303923,-0.320488601415678,-0.391565656257372,-0.216774730568678,0.0835624270602766,0.517240525541385,0.313079350262938,0.343955499029849,0.0282605338304694,-0.416219934942517,0.173121110995525,0.349988962349544,0.248282748850756,0.57922221502247,0.264376379153018,0.248156055593461,0.420120138778587,0.346637222422601,0.235538724725818,0.541824726507787,0.416944275770989,0.220384575420712,0.0730399367858757,0.215589136330017,0.275458594832015,-0.148002121206055,0.0330707473352428,-0.283966259231936,-0.171942183397278,-0.246086586813918,-0.010105739572248,-0.0625833678336519,-0.25311583721265,-0.0271778940611413,0.00496460142125949,0.0632093036213336,0.165196678017378,-0.0338622860083072,0.305735352338118,0.319061485594441,-0.0459192279124359,-0.094275578791368,0.0737788583556445,0.342075002435503,0.313223375689782,0.57391944976436,0.187800381066119,0.308745614089472,0.413120727303478,0.300997322561862,0.403078051892531,-0.218172441138799,0.210601722861416,-0.164108495015672,0.510054242885413,0.567476343176793,0.518419917915291,0.189326805319573,0.0269675910662571,0.126694607225482,-0.0443872436601389,-0.338538430723066,-0.343632219115508,0.617866251078721,-0.00819980065860394,0.328684353745541,0.257372869212651,-0.0260502255782479,0.387764810540259,-0.314710556598682,-0.307223295002324,-0.00694681859095493,-0.0542551373022236,0.201884573519133,-0.0509963121409777,-0.262626068832715,-0.0412247305035198,0.102708623423446,-0.307641696715805,0.250228718839551,NA,0.547159564380933,0.483467245816721,-0.249037281294104,0.274592912468367,-0.255386677063822,-0.0024979060082223,-0.501159821708809,-0.00988923057049125,-0.0795988732300067,0.0345989704709839,-0.229242507157271,0.27306817735782,0.0979567630043664,-0.207248685629911,-0.191590496689602,0.0245141380352809,0.162298612899655,0.462495479782884,0.132215919311127,-0.148770292016644,-0.0736168806406326,0.0398654627238861,-0.0764006848806058,-0.0298842361129934,-0.30270572847656,-0.0467418028040556,-0.28176174384267,-0.298062204688821,0.110047380148459,-0.172047026591937,-0.0643841616433548,0.132453982185606,-0.201176032460891,-0.048298966283112,-0.0818235869191641,0.147324734020733,-0.103023329654655,0.320733103057554,-0.386160629900559,0.271084132525204,-0.541442321724017,0.190349014975532,0.22090513937426,0.28166237862789,0.0490469584111016,-0.231823783913906,-0.225560975680636,-0.27087153451549,-0.209438110280259,0.102603847580151,-0.0176198262443311,0.130310823282878,0.0240657814930783,0.393760811636496,0.679197305403694,-0.445797323691965,-0.445341537083567,0.339054999667951,0.481652295744142,0.70024309552439,0.24789728936842,-0.274613594291729,-0.337952640436886,-0.304599841033511,0.388663739243494,-0.161238385578703,0.0977968719173066,-0.0734620275151737,-0.108029995364299,-0.0169670701250981,0.11817742964861,-0.113200726324952,-0.190200409614886,0.133514910298578,-0.260155444076562,0.0223300401105181,0.287667536720244,0.455820659396767,0.361948246486048,-0.0853292625300842,0.386821894292202,-0.0740589127069259,-0.0268402126637404,-0.145316875565715,-0.32080340896482,-0.21424389169211,-0.381681657360937,-0.30804421584111,-0.0550523361928231,-0.0813351831255806,0.34859310608068,-0.169430679464137,-0.0962892545909255,0.0796809011660946,0.422222909746586,0.170663920342226,0.138716129202511,0.469588348400295,0.160252490653016,-0.104733728662054,0.240767752934608,0.519997341374024,0.128398039088769,0.00280759543785579,0.288251780467455,0.261932370159001,0.36306819430005,-0.186385956103168,0.0288413341859392,-0.275086929791845,-0.383743382210318,-0.351342046737655,-0.305524733390009,0.0471531111687002,-0.2780365619881,-0.111101998467132,-0.273269317487376,-0.448771253443636,0.0297089276965597,-0.467098758944817,-0.271778226415323,-0.0559544400593737,-0.31174019064737,-0.168556512630342,0.146920470270948,0.0326989322206622,-0.0693076072216465,0.0547359631511333,0.0222828076331638,-0.384518494402146,-0.0263047486446874,0.0115862829555315,0.195865475264293,0.193494067994699,0.247013270310732,-0.0718181075208587,0.135595429073633,0.243180237886937,0.232145406953898,0.185435898084749,0.406117905153042,0.143285462215157,0.318304655433421,0.477275548759069,0.390460517673629,0.501610409929887,0.126740913644101,0.16797290551844,-0.0142330303311889,0.27702874328385,-0.341551010027119,0.0774194293086812,0.0795358473686283,0.53736882831823,0.14709738117132,-0.0179775967354133,-0.0412420284262749,-0.00779807172433255,-0.0408252022960331,-0.266640759372556,-0.330739811319735,-0.227908218230349,-0.423284378279573,0.177181210914069,0.233028067133463,-0.0458534009962837,0.215757481857232,0.263201031888827,0.217691614422358,0.273690230724573,0.198961791021943,0.150569091244239,-0.15468243419603,-0.196853498933348,-0.158352956123154,-0.194048373752054,0.128880259103786,0.408173803663287,-0.291102552245657,-0.334398964620641,-0.145170065974444,0.0610245046572035,0.199240043390915,0.270377487205472,0.321228014633651,0.259905086620148,-0.27836081912314,-0.419495040177435,-0.0593541970960685,-0.237080906327231,-0.0555831933676516,-0.111980534534235
-0.242556243180405,-0.301372110669009,-0.380249510427475,0.00535787304046336,0.180822008486563,-0.103413203852682,0.382860148845021,-0.146584591754893,-0.153215281412473,-0.137222667725688,0.286585925742043,0.0719772669777944,-0.100578293590666,-0.0108475294462604,0.646292366505176,-0.0553787736002311,0.0753129710042921,0.154834979239037,0.299956187603301,-0.0396883726211608,-0.186606040834309,-0.0559175664937786,-0.073749037690656,0.300106030722793,-0.0263225223569324,0.210363781630557,0.179333143624343,0.43900668229302,0.476043522191398,-0.212647170161456,-0.440818664426379,-0.301344108331874,-0.344059652143919,-0.158995901726587,-0.619329724840212,-0.397694333736688,-0.254784429109226,-0.404146358302781,-0.199229473009523,0.200055624318699,-0.272119140068474,-0.15346178250446,0.191016879886315,-0.152218798571049,-0.309825367266473,-0.278188185400636,-0.205879434981478,-0.0149311637430986,-0.190117940360623,-0.345701256726563,0.100938900879895,0.239343106222747,-0.321686759103387,-0.0445974353330419,-0.00870764186657878,-0.252412435499649,-0.411554561110431,-0.341601890253549,-0.0517573082860883,-0.0693158193471759,-0.132416388920887,-0.293019774740733,0.197223289750532,0.000371177426158676,-0.328244866886313,-0.0185501349685766,-0.231447163713213,-0.216433363703499,-0.29074552370936,-0.234788826237514,0.220519064394983,0.426391310131089,0.151824406894923,0.236899337354488,-0.089244820452401,0.1443031652042,-0.253442934266478,0.227777188225301,0.227324861209262,0.549114129885141,0.156727409591604,0.306824635761196,0.599487990917017,0.402657065179499,0.182667483204142,-0.0422859361653114,-0.187560361521615,-0.103706089709397,-0.178487979515592,-0.232338098127068,0.113813931863493,0.0958806118702003,-0.0761097069190397,-0.0454089085205725,-0.138136996416634,-0.00588254062928463,0.196365201853419,0.227761743381304,-0.222721229413083,0.160159614115186,-0.186745366056571,-0.136667283935372,-0.133417600109173,-0.102709336412407,-0.0202237777009308,0.229903375614894,-0.101997454518125,-0.103811602783761,0.0578818108577089,0.348307726416814,-0.0933346259831187,-0.0187507552762836,0.0320217898884661,-0.350862203612574,0.138330623648423,0.0894816819149199,0.236572215041496,0.272386060273947,0.113464213282648,0.206122868056212,0.37041011044419,0.149438881985689,0.012045376654122,-0.197978123220579,0.13705192775918,0.0660892463873058,-0.395299073155998,-0.405386739198705,-0.238382510550537,-0.104394943856152,-0.270754386007575,-0.232101871282197,-0.0882829623412984,-0.151843752396684,0.108379257929964,-0.300697922258311,0.0436967982886477,0.228466633542756,-0.145280084016273,0.429099364335113,0.225296254779686,-0.10195022299053,-0.00404885878046466,0.185669783041939,-0.299860009498765,-0.327140345305919,0.141369061471005,-0.498302788095038,-0.436849706386102,-0.116689298498988,-0.217042628147311,0.473089761807941,-0.0147162287229136,0.117243725966484,0.272853156450508,0.157437705978887,0.0165175362508654,0.219303359651505,0.188975535977726,-0.0508429986403283,0.0754800577073399,-0.105348049629508,-0.524405660500467,-0.336460251778594,0.0501436660012968,-0.0331562346417213,0.441898926025064,0.448876398229612,-0.38166401696365,0.202370463181527,-0.286847535147277,0.122090651350852,0.152266933924197,-0.0417069470350948,0.334129047751557,-0.0343933227385987,-0.46732190298575,0.0833701096606138,0.090672312830257,-0.201733908172053,0.0520192386244976,0.547159564380933,NA,0.450994738969727,-0.0540316976776911,0.158849654980013,0.166530282245851,0.0969437294895768,-0.269234240495329,-0.432824181698971,-0.473027228766798,-0.102375758642986,-0.642382722705695,-0.0918310979584746,-0.280070128903891,-0.150306331563847,-0.390226400496416,-0.0703275519319625,0.425594342657756,0.248394549156065,-0.288493718698413,-0.312352950793258,-0.246688005963457,-0.0352230592201839,-0.280681243585533,-0.208069596145559,0.106336723622587,0.133179669682521,-0.605986800149614,-0.388906048146108,-0.00166788214436262,-0.374935742016531,-0.425117353372406,-0.379786843918086,-0.183645240731358,-0.456765980041192,-0.39201082872791,-0.268029951658246,0.257920146164382,0.110529992858842,-0.0844748715906559,0.215714816664036,-0.383873540450581,0.00906211722728163,-0.102383818768416,-0.00459151381405211,-0.175975579340893,-0.236401827251639,-0.223553001715381,-0.374013070511781,-0.205941379437692,-0.198910393883861,-0.442871163928907,0.180551314966489,0.195896906360543,0.479104647492375,0.222329161152067,-0.310515543292204,-0.499795992571884,0.5169393597757,0.323952152207207,0.484420437871013,0.453786175346099,-0.323607590344527,0.0736695001707582,-0.0486500117980395,0.55169078849418,0.17875122874975,0.178591444600734,0.322686140900601,-0.272606733735706,-0.205653681835948,0.0344924121583849,-0.0692801575589194,-0.32278584018637,0.0398383408886907,0.036573733619529,-0.0632883347204978,0.191449600674466,0.386765956330801,0.214000307023563,0.143242670545488,0.339955857744119,-0.264835643496893,-0.163899949409016,-0.0721116585656629,-0.137663123477819,-0.346571688884298,-0.458655705018913,-0.508201172335014,0.20002189048512,0.200762212790007,0.470764363354218,0.00992005393926029,0.159965068783086,-0.0543693526588122,0.32621561642635,-0.0629395092107392,0.251252511864181,0.351787179614531,0.0156284959597276,0.117892659329202,0.495629598351871,0.292983918144313,0.258561022979135,-0.0996287635874245,0.151881104192695,0.0675723490182486,0.25772001684367,-0.291458986144953,-0.314535380802937,-0.244168077054516,-0.293227841494133,-0.137791914715829,-0.4719862361101,0.060388559845829,-0.0171702423017918,-0.170773587911719,-0.279694757886763,-0.111778028712813,0.178731125271078,-0.460341005811421,-0.14185761698125,0.0889893735841378,-0.189084836913674,0.159625252449985,0.184348483073806,0.204606485560875,-0.0140006648385309,0.0628841501563057,-0.0347867648998463,-0.0621201529707463,0.0395614756323807,0.050072725082872,0.116783958589447,-0.0736460536832976,-0.0802348620425506,0.323955877457616,-0.0510542781774516,0.0164429888446853,-0.0799211455270561,-0.094913170907152,-0.0425470192867107,-0.0812892977019964,0.00286231715180893,0.144580036850931,0.381008583163299,0.513822635874939,-0.0189228466336031,-0.0684997989090818,-0.124959203874966,0.103818569051923,-0.0126060695875301,0.402344302183708,0.234243383853189,0.385733786855909,0.0599459668517314,0.101525124455663,-0.0361266198183087,0.0301946155660627,0.0591400316249042,-0.158133143500499,-0.15668881673681,-0.136234924906606,-0.13722736570079,0.19515788322628,0.395364716296948,0.15648573769704,-0.0896922604469945,-0.203323793822987,-0.0825348007958751,-0.146733400783315,0.480680175767102,0.273572368016005,0.0427157009317674,-0.133008356333044,0.0335601856834696,-0.143335706941119,0.176932775223716,0.0940208549349146,-0.229921588940932,-0.434083092297529,-0.0444598477697542,0.0362054369447874,0.517053132232954,0.206963695593548,0.211310493369075,0.293342753405018,-0.025915434482611,-0.168936611645504,-0.068884313777059,-0.209016947331353,0.0966278163719973,-0.0578012187001121
0.477341271755992,-0.159464750916151,-0.461730899285239,0.375915001995338,-0.0536083256399697,0.173907336237838,0.138264546280311,-0.203628945573379,-0.10837963259828,-0.0323502041980719,-0.204610443105793,0.327318904298557,-0.0948780091120951,-0.134055734397582,-0.0837443865068564,-0.32619277271226,-0.424989494939708,0.271415487003009,0.294026712481031,-0.146766332349171,-0.214631650982449,-0.233362248385795,-0.015088077608695,0.231087320166781,0.353580576894708,0.497560328562547,0.0453582290469697,0.24312817092576,0.734950495747054,-0.430110375786986,-0.103843707274597,-0.0918712887586647,-0.0329181454148134,-0.216551539423686,-0.215974675303318,-0.12902406580986,-0.116363807749702,-0.136400408314478,0.116371504256527,0.00368988440062664,-0.217214296721313,-0.500705242191598,-0.263748886401942,0.277477953948052,0.0718399153384725,-0.175716810933888,0.03295615633288,0.00471240180095526,-0.547849398274288,-0.236624846041861,-0.282521921319308,-0.0159333716817246,-0.299225722929717,-0.101707218772678,-0.322980078603912,-0.18961757511901,-0.30138483092299,-0.385333969237447,0.128926244177495,-0.219787879562947,0.192543339185195,0.143578865813467,-0.210865207784772,-0.329492042767648,-0.0525025174573328,-0.119254070291741,0.0881598998424294,-0.174346739231783,-0.178209005245515,-0.112818811311657,0.0288264145021781,0.0686799919843169,-0.0788719880075099,0.0743750409847803,0.0319825704911509,-0.143458254003404,-0.32843448018641,-0.0319869082183274,0.0931368505124349,0.390572548707412,-0.328918743949089,-0.402609580061223,0.199155870617556,-0.0673863156146138,0.188303215121012,0.113784299696822,-0.205743292841596,-0.00975315794386252,0.130464991807808,-0.272345648150157,-0.535180903409981,-0.251078796475033,-0.119719155732489,0.157496973693611,0.269855916698522,-0.0144159535063389,0.0511964788684885,0.0186192268061851,-0.0448496136101328,-0.0432133116242077,-0.306459835000384,-0.240028991900665,-0.374718755504679,-0.514348972118761,-0.392613058791646,-0.330627012313201,0.101312893824878,0.0968503162608797,-0.0545696748184717,-0.0430476432368138,-0.257011093429365,-0.405532149155119,-0.00920595061081066,0.0789179733818789,0.398872659826906,0.752216322396078,0.692541852178042,0.267279170674309,0.223593622934223,0.215394980639696,0.142731108287336,0.0328571644581133,0.0684847352806975,0.268826090446383,0.398716156654523,0.340747444745242,0.0903024770296071,0.0632362113325997,-0.0858650120086243,0.237015490600849,-0.0160437921954787,-0.139810977823528,-0.274735998170658,-0.334690708455523,-0.0462777547803964,0.199427918305655,-0.0504778206375741,-0.0766823995939416,0.0676028970217848,0.163493721362955,0.107029856874251,0.114037879912072,0.220219948344741,0.221020186885406,0.258417983589252,0.179182933602033,0.196942384972816,-0.0843771110364737,0.138708084026338,0.411815832828949,0.124531943494828,0.82068021123097,-0.181111164255577,0.343356572882805,-0.27301753106625,0.230795552164109,0.0704400345129165,0.0739117165139722,0.195999358665354,-0.243562007124169,0.257707769627841,0.436409554516491,-0.314308514329058,-0.467422302011923,0.722559526686018,-0.0987497661087779,0.12215201973692,0.0372801045216931,0.020711637383496,0.221690506726343,-0.201796063790979,-0.0987592715122635,0.383426605127721,0.198706261397155,-0.273167453064514,-0.26535629005952,-0.283743975441586,0.171878346311575,-0.0819027458201163,-0.314984840062999,-0.091883016003013,0.483467245816722,0.450994738969727,NA,-0.134414930328658,0.462019215168606,-0.127980002332791,-0.0116672128364414,-0.326159842508654,-0.12520350804272,-0.0744931499011815,-0.0910559179703392,-0.143880018819527,0.256160052544109,0.14308997541028,-0.458601364699088,-0.411816704971975,-0.231127787395423,0.110467049776519,0.319969257809547,0.00878473505642442,-0.16025870838846,-0.120771263500027,-0.235887388503089,0.00877755284316033,0.071173437350822,-0.0854692268364072,-0.0110926242174962,-0.418421137035837,-0.431841466797344,-0.212330494397384,-0.182047811926719,0.00448826277415269,0.0209188984157136,-0.195497098948272,-0.251926107370125,-0.345800926319683,-0.121510221946156,-0.125490736678629,0.371732889254462,0.0366595756596581,0.292785819977612,-0.579856104130812,0.207333625271574,0.251046646586187,0.477404853269961,0.0685778065413158,-0.216458007454909,-0.0537863688120672,-0.377146152597213,0.169320501414234,0.311651753333751,0.014273764277435,0.0148709370108508,-0.0559292186581327,-0.00690083247684475,0.312850679656768,-0.417566486194182,-0.302065294021436,0.25143936623744,0.308512074242721,0.269705998256732,0.383661381405773,-0.118615612169955,-0.389818375392181,-0.383990435376538,0.233063347832821,0.00842103952233504,0.104103941085067,-0.0312043733704192,-0.354722551909399,-0.334155806877104,-0.0895066418018463,-0.185171796990604,-0.265006215006908,-0.123559934861132,-0.165607745382386,-0.158496357667407,0.154714935585121,0.198264075983577,0.07297946263722,-0.502479117774233,0.102799417285811,-0.137329140197226,-0.192515918564414,-0.192408560480513,-0.172010879977177,-0.509445331021155,-0.641806367632285,-0.218110893618389,-0.434939933663435,-0.182147375283059,0.016771799360566,-0.358843144748908,-0.329358013331324,0.295092815298672,0.0541354186085993,0.38053838722337,0.560861525164412,0.377742419508166,0.431807302726637,-0.400334627994566,0.406912927376382,0.0881925141754268,0.169913775354872,0.0952158444238931,0.526541338455173,0.539236210326032,0.331978043633554,0.164182772358712,0.0523195530967453,-0.0107150162399234,-0.147538553042147,0.0371710360877671,-0.0117601167443836,0.151256154154274,-0.351945212269645,-0.0219600526014285,-0.120813858622621,-0.287256058171718,0.0324190439127026,-0.0820071055315415,-0.559428132218274,-0.141056287822026,-0.264513538144809,0.0638925570932693,-0.047316860485411,0.00351225320239284,-0.0874082076951615,-0.0317647031680175,0.0822621646612755,-0.268559828299294,0.18995503806886,0.0805958670396278,0.748222695174119,0.671336884882012,0.308215419555271,-0.089434348822033,0.257991280690039,-0.0909297940370481,0.458381444952145,0.533961511769985,0.487439996195617,0.582585202903412,0.608385459544858,0.500365035555314,0.21460337573769,0.258676184564148,-0.10951296819724,-0.0204446792763123,0.282637220251702,0.403210238273419,-0.0411271992075693,0.259075672910537,0.185116888289516,0.315538337435105,0.0323132885720122,-0.0549988632185198,-0.0751068934781072,-0.103016396638728,-0.136638579872673,-0.0791407494291775,0.0209082908125446,-0.20855191996649,-0.192785816497244,0.105616284556186,0.08674705416173,0.0256989288640925,0.0102583861603358,0.0160899442863317,0.203001181414367,0.190297690749594,0.0521110480296823,0.00498326060633549,0.0592617379643174,-0.0896896257297846,-0.199122212635938,-0.411013669368842,0.111663296037738,0.150484030904756,-0.15638623283514,-0.258424708415355,0.207411534405111,0.367577533157924,0.0411541634036699,0.21321418844487,0.110374986530953,0.27412816533735,-0.0883945466893653,-0.19738075862322,-0.274404410017182,-0.282295832835993,0.156129317216239,-0.204553679739982
-0.227915718545018,0.467386605553962,0.339414053044379,-0.0230122229353313,0.0309026820150269,-0.321152457694157,0.103437207443775,0.316501791939494,-0.0397977036814529,0.413955584595219,0.0239596073182542,0.295530571703533,0.260266358358944,0.209060457895277,-0.104831837848075,0.270949537539287,0.467926473807536,-0.0533464637650825,0.39899520322819,0.295044258925595,0.633449822880349,0.415748344262188,0.131717157370053,-0.092152985336373,0.0726734030198682,-0.137629085512825,0.693006827151924,0.51309538150473,-0.0631078828211901,0.209898337395134,0.31370980781909,0.197559724509468,0.136383200144784,0.521202542262175,0.20880301676385,0.318763850505321,0.588801938074269,0.187457518028555,0.161649386306588,0.207489364524554,0.319583885592883,0.204482746480387,-0.0135985890759226,-0.149918515394954,0.120712270696433,0.358370548827729,0.365092017525196,0.268239798384054,0.41790394354579,0.40514964443532,-0.136864137023272,-0.209234709601057,0.208162528457141,0.256255266120157,0.078166800930259,0.0590536949096981,0.438036172628217,0.161518126559643,0.0643307737193193,-0.0162434717498473,0.0316405496079507,-0.215957100190573,0.177154497958888,0.175664123521623,0.208707452821378,0.33876012557911,0.297641463334561,0.258748754521395,0.139736658957013,0.153579642092509,0.217201166659165,0.0845691856725362,0.0115158368819555,0.0598279096665638,-0.204743778289611,0.276919925357371,0.367581591122049,-0.0520957982329283,-0.0263511356541527,0.0567051110873375,0.213038013871007,0.222984043557606,0.0865740124689017,0.0255791880299419,-0.149911199804099,-0.251047116481116,0.0791898366268041,0.0359985539487168,0.195787556879877,0.321851754036852,0.0320683170249893,-0.0975781674870664,0.346808537243992,-0.403662246374094,-0.42888745865186,-0.333170546417096,-0.341068859163427,-0.277814908616164,0.138592601053767,-0.247311321920793,0.172530843918987,0.0798527414735577,0.543937171260627,0.323701637228019,0.461562103496652,0.151122586115732,-0.0234458255139162,0.0246084900676198,0.0137629371466041,0.0722989654204533,0.508456976148209,0.227705314793317,-0.0344768145639439,-0.0565760616033809,-0.268583083802559,-0.223306622278673,-0.0619445551052724,-0.200737677083257,-0.0699047952177691,0.0646178441151052,-0.183571423470098,-0.239145182686783,-0.0920943255314822,-0.112276406127183,-0.00362208902565257,-0.0191034589537222,-0.0423179473089338,-0.087305508766349,-0.198900170498813,-0.049438574846701,0.286161132409534,0.0859593989834937,-0.344398344935725,-0.0721120103405366,-0.0257782837914075,0.0532283623652657,0.199203773627205,-0.0941489998338922,-0.120286982118104,-0.300424189780665,-0.374694877493472,-0.000286668691142803,-0.119140271842552,-0.131340894616392,-0.0689701046888901,-0.0645574730439635,-0.350325940556736,-0.347475821484556,-0.0211717231055865,-0.0916004272278065,-0.282503589181241,0.0278080883784977,0.117896429061691,-0.0650258874484358,0.143838418432003,-0.0601060628765478,-0.272019688165133,-0.0960062895644566,-0.204069151725214,0.200282523139797,0.139223408886479,-0.340852653622382,0.494112833842648,0.129835287684532,-0.248965279342422,0.240983147577284,-0.360994772395911,0.0218449383311384,0.297167284479999,-0.330713167247307,0.500687050505945,0.180268989109278,-0.0684987300706237,-0.241576255036719,0.233282783462776,0.427553335490316,0.385743221635433,0.0536584680755609,0.0790995869333817,0.586051733958723,0.174635771248875,-0.249037281294104,-0.0540316976776911,-0.134414930328658,NA,-0.100604943515429,0.428004835615669,0.507180625414507,0.15654153971779,0.312781064015614,0.276166986078975,0.064950917807186,0.283788717461253,0.238947392737532,0.23257062993095,0.470739275922442,0.261841517759513,0.194421090796515,-0.414712436860751,-0.595014899116028,0.121774688849416,0.501190430452211,0.443397471343164,-0.132279042219037,0.292194607013855,0.390314789284079,0.287645857381989,-0.485209061382095,0.172121750653714,0.409159373065997,0.144614678781343,0.0978703942260045,0.214354268321462,0.215568704194411,0.119618859153453,0.124173835333808,0.274224340937451,-0.0376619741707639,0.0670147324178161,-0.660781702348915,-0.167879115349566,-0.52167554113821,0.561944871156711,0.295445873159712,-0.232982051618502,-0.0228113807339555,0.35094709090086,-0.0193390360570606,-0.155232888316616,0.18376574233651,-0.204050571289477,0.00133586513278438,0.224655061579796,0.351207380555111,0.332499399693562,-0.313575509813606,-0.339959164139532,0.299744297778888,0.285499871508016,-0.174998157909573,-0.207739648361405,-0.517220684100079,-0.158103139478846,0.209203852774791,0.436720913366125,0.528260297455953,-0.195295762831782,0.416336491368398,0.0597141477449066,-0.0114489800477279,0.293309230710253,0.122413710704286,-0.27100568531386,0.176362432488558,0.577298761824316,0.21634252282233,-0.105472683714468,-0.0400525599376406,-0.497512243007428,-0.504126431604855,-0.521371191622768,-0.115334364357167,-0.108052460964663,0.218632433860555,-0.0243773473330841,-0.139766768933732,-0.0103285078455038,0.180012239920923,0.194795236851229,0.209944169038261,0.245706813997945,0.183349370403,-0.411709294620921,0.373104860797075,0.128728851474135,-0.334037451265575,-0.332348275863263,-0.292332884123111,-0.206011621769192,-0.253080185983401,-0.285270619611535,0.169126930321102,-0.274279358461565,-0.117137644587945,-0.082988995550333,0.0835298208756972,-0.178718074485769,-0.180834021060291,-0.266612164820362,-0.073890144845275,-0.154074488061748,-0.121857163181213,0.351074919685194,0.0827917769954384,-0.0698665553908196,-0.429249820147737,0.0668278700753564,0.205249341263046,0.154795346689156,0.117272133050203,0.187288389944819,0.202803702097024,-0.050951922238508,-0.00202967555688623,0.159791426967743,0.00974994384951641,0.0964124457497809,0.145454965255567,0.0106776927403877,0.243365539512942,-0.0230808877149691,0.290808457461952,-0.144023010405285,0.164406488307048,-0.44246934707934,-0.0728134156613898,0.1271985998642,0.0729083020538897,-0.724170271482657,-0.187194600489806,-0.512140333238615,-0.365439022921101,-0.484088682690354,-0.131119702706979,-0.232543392641737,-0.369573333356426,-0.611185962946934,-0.595650179707063,0.14101518093876,0.250330814222435,-0.168562927097676,-0.115173008676192,-0.0807769118706168,0.335175899732694,0.436768008610994,-0.183417887325271,-0.240139054518001,0.0128174818360263,-0.077486103755026,-0.217468509772617,-0.184012345189716,0.144521867824506,0.0383154970263831,0.193403516364999,0.319054669511354,0.126031582547555,-0.00660617210272554,0.210160444210921,-0.366848233312885,-0.296709580049652,-0.307836079692964,-0.201126400055944,-0.149293349909104,-0.214885666123278,0.151623424213093,0.195020628523421,0.0343693174673389,0.190332935296584,-0.317475836089115,-0.330113995206672,0.440003248715572,0.110283777941924,-0.11596489187343,-0.0421896023715109,0.0389652699187981,0.0270419127677057,-0.290617508305232,-0.19735755207252,0.243822852372574,0.456840176752819,0.390927107892208,0.388293832562329,0.143677538321443,0.11073199543252
0.622638915303154,-0.0358131374845681,-0.178336411770244,0.403943526878291,-0.159744919197674,0.138440730721567,0.229348917111434,-0.153357269630082,0.114057780090382,0.0890343781510638,0.0178944175186337,0.660245732469208,0.0168236804616204,-0.0670189926606533,-0.188396287012352,-0.0715830775162602,-0.233167041865758,0.0655095456095669,0.165401617093194,-0.0619051285277734,0.0655301235162267,-0.341014429690251,-0.00765944550595754,-0.0222784515450075,0.14182822122783,1.01973267791732,-0.04561603715455,0.211264741483166,0.486725963028166,-0.308029914451127,6.79612210545181e-05,0.0823236541442241,0.0266145321023224,-0.273269119618287,-0.167759483226782,-0.0758081570006902,0.0107525081132859,-0.0767313572199231,-0.200170298007174,-0.0430377353587458,-0.189838619598379,-0.24898556451243,-0.187432401643541,0.371933867273101,-0.0939520612669294,0.0438264439021979,0.174538975371676,-0.100073235335219,-0.247804768226026,-0.0729944742905821,-0.309176290110529,-0.247246896379673,-0.0113701848418524,-0.192185978136738,-0.265674621177672,-0.175587628338618,0.112455311186272,-0.364892599489074,0.13460861438531,-0.451226202700348,0.0385887474602957,0.0128847845335931,-0.114233370003916,-0.265153562723671,-0.0440131232207584,-0.11232310093684,-0.101252501191557,-0.140627282842078,-0.179615884889479,0.08169754342639,-0.0406656504475855,-0.263296658108144,0.0558690475256095,0.168987281560898,0.118533072291734,-0.299039946235669,-0.172095261057901,-0.0632553246773324,0.193495229191466,0.237440002081044,-0.255640650854465,-0.348252687693661,-0.00497346569648566,-0.191255614701239,0.173656990469506,0.196836384259318,-0.189864938567641,-0.0270687977234449,0.46592461382082,-0.149141601421249,-0.193514150458196,-0.00739035029001348,0.221074728786202,0.260638949442662,0.288900285825503,-0.100981177477131,-0.0210582274982917,-0.0143033528703609,-0.00121235981912145,-0.000997534809141571,-0.0607659481795266,-0.224467159000761,-0.178023364211269,-0.483069311734523,-0.269777204113139,-0.445734223218717,-0.0658203470889462,0.160482261508225,0.145421124015863,-0.181993511719938,-0.364546096270278,-0.288534473005996,0.155188782424906,0.172110916399088,0.167151133884666,0.334907440188248,0.32869781608351,0.242281367974179,0.315528609891464,0.232149293292947,0.152295220888331,-0.207375423788407,-0.0211988144000205,0.245712517071885,0.301540988986755,0.0741205236629584,-0.0267168355149574,0.0657219460051443,-0.0448482754485846,0.00829837683330107,-0.0980380980847816,-0.194038861859993,0.22516836617111,-0.0866482416575633,0.0829903217462318,0.166222250234838,-0.112434005610528,-0.335117683495506,-0.0683077176456232,0.0804542837405389,0.018142920455176,-0.112181401628032,-0.0113507335397458,0.314893749379007,0.368840998104972,0.283952722197788,0.181915810448219,0.192497866572827,0.162973207201325,0.594934413281837,0.328561217816785,0.572647267896784,0.0090457539119319,0.53661416937577,-0.0716299019092191,0.206470167325813,-0.0201846684788264,0.106063406808902,-0.127705344391697,-0.152225597434209,0.103754010795052,0.488512586062802,-0.179256122321055,0.00690260614769836,0.380261757119192,-0.136718830119436,-0.264212630565598,-0.0145081727810618,-0.175525699192394,0.0198962477671136,0.0655102996468334,-0.25052016072448,0.630671090568295,0.259240801288345,-0.249358321346273,-0.113167192541004,-0.0457698750388501,0.22473714331404,-0.140171675112861,0.072798341411943,0.0574812911498891,0.274592912468367,0.158849654980013,0.462019215168606,-0.100604943515429,NA,-0.116918720450078,0.0474201577570961,-0.0826095462017431,-0.0801755796398595,-0.0670512830608936,-0.0553349641462424,-0.0373694244264548,0.253798446772882,0.127015765233044,-0.147917572745856,-0.209100314299899,-0.278454408328517,0.194709630495257,0.0256270035620231,0.172283479662047,0.0267319822690385,0.0204819502328672,-0.154527295062572,0.253784813264104,0.117159540082542,-0.363741986967972,-0.164895829796519,-0.0730118533848806,-0.270539233050997,-0.297902591619363,0.145418917878372,0.170190950480273,0.371441154331535,-0.237359114547717,-0.0173979817468347,-0.10695368644931,0.232016813670844,-0.345754776025596,0.129239074968174,0.022828752112689,0.131256392974635,-0.321076786670535,0.0942489619619369,0.152447479436575,0.258613564961384,0.157562324369606,-0.194733715351758,-0.220469377454288,-0.321935410402254,-0.0623481524495172,0.214743779222579,-0.0654280430525544,-0.0875532940904802,-0.25194212456467,-0.205493921472632,0.0398832806415131,0.155339765843992,-0.206418611465459,-0.113040345472013,0.078245438459677,0.0636692646852692,-0.0491920035476846,0.0655805106221758,-0.421985067521982,-0.228834994752262,-0.0511783468369275,-0.108177267161094,0.0113853030151058,-0.165168624470311,-0.285173182573108,-0.225972603015548,-0.12047718312657,-0.0298374304116074,-0.0805885542053847,-0.0978444898826212,-0.239293007445234,-0.248415671720496,0.113300470324724,-0.167105266064958,-0.212342995402926,-0.571199984189636,0.0541926196637215,0.0142283587021862,-0.260019722497903,-0.185265020375995,-0.0904965167343976,-0.0805875174658267,-0.28932670344738,0.0195597568284552,-0.471776691143127,-0.240754551116744,-0.195576536209943,-0.356601681070687,-0.442345482701333,0.22409387034215,-0.158337759887844,0.245006651984744,0.349477797970239,-0.20012183002517,0.230607112647969,-0.180474136258605,-0.0516768954243735,0.0154370897337335,0.0299621168148299,-0.206869019082349,0.0778677297051126,0.169648916570899,0.123016724379163,0.154571675092343,0.0548741281158946,0.0693664859817747,-0.268166496592399,0.153622410625695,-0.158436120242193,0.0601458696314306,-0.0846036224870499,-0.125661967504299,-0.269179876513835,0.0451084450787816,-0.0107364396090113,-0.140124667443999,-0.113544412740386,-0.312904028423001,-0.275080104850805,-0.434715180873085,-0.243701788052277,-0.119287337116101,-0.0779898448159985,0.172078633107227,0.357763657630411,-0.249333529633644,-0.0178451183392611,-0.157862121096105,0.398153049857332,0.40154692163426,0.303247519542334,-0.205519827671056,0.071059558151382,-0.278469137844431,0.240651049417066,0.335227708492437,0.373491108073268,0.264003613716174,0.353225241401286,0.114528606707116,-0.140033600607888,-0.0790233209059572,-0.0361113340862854,-0.13537578548592,0.31648396141725,0.137211674992448,-0.0916558260736027,0.177633169395314,0.122701167283063,0.212432610758978,0.0204397917615773,-0.161388790011659,-0.0910535294912348,-0.133816874874866,-0.132484416913447,-0.0266029815786297,0.0184309854738771,-0.156767938802313,-0.136785276208929,-0.153917402900462,-0.157413031708909,0.0166434923152073,-0.104342028520268,0.0948504326201077,-0.0184263560053221,0.305445287814005,0.12125281078184,0.230960684617614,0.129762341736233,-0.189740878409771,-0.371219557114996,-0.366292955064105,-0.071105394983967,0.195132517670104,-0.219418389520753,-0.219788574083363,0.0609685833700791,0.2293535986837,-0.1178156449206,-0.0772456362759979,0.177620289714737,0.25604370543504,-0.224393615674143,-0.199274621508329,-0.283463603909043,-0.458492641076591,0.0847327733298845,0.101402993502113
-0.395709872247971,0.140108260791331,0.256588113514133,-0.043008425621272,0.104876264179413,-0.157042896992257,0.457184322621909,0.407431403835962,-0.145643868796503,0.275180985042628,-0.0310337262961264,0.253336697901444,0.101662470371649,-0.0508824135933265,0.191848625506713,-0.183560384180237,0.304540437416541,0.161496073597541,0.41698838495822,0.0861414918251481,0.483905490983946,0.5706004087663,0.248964370123082,-0.129135492856492,-0.0752069113397893,-0.106311659323066,0.591575472335582,0.450380686075914,-0.0246560758264962,0.21007655951605,-0.095458557204371,-0.061227758665536,-0.151366917038553,0.438012639846174,0.0703428098746774,0.00490635069725971,0.245737609755812,0.0733857138077566,0.0937258918545422,0.273749053758256,0.366678614623256,0.428492094131128,0.215837023859055,-0.399755808084182,0.243111058848465,0.00612009262061218,0.114167185405191,0.331911906457744,0.675844390593181,0.170285090908703,-0.0196812475078051,0.107291765419616,-0.0564396723972737,0.138882530372971,0.0537156884477824,0.126567100850033,0.143239139818349,0.167475339151562,0.164499723115033,0.194785700131434,0.12698789660911,0.0362843255995788,0.738355012486255,0.458336072031522,0.224382482963334,0.266695022669141,0.284294353719585,0.143714593894303,0.1387738377349,-0.0750217188818279,0.139293648490591,0.143962068318508,0.171251332958539,-0.0184634194640906,-0.24996788471071,0.432797674617793,0.221190597965858,0.145870779320746,0.172145058624488,0.239173628681398,0.44287997058781,0.609740384345781,0.429851895361647,0.332807156091259,-0.164627239972162,-0.356993149820469,0.0816973579036255,0.0484762058419689,0.0499331355981782,0.154173546790103,0.273044676850673,0.0732405809561045,0.380421589659694,-0.458259471866907,-0.477943496600856,-0.258075931892049,-0.216333932794133,-0.059921261849951,-0.0553458190269195,-0.122421955345918,0.300637225981123,0.0779865921682984,0.45488964455612,0.339959205644534,0.318109226014007,0.439263862582808,-0.161202804450621,0.00607938135255351,-0.0125838021712724,0.152620696441429,0.581034211151347,0.370703287277625,0.0371956776944368,-0.323550623983077,-0.24121980885575,-0.269729354372567,-0.244436496772483,-0.112171911122813,-0.145909450072269,0.011161339829064,0.00403935117462187,-0.137778077802817,0.00343791105196545,-0.261759445347814,-0.304444965671629,0.0458214244818801,-0.0224926655805769,-0.214606521519958,0.239362271718479,-0.167568229080004,0.36334141697871,0.226734437535189,-0.142302041198751,0.284911545923763,0.101112135214943,0.112450680328731,0.37011332207928,0.323140849900758,0.0839736706334622,-0.0539560903569827,0.10277743645983,-0.182455957319116,-0.134213721059796,-0.119671936264697,-0.364973698387918,-0.336396474926798,0.00286568773088953,-0.37122275239353,-0.189399454367511,-0.323111283004471,-0.468342483632899,-0.0306237357334138,0.49461039420735,-0.261281085355673,0.493312620352471,-0.291338925408742,-0.243177702688191,-0.100470810458833,0.228720779145131,0.346371149102278,0.0342204676831743,-0.432482911811638,0.116941922060069,0.124674170997753,-0.305542803929299,0.188771218282641,0.264025799698556,-0.0100077394429186,0.215836079574539,-0.343259027173224,0.16825058294413,0.329086850733398,0.146828930797224,-0.225916563606116,0.275876456694642,0.177050367080867,0.226248209866376,0.182603158394442,0.22394606028517,0.387532954557066,-0.0588911912540384,-0.255386677063822,0.166530282245851,-0.127980002332791,0.428004835615669,-0.116918720450078,NA,0.510259260000942,0.155101994832055,-0.0757241777726972,-0.119204212229724,0.149789479017676,-0.114891898972226,0.0435105471284631,-0.146263638339874,0.384998070687242,0.134528579411092,0.108313356829669,-0.283514275877609,-0.387987697136977,-0.156460010889013,0.197012482479951,0.14097968632956,0.0195767928085075,-0.0154926612913517,-0.0446071661858308,0.764979828695204,0.0350399066300022,0.148525066380376,0.279220803344608,-0.0461224437206909,-0.192159904363722,-0.097894897362409,-0.0642068462330096,0.202691866250485,-0.0195669842176466,-0.0381780983604134,-0.317408744795628,0.610086123052561,-0.338193187633122,0.143918919807465,-0.0897555945345656,0.346368081306063,-0.142616646308615,-0.154786783026328,-0.225814896969266,0.212510086515608,0.195693056076589,0.16285657199521,0.199354476586368,0.0248981466284696,-0.0947211717408321,0.0345499555417031,0.163226742525749,0.359206380353407,-0.0133208156601486,-0.111215933887545,0.255123242038933,0.393967543726014,0.21000421406706,-0.136132994314726,-0.195142663680351,0.108743806852338,0.14212914682176,0.596597870504242,0.614875095095531,0.208258774896917,0.861861116683241,0.472668994596245,0.541259301024849,0.146218878485355,-0.0959275745903105,-0.15206099880324,0.260947499671314,0.168122108299075,0.223553112077837,0.0607014073911948,-0.00530920918877581,-0.449904674349859,-0.0858750189688446,-0.252706009869674,0.0981909923124371,-0.113057805035026,-0.00551904087366618,-0.204521154318373,-0.0182293944936696,0.0954305653879475,0.1375949414508,0.295283861505686,0.00253242327968667,0.618981888394303,0.320883976017483,-0.0271031668338377,0.587695291213767,0.544911341670835,-0.0903192301714477,0.00656375109018681,-0.524093754468078,-0.29973189747582,-0.17149427970406,-0.302709025996615,0.248630287161097,0.101974344630857,0.132254677992824,-0.213044175367304,-0.0236197191093117,-0.359529390830565,-0.403029483539758,-0.281596562289463,-0.0830739041296078,-0.143888297414761,0.0217444471468898,0.398795540320771,-0.0306426820390262,-0.0828743736300075,-0.115111166362318,0.20697502765435,0.280549299158553,0.345833897054649,0.269311525660566,0.682503969404963,-0.0677477777616646,0.313785502256552,0.129883330281611,0.263701705835983,0.313813848677206,0.25429240621991,0.425807693234986,0.102080766496285,0.233116453955325,-0.117212205798308,0.153230176630979,-0.0926687909380523,0.148741739222149,-0.541078687018885,-0.237979435486524,0.141694402747027,0.631300607189139,-0.482590629276129,-0.0837140901754837,-0.249912109062405,-0.5002867814874,-0.579983588709532,-0.132491582535231,-0.464984012758133,-0.0169683127688025,-0.160501515970963,-0.12429883464969,-0.171947098668263,0.363081350479746,0.087655076429187,0.142109885848162,0.0661624077532542,0.370325173307728,0.383659114879804,0.1261964474618,-0.0420884597602588,0.205954608982795,0.151822933414679,-0.0772064094650045,0.0804742430735382,0.0466542409941501,-0.0242617318854757,-0.134344452374082,0.559307382430683,0.317073130804477,0.125245665308328,0.264673945057701,-0.268130328411695,-0.316267134932961,-0.395273927498157,-0.416887222010736,0.102594757448521,0.0415628104752532,0.0482229520130273,0.0365771227167388,0.417786635133145,0.378005729207919,-0.339774952269588,-0.257649792141039,0.194282028986472,0.31941808528578,-0.0648669500441506,-0.173442902387711,0.0800619880608315,-0.127620923303724,-0.157074674582017,-0.133278830572962,0.0283120776202717,0.384114179727927,0.44070114930458,0.34639181109562,0.119323400732222,0.169425374623119
-0.287058703850016,0.276199138914439,0.208185624035882,0.194281316941176,-0.103110835030261,-0.0448464914787828,0.0198411659724815,0.223863968022264,-0.0302364771826006,0.185359963874964,-0.13531451805144,0.125753901568971,0.0293256391541077,-0.122277455078238,-0.0676129364902722,-0.0961395578969977,0.209770600573543,-0.116929115259144,0.149162496493188,0.003265860706711,0.591929460739375,0.458675252441635,0.30115539827022,-0.0982982418664601,0.0983597588946646,0.00901202925631821,0.627944691931235,0.505460386183289,-0.0227056907522557,0.171185224058833,0.117223022855648,0.296146302708115,0.0601223198652038,0.381571059394073,0.142804738010056,0.165561811048243,0.39049458452971,0.145336090313422,0.11959724341234,0.0534499379353319,0.473991879630851,0.142080315975363,0.129855794372003,-0.0678912540351934,0.00927325370945491,0.168554187768678,0.121308082912742,0.183480825314806,0.545503987623525,0.300757623170383,-0.0500157892568904,0.0886796454133948,0.200710190420409,0.222294132762343,0.169301531346223,0.17295047918334,0.362590750876799,0.235981127945838,0.0879443377078021,-0.0741193429871137,-0.0363241025115066,-0.0756993140933093,0.453443473460859,0.163699770353015,-0.0100476664774981,0.364535002938987,0.366034433634049,0.380250475492556,0.0754140931200855,-0.0140641973564634,0.0431033269626446,0.016237381913465,0.0427730967457875,0.0155554706143149,-0.135030725482928,0.208947856980144,0.291843021097844,0.0966551187511275,0.184774658572712,0.236022313186439,0.271844160566583,0.361276528203849,0.247968840533746,0.182801312998545,-0.308976651292402,-0.265259385023675,0.0656670557379652,-0.0577000000018928,-0.0576069169741256,0.060426732513406,0.231224871107048,0.066904386895014,0.241067296388073,-0.153785958894477,-0.240771514897292,-0.265144261521429,-0.193042510261298,-0.139124520255464,0.0757267773199115,0.0119407673545703,0.16283892643141,-0.0334943043736863,0.518982938792138,0.108489379218368,0.58271128681695,0.239663913615459,-0.0784586928965171,0.224433152326113,-0.0106010369708289,0.118341569324625,0.402263893447026,0.260399982769164,0.0193619753187763,-0.0880680497047102,0.148453498045778,-0.144776742900181,-0.0468360625659187,-0.118787474652881,-0.278644874247253,-0.0383003847449342,0.223997476092268,-0.230156576046056,0.245678917761046,-0.0998024614811952,-0.0898436905689066,0.250650861456202,-0.0215437901231452,-0.013654264773696,0.0746912825731276,-0.194325501786631,0.194968254781453,0.0125410765514927,-0.201596820909837,0.198452954984582,0.125034572309697,0.0377926801324863,0.177883499942104,0.215106303062013,-0.0291188912682812,-0.124693445544842,-0.120350128647662,-0.279694430195727,-0.161223813069305,-0.0831816314227952,-0.0101542353486687,-0.0191157103291347,0.0142995678589935,-0.109428714842457,-0.049893911461351,-0.0442750307895592,-0.214482641140081,0.0535542674077762,0.280648234984295,-0.137683049391097,0.303430923121003,-0.0203466913860117,-0.160946048360512,0.000497964559119391,0.13554302363549,0.452421912630948,0.142871543726902,-0.296870619780965,0.294831056606622,0.148552457225463,-0.0834157529817397,0.141438116361662,0.0263932067709693,0.229725604906283,0.227781973264377,-0.0923166996907453,0.136548186892258,-0.0328308090549962,0.0465968981534024,-0.264104894294005,0.183980598610967,0.0847637783937177,0.255844549354888,0.0299577900422736,-0.0272046784010944,0.624157544014704,0.261522415821936,-0.0024979060082223,0.0969437294895768,-0.0116672128364414,0.507180625414507,0.0474201577570961,0.510259260000942,NA,0.287176688734362,0.14681548206661,-0.0338482579108384,-0.0744918217279889,0.117015978194071,0.122015453608573,0.120519186367858,0.749656728108846,0.14932771795538,0.0698669292636689,-0.184453259030018,-0.424812183455334,0.0123965286430696,0.390499096436819,0.172005882301142,-0.00657944623853718,-0.132684179026003,0.217783854301615,0.267386884412299,-0.361888019847196,0.180947177982042,0.152899083437823,0.0450979537242221,0.124335978409797,0.146390637856879,0.232303079261566,-0.0443262267956863,0.0389479103154448,0.206965935777874,-0.317364387469984,0.317779965358023,-0.314032670029489,0.0420269404717318,-0.14331157460687,0.515536846477408,-0.107838530714817,-0.00316168328561231,-0.0697301241332413,0.272162384636946,0.175394454493111,0.101013030046014,0.324363726661588,-0.0147030271678873,-0.112641622868916,0.261281406604017,0.390452402164051,0.287151585737964,-0.0240426951923657,-0.177683087123592,0.129858574984566,0.270628313157522,0.251192985425746,-0.100210347568689,-0.29388125216649,0.0986533728059412,0.177630819538344,0.315185148734281,0.38995697551704,0.112296575167072,0.438612155997789,0.294447682073714,0.253809438486488,0.281182391697304,0.102193609727964,-0.0741880808099461,0.263946840874787,0.250973365987372,0.157522733747059,-0.0259368697865896,0.15577634809281,-0.273248202093964,-0.201564831807909,-0.328265976790426,0.0698353165378061,-0.0848186847513081,0.203817726048919,-0.0855312651422692,0.234704518232901,0.14208911628467,0.140782428785392,0.119826276817905,0.00550134996948309,0.372438326904167,0.480116933196929,0.0147230096543125,0.343755726774386,0.206406462059132,-0.158430945269737,-0.0979624927724966,-0.398241772612287,-0.269891951738009,-0.05633093241938,-0.386018871153227,0.0603551049871364,-0.0244355208685071,0.071688380179857,0.169926780185672,-0.0708913564285009,-0.260200421062666,-0.235659260076636,-0.0443045601850778,-0.160658347996751,-0.0570234213370466,0.00648275317803268,0.149449572328459,-0.295902910076837,-0.129292172387361,-0.204435292183923,0.163232635748615,0.162780221578941,0.148151057407648,0.130588092425343,0.360854350049309,-0.0688268164445073,0.111644830912053,-0.0963342476006215,0.0660784275704714,0.0939075078605094,0.139715544373753,0.389301212577066,0.124204479396901,0.290634397733169,-0.0244850446730474,0.0846267161532005,-0.132739059767801,0.305280965637627,-0.431625070030984,-0.0718332196905425,0.375135294776707,0.196118394529076,-0.588635150501114,-0.272105449121146,-0.21061934346164,-0.355042646159762,-0.349154720467383,-0.070927146279313,-0.309009005248994,0.082574716687553,-0.26784374446086,-0.276837704914377,0.0519644856974845,0.439288268852526,-0.0727936787641113,-0.0804436628297028,-0.0130005790576411,0.229854979736714,0.279212609575163,0.0417130579448229,-0.150526703440826,-0.0684250910889076,-0.120938490374297,0.0323481712053435,0.162473858514401,-0.0979171896247966,-0.2426534661594,-0.190707834643408,0.0318799243571126,0.0221495132420774,0.12613136614252,-0.116841744001495,-0.18430477537197,-0.248519872147564,-0.262046258137311,-0.242273045910966,-0.0552258554642515,-0.150628679490971,-0.0554634413418168,-0.0421999070512585,0.101827183649279,0.171104285166615,-0.243114203564434,-0.200976406847756,0.464986916893661,0.189034901529824,-0.119517798224906,-0.25034180395498,0.0826309326585345,-0.172231550196523,-0.350785711467817,-0.237451312082317,0.0232777336936567,0.154084423246046,0.27851266357185,0.17379066547155,-0.0995614748220564,0.133398317094313
0.0358243393276792,0.526729929726329,0.327738109130049,-0.399988131631952,0.00317028779108388,0.129372098752524,-0.145770008638657,0.423178885025139,-0.0916966336128327,0.167545751948552,-0.0878271671020115,0.0783131219721191,0.140054598706981,-0.0950493826343196,-0.295417626050015,-0.0558674432432561,0.124963462079057,-0.048930300806794,-0.0688403960355603,0.129392722954844,0.757440708804313,0.22331997292681,-0.372885307608066,-0.442306369344027,-0.120494510995598,-0.240522454548178,0.101565249553858,-0.0397900235191321,-0.343244574083616,0.520553045737426,0.150476583144055,0.126493935308462,0.0256192311736198,0.12010402998619,0.336727556437129,0.314273343817913,0.298317811244722,0.41331254598967,-0.00828655274835355,-0.258796999023324,0.140903887538187,0.443526185959359,-0.0256828096871688,-0.24116095751206,0.0960664116681247,0.0746361709559186,0.103351711450852,0.206254741296369,0.53239921290203,0.573190966599844,-0.106507944829772,-0.0262359520261687,0.463754726652619,0.238376469445472,0.473755338905749,0.341774427464314,0.738972991019079,0.481509981002023,-0.0138658226627652,-0.0231974882967162,0.256959291360515,0.323713051668881,0.112559919459133,-0.126884280476725,0.238747166227787,0.28845903469759,0.336438951341176,0.349462175479556,-0.0075696375837338,0.194812828749261,0.251804298611074,0.0405385074741832,0.0711761022225306,-0.336655457086692,-0.32366337521641,0.43473374604278,0.469970293420129,-0.301815560398165,-0.400609141184923,-0.242463069499499,0.324743935011031,0.113483250411483,-0.0829772486166136,-0.167621565342022,-0.37329624289198,-0.413599544223363,0.374065529316809,0.0224055745440254,0.385779863846462,0.415311267827807,0.602560979084723,0.577130908736018,0.661685864163322,0.0929509504602298,-4.84730074211736e-05,-0.0328256628975412,-0.094131443484063,-0.190205927175138,0.253964363422336,0.113708396046838,0.457097103318276,0.0328828592938087,0.447681266236386,0.208192466719417,0.384542265767507,-0.114452490379585,-0.332379471970998,-0.119601816402088,-0.197996706584665,-0.0803801210311766,0.22391894331457,-0.0867376555373761,0.00535061027985237,0.277866810963747,-0.0898641318554609,-0.31851413889636,-0.236827510398989,-0.462825513906162,-0.382355354425237,-0.402463903266044,-0.165913080371451,-0.288556850609162,-0.0898401794311762,0.178876274199965,-0.179375235092114,-0.00326776802046448,0.264783275885187,0.197428047341638,0.242322248439547,0.0841063935023371,0.457970780031226,0.168436272614398,-0.0188576439949277,0.520413558977238,0.253651576998659,0.175453306089525,0.232033930486641,0.0295806022170441,0.226309024067673,-0.469625731513808,-0.142946477892506,-0.158708268428338,0.159165083194954,0.0736793128891228,-0.179902871732026,-0.140215594167686,-0.278601593114053,0.0196129954627649,0.0469382382842516,-0.247827343810651,-0.168597240513811,-0.268362852663921,0.386872885582924,-0.329457552926749,0.321513032183329,-0.359350806429911,-0.265692851453671,-0.29460284286155,0.262536658780582,0.276617199811488,0.218596036715295,0.282098099952401,0.532315270659425,0.348262455292293,-0.311325048995076,0.272441612776317,-0.0645051781924244,-0.262852821469474,0.213658732339587,0.00471442577502003,0.064769666775479,0.126573062347018,0.229687665210243,0.174023976952935,-0.0288010044344185,0.0802723001558318,0.336245736450565,0.0139411988214275,-0.020917158522132,0.651144532735009,-0.149288640314918,-0.501159821708809,-0.26923424049533,-0.326159842508654,0.15654153971779,-0.0826095462017431,0.155101994832055,0.287176688734362,NA,0.0989666338383823,-0.0622699205601606,-0.209004459237293,0.264214385468519,-0.0519385494633941,0.0977840278724511,0.178834311404823,0.36683843490344,0.061714876062725,0.0606960710980543,-0.210094183323898,0.147856322825986,0.137917754020067,0.0535170942018791,-0.0407900106876921,-0.0922699197484902,-0.11729504462755,0.197624252759332,0.0286616157930565,0.517652096369532,0.298514898752607,0.223349088155424,0.371755837727547,0.331929535676549,0.231784471683832,0.146107945244546,0.334597918526869,0.348953563643154,0.0997360065748382,0.308358433978146,0.0918883014157344,0.548045194170918,0.0807463239483762,0.602043264907762,-0.167681525224702,0.269224159792293,-0.149397486915704,0.203739514475972,0.485238337295477,0.33575573067834,0.442313141075173,0.377172417421056,0.0420549616528392,0.247655539828852,0.170976020759704,-0.0352320222267199,-0.2588005050679,-0.312132904466065,0.271209424083515,0.444658336102715,-0.210531993228491,-0.267395960844944,-0.470783621199961,-0.0698977515735373,0.498534259421073,0.142442096009131,0.271227922781125,-0.168758323890713,0.0717541192507276,0.121757059785702,-0.00988332195204819,0.383051315890006,0.481638618683143,0.49503171245038,0.717004232757788,0.355298532398321,0.280831796995379,0.772816062969259,0.602453882261034,0.102831931653854,-0.275608595268182,-0.114709344791502,0.376718279210465,-0.220093293977766,0.503407254114268,0.172024958005791,0.829007946892129,0.783014131040005,0.191312835022658,0.326881114171891,0.190575671342976,0.0208318743983657,0.47434319647189,-0.0241220588325421,0.0548300328862948,0.101612224175051,0.134623033194003,-0.221554424806457,-0.0480239385785078,-0.374260041821156,-0.33276720073687,-0.344629963615607,0.0177635519945972,-0.31794522242128,-0.309556097348795,-0.0246754285660493,0.162042494269604,-0.398177838217076,-0.266405300724147,-0.0247536959594773,0.239972504620458,0.182082342961734,0.353217201514093,0.39775779016577,0.229116015875847,0.115622670420651,-0.119294920614763,0.379168575881091,0.331847108603898,0.38071339000998,0.308831727348644,-0.128918979861092,0.0971958398867019,0.221809257125811,0.335006852539618,0.00131772152925164,0.105083281242485,0.253056032213727,0.200339731314687,0.203315363041303,0.464744958227178,0.4085972207114,0.21553192991628,-0.153889892063019,0.0486993990055287,-0.103187991192787,0.0232156903408407,0.0356015695416921,0.0811418301643201,-0.0798868457233601,-0.138173340343493,-0.0189602196952613,-0.172216317524444,-0.262637161101835,-0.0122890524408869,-0.282724868430097,-0.0873685741551995,-0.0422724030032523,-0.286110517162906,0.312681178358171,0.0246278258416541,0.0573402635614324,-0.0723877497366785,0.133948085057532,-0.194423060790497,-0.247556975710667,-0.539221932616298,-0.367881083789578,-0.497385825693159,-0.42281833523351,-0.268776864141407,-0.185744236639067,0.19383815458828,0.170209252885171,0.0322769837800257,0.16854765706002,-0.25440737404019,-0.320241655498108,0.0279683148538847,-0.0206113660382428,-0.138152546824904,-0.0822143116293261,-0.204548650195612,-0.148786981300295,0.0809206515473433,0.300647452711078,0.306859751743372,0.266358487015471,0.293415702690182,0.0920244730946524,-0.352420216114277,0.349024420579163,0.176637819442975,0.127331759866404,-0.270739783741064,-0.0122414355973912,-0.405840192688625,-0.277802143023531,-0.267246434579758,0.319866257329992,0.215637079407966,0.113167925691418,-0.0515493271849712,-0.218769554932578,0.0609448303534786
0.0465996054707947,0.746185729134169,0.383052521384125,0.285151592621305,0.0826366053870853,0.0511777999448615,-0.161059890527902,0.538889397971996,0.0402785639224426,0.427573956696794,0.136376468362931,-0.121370519664393,0.35740401633965,0.366885903432324,-0.190491416060056,0.408564158496955,0.233025611948993,-0.118758306950903,-0.167453276242764,0.408566519579652,0.40041154730228,0.25754244017513,0.360339243852647,0.0366482229722656,0.229823446360918,-0.0947081035871233,0.209410280525482,-0.0747288049827258,-0.115683025007101,0.278362921280659,1.01911670985551,0.854681892774612,0.495159760682447,0.447655356990838,0.678168060063803,0.98613262546659,0.644391946919564,0.638456251464216,0.349240934386111,-0.00993725067448003,0.282594742699878,-0.0497481731881502,-0.0457137623132362,0.305125852134079,0.516833549951413,0.509550173143444,0.683620892920612,0.307125143206149,0.189520830816472,0.56432355710354,0.0575925689441501,-0.0347766106884246,0.264894080920235,0.33649949444323,0.191316963978942,0.3180064189143,0.671131235958384,0.472175158904871,0.191246959342899,-0.103591741221391,0.0371107273865184,-0.0163490486640627,-0.132111111582535,0.00298586519445824,0.212731758892794,0.205838870390262,0.236700110841492,0.381169779839716,0.355180214154109,0.457237624074218,-0.0410843720705596,-0.238936397889359,0.0635573353464498,-0.150457269845057,0.134640617478922,-0.0759708038713933,0.416921276783415,0.165641841841388,-0.065697859078399,0.0320742108828646,0.0959812946872673,-0.177480696164639,-0.091903118672322,-0.239696200765977,-0.19642252439815,-0.0408302029353575,0.362580175234095,0.287755379116144,-0.0416663997654968,0.536291774131447,-0.0379833683970107,-0.0904880721604845,0.0875514720119283,-0.00839064373565562,0.076426938715469,-0.0369918557946622,-0.0886877920603931,-0.144040091318959,0.445976856119444,0.0539932779104943,0.110032256401063,0.0790494404184059,0.263269106302166,0.225375701768638,0.115562888655827,-0.0471787851497986,0.150278864143422,0.418115407356965,0.126063873099336,-0.120843604937593,0.191685781548174,0.157863796486343,-0.0418581267708344,0.315008861031548,0.0803521356052949,-0.0548444307837845,0.118888941400788,-0.0825115600681924,-0.0103464046179555,-0.0279002846143277,-0.0799817597192831,0.149681807530357,0.15344125773779,-0.0118925069424205,-0.1063917715652,0.221078158722739,0.118556857563213,0.423549073711517,-0.146259291345282,0.134414787891898,0.345339789734355,0.543331057029036,-0.169529070141238,0.192565721514204,-0.183476251584781,0.498389694015382,0.399013852617035,0.282522882975992,0.196429680383507,-0.563239022558071,-0.260666534687737,0.13402788653607,0.0918417791392151,0.0768207944164226,0.389182995972434,0.325578330359833,0.0236488864928801,0.160266059689527,0.320243601901425,0.267583543455945,0.0708769959860834,-0.0617415776652613,0.00207546991446178,-0.0063562855792886,-0.0941024665505407,-0.022776740540482,0.14404756459132,0.0942137496717515,0.0215851191404359,0.355810992351211,0.248700130692428,-0.177598087876908,0.743588903370471,0.198314322503994,0.0947657781976998,0.379275169492787,-0.327732280815067,-0.187335289445922,0.493962215038777,-0.0967035003806724,0.259069443032696,-0.459476244008073,-0.33869155803037,0.0943222442859372,0.218291460745521,0.537476975253918,0.63878691726418,-0.00411545196279871,-0.162317053935936,0.288093402536263,0.1734565649795,-0.00988923057049125,-0.432824181698971,-0.12520350804272,0.312781064015614,-0.0801755796398595,-0.0757241777726972,0.14681548206661,0.0989666338383823,NA,0.665577215655294,0.159178715096468,0.626420453366656,0.521470168225831,0.514880884982589,0.328437821524723,0.648428665406522,0.2211034736903,-0.286662165061502,-0.116717798240362,0.725279269547062,0.504299018466655,0.377851887048682,0.298698183847456,0.550820565489011,0.349276654620429,-0.110144286728205,-0.309987993671676,0.334924336151644,0.472887625366259,0.119514286996833,0.289366932775415,0.53414282639047,0.663063370882646,0.243396096947014,0.759181511517943,0.594452535937811,0.316550974565895,-0.33555667703575,-0.215361678799679,-0.352394637099039,-0.395224249694644,0.465675184528923,0.243869835507441,0.257877213161578,0.311647765831113,0.382757716479312,0.162581525213743,-0.218007350015591,0.510640910478855,0.0192490346162983,0.384748646945988,0.467787816071347,0.370195060077726,0.153085095388361,-0.588339023413503,-0.140684377480955,0.310931177997263,0.362540620173727,-0.143168063576057,-0.198306028050344,-0.296032549840421,-0.336648984442992,0.270921431727302,0.0401015887606123,0.257889483440834,-0.293408624996941,-0.193227268970532,-0.166895135617993,-0.271943538772773,0.416742798541632,0.371254293915735,-0.0611696963771704,0.0476801519864521,0.440947643092223,0.426083370071227,-0.160866816457959,0.199001581340865,-0.0886354221957851,-0.176462128297559,-0.0884458545762106,-0.212486849564983,-0.165130947640826,0.525972626180134,0.228696505315515,-0.0533076195392441,0.023798532585161,0.399114121125462,0.443315752835443,0.435549017195344,-0.0880517297404563,-0.0735810114024663,-0.377239471790745,0.193885809414406,-0.120234163470143,-0.292161215536198,-0.16276649838283,-0.0022520610477296,-0.0510097304699297,-0.119266610308512,-0.0234649383781377,0.136067366074221,-0.23980144663697,-0.287075886175313,-0.151919426704671,0.136170563382215,-0.0914468494565353,0.0686041525158947,-0.166458379242658,0.201073252251105,0.299706006268153,0.0132048385941704,0.311546451118653,0.0119018434886647,0.274388109082741,-0.166114341668338,0.00669297009065297,0.304693756124273,0.241610646061188,0.0224395409556513,-0.0578229387532265,0.288432876168988,0.0102521381089446,-0.145417280355937,-0.24247705946905,-0.15721082808405,0.348672059563897,0.278030851675768,0.00906360578757182,0.179413813796845,0.0266650754514235,-0.00530411266083822,-0.211130359544813,0.104085261095168,-0.151211437532095,0.0857713822293676,0.238322239244757,-0.267019418740503,-0.193496980865984,-0.0963340511036876,-0.109549467654002,0.091489488726809,0.107087160690557,-0.0173016305136508,0.156429842104666,-0.108643065880747,-0.401394408845199,-0.533818267967948,0.232089283048765,0.477436147343769,-0.0496054806519311,-0.0449789858554102,-0.122068102020655,-0.201172195119208,0.0727623148016986,-0.243205721512256,-0.180711726880458,-0.330696646922413,-0.298657330211456,-0.219678443224832,-0.199545369090778,0.174886162263799,0.0733856723266762,-0.0585360122609793,0.0871040100256116,-0.270437479095097,-0.350622719030124,-0.208592388931452,-0.0344232314274324,0.0812809331765639,-0.0547413904465056,0.0480591086718879,-0.343734698610784,-0.282969895009843,0.157619209564785,0.309297026313545,0.122574180322948,0.184693791966202,-0.260821712085372,-0.0797260870179214,0.360553713211192,0.170354184259284,-0.0409542733578236,0.0186267800125219,-0.358370503990609,0.0732433416335676,-0.314452811177633,-0.316314911879956,0.183872014993227,0.180364172350981,0.215441820126604,0.31959505941475,-0.360058609146701,0.0649369067465588
0.288206045568735,0.484339593420109,0.22753822840852,0.356686696049244,-0.0324369927370963,0.154341507914068,-0.267832222045917,0.216288038029132,0.24297798178952,0.324242607724883,-0.0226825094966535,-0.164180597165608,0.471788977851805,0.484081863898205,-0.0469791444138572,0.403813988119391,0.0317252592603784,0.0382821514016181,-0.22475160031408,0.290690119539759,0.0181085940733275,0.186817353639057,0.371254289764595,0.180854928455997,0.309554117839394,0.0627437410496471,0.0341516089476651,-0.12291410955082,-0.0857364506235256,0.121317255826676,0.507659610158619,0.515288734645044,1.00645075974157,0.142708364174238,1.00194415517915,0.888895868805612,0.355895230203856,0.517392414050404,0.401861399954103,-0.0269365231381307,0.0215456099297932,-0.307640899205105,0.0949544619040638,0.531210045270804,0.450752789058558,0.252724845461836,0.471355298727545,-0.244098294688648,-0.0140689544445134,0.181196867669414,-0.0176756564116049,0.0272620368360583,0.185818572296762,0.309727888163428,-0.0252362455904216,-0.0333875678125856,0.231415625378217,0.244335938845928,0.250498180936301,0.0184241418868805,0.217200200642749,0.0769235010869641,-0.225560993729822,0.021593913252105,0.268714584608719,0.0466891009506622,0.158642633561149,0.0182783579271255,0.269306803653928,0.2535906785273,0.142228601242225,-0.15067239896322,-0.0747714070040631,0.0802685346255352,0.430653291649379,-0.288952250184016,0.318576414318129,0.193722962530912,0.0271376387872812,0.111669350256125,-0.0967880168077868,-0.418184231568124,-0.251413622870699,-0.448657179895387,0.116841782092809,0.306223153582471,-0.0117839802584373,0.107553598239004,-0.0432267252372043,0.390388655103731,-0.196252734451614,-0.164402148191277,-0.0760847589125055,0.123173702332744,0.251163987020061,0.137980239011543,-0.191743140403105,-0.382140688341244,0.23011833925496,-0.0529470022730881,-0.105051724430609,0.218526541805262,-0.0709533505507605,0.0319169135390886,-0.169776455804653,-0.120880949179269,0.422354851829745,0.471412535090597,0.241476617287221,-0.102902330290421,0.0848996682331098,0.204049208775361,0.150959742726229,0.351679109512445,0.0776750495450496,0.183479771438684,0.229155094461072,0.0247485977595923,0.259282052585018,0.115952939716161,0.0147998780637379,0.125646151721513,0.187958738848308,0.202222564043126,0.253979467376811,0.173896572862588,0.205382095332862,0.365354975431502,-0.039915738541705,-0.0535948069451515,0.0564865076484074,0.061857886815229,-0.10972801718569,-0.0642036827849064,-0.217662767011683,0.164300485157428,0.23640083016251,0.0381916422216628,-0.202658454495052,-0.260849840554744,-0.274216167459851,0.0486179685968365,0.0520876008774104,0.108577608252347,0.592967641527002,0.631755644756728,0.230815114451569,0.252535026250514,0.545391928274713,0.420314564341904,0.361351148792352,-0.0477988065864519,-0.21916508364928,0.140782178136439,-0.21118155840921,0.262520192026401,0.292841950216121,0.0340887357965261,-0.133495523364892,0.167560893242167,0.1103157018536,-0.036088277262145,0.356066263294976,0.066025834677547,0.273230773552417,0.0793183734894407,-0.612274950837739,-0.207047614764061,0.36537861522952,0.136045948033353,0.272031483464051,-0.267762653617538,-0.354660424489018,0.131829200396692,0.14124487069015,0.397078801327708,0.517026673578767,-0.112564662668013,-0.182675821017777,0.00472729034258501,0.061782085790399,-0.0795988732300067,-0.473027228766798,-0.0744931499011815,0.276166986078975,-0.0670512830608936,-0.119204212229724,-0.0338482579108384,-0.0622699205601606,0.665577215655294,NA,0.3584632416664,1.08888423936643,0.47869811374829,0.569798885136169,0.0460611408461418,0.30218549186856,-0.00349531207504793,-0.219843183046514,-0.0592317652309005,0.552984023676016,0.333982517950055,0.0819729639025031,0.0506591116732516,0.499914965791986,0.273608709920008,-0.201793361583537,-0.25570115238798,0.225584655761954,0.197047295053053,-0.0399709892611057,0.212453305932994,0.41114875068677,0.526277520055304,0.375804794052616,0.644336409386914,0.36732759209089,0.258831725156286,-0.417693029543391,-0.0838323379995674,-0.229501176363992,-0.13718047286825,0.179265963428438,0.298246236774234,0.223725579256423,0.186832548210345,0.26709452559361,0.0688584485009087,-0.0568374561012854,0.379493318962814,-0.0167562941286398,0.352955294096922,0.361542403895325,0.271078771833051,0.0939058664223571,-0.341010452705298,0.144458475362938,0.253679745633303,0.317131974066816,-0.0942426422686778,0.116872107204539,-0.142752303523434,-0.216048410699151,0.155384033980481,-0.106625560702023,-0.00664486458163051,-0.376227405633893,-0.217570099865889,-0.112942080419597,-0.247692965040643,0.0235386119893136,-0.0551174792931036,-0.342895021409677,-0.235923564537601,0.45554892510783,0.182280462046225,-0.348147274138541,-0.219428350076283,-0.0589622278696061,-0.225728543493937,-0.0969409598433143,-0.433828451942689,-0.317109986094197,0.0898710693196816,0.0913179558009807,-0.0143547421660909,-0.0753656236998604,0.275314468386948,0.28960455082525,0.695876717767701,-0.14278893103278,-0.156749976730504,-0.428053173017594,0.110383230688335,-0.169978104282941,0.0386607692579752,-0.18713108448174,0.123377936512808,0.0760781091532256,-0.149280751773605,0.239354245716971,-0.119316581507077,-0.217098334600208,-0.0897694293616969,-0.444323020540041,0.163142500148373,0.00824795414488834,0.125386932810831,0.00758280469036606,0.376818367555445,0.257564235233607,0.0392507397317687,0.122100373743974,-0.0536034721263135,0.131417839371351,-0.289700196010047,-0.090881040020185,-0.000990738255630939,0.0486208981804351,0.00233554884510444,-0.110924182871565,0.32027723018038,-0.172232121974608,0.00440420352743541,-0.200132733590124,-0.251659486224544,0.0241253910734132,0.116784473886242,-0.342434412241873,-0.0145372271098825,0.127399093288064,0.161434593990244,-0.0451421593301217,-0.117012364392002,0.063349082428531,0.158233900678219,0.26734135083853,-0.396289782248931,0.00980898540383527,-0.0386250640335633,0.0724616653263872,0.362263604267108,0.158056130853741,0.157352467352027,0.250215967379298,-0.0849964925356292,-0.366493957230846,-0.30256435551486,0.128061467911591,0.351711039140442,0.205226277322184,0.0436206160400396,0.125899435128331,-0.388204250667873,-0.0541866708358337,-0.302010000560345,-0.330540943771255,-0.293519075792955,-0.32050397159889,-0.111151691232007,-0.371068424525507,0.0506123790583086,0.152571832255236,0.0675881032672037,0.0205416728489749,-0.204050792598407,-0.349139895642674,-0.131951656681088,0.212633294877683,0.402882322423312,0.183183768222791,0.449987218034201,-0.474280106628513,-0.303497663013164,0.0067015249612328,0.139660503200417,-0.0334055455064593,0.0298460072299381,-0.0289939357320146,0.228092261492807,0.199718397107131,0.343143959125523,0.00684519460446474,0.0409656412118468,-0.330447482108878,0.160617349559275,-0.33594346177137,-0.389278257193048,0.136386152521208,0.227376862172923,0.0854458195889887,0.306592330618256,-0.239355581029499,-0.260926119743516
0.0661780579087184,-0.0929543346588197,-0.105541741162899,0.375624059145504,-0.0372213103455606,0.244238782629882,0.161556349779018,0.0617624441941133,0.0821077130429173,0.113466923883112,-0.0524079342860174,-0.0873434177500242,0.185959552015148,0.252996818665951,0.0254233744670246,0.0923024092583808,0.0268142129174011,0.0061142367920409,0.112807377032451,0.00771679947300181,-0.0567846028710373,0.109542453114435,0.510177221779679,0.33072109371893,0.285584836270993,0.13570533703257,0.25817641028993,0.186506894678714,0.266964954835188,0.121271060030357,0.039765283548294,0.147476830472549,0.252890663798547,0.0236631775797003,0.250180038056341,0.0477353695296057,0.135572333404747,-0.0141106628610019,0.0686440616693073,0.12362984544525,0.00927716603045294,0.0800149357920694,0.408183195617741,0.225165849213225,0.0749491618952493,0.256345795752839,0.153645978369423,-0.0207498244580395,-0.0040420936322708,-0.0803014429631115,0.196541128042824,0.252116804244908,-0.167982936755602,-0.312305267528959,-0.262255499136657,-0.206439858583444,-0.0300664124986571,-0.0739386005410591,0.0285589691790844,-0.0923597579680848,0.215331534909893,0.214590556993289,0.155012675939253,0.232484498534487,-0.0129642908728496,-0.304715846208095,0.0270446053654433,-0.277791412932718,-0.0548014637621532,-0.0410872926544654,0.113792188643284,-0.0836565186666334,-0.286877447488429,0.222511212406686,0.54637610316999,-0.0429947310201752,-0.0285061657074682,0.353809891525512,0.3144001194344,0.227406031120293,-0.0961341494172807,0.0664721828020853,0.076127338538967,0.0167424544906869,0.37362160023454,0.453206279741292,-0.185779084390541,0.100066305595206,0.00128119329365237,0.0192086976780182,-0.0469795287037447,-0.0698474277870417,-0.0939991065918996,0.0943244751891944,0.243394616453698,0.105674722586641,-0.172009892357736,-0.0757976900994771,-0.177733574469441,-0.00804249866661106,-0.20214002043624,-0.0293213544755708,-0.0254489027976338,-0.0886230397677679,-0.21623722845269,0.12859662593472,0.509638289454806,0.437919210427406,0.386090192920843,-0.0597692504033212,0.17600106712102,0.345139767879144,0.241722550770362,-0.057228922353779,-0.0600464353771299,0.150338845340766,0.155943268750715,0.0911345878095025,0.3836032482472,0.123549822497531,0.103688205927585,0.130658902425714,0.139845107366066,0.00103303774037037,0.0697498848310629,0.252358543750087,0.195587091702709,-0.0668379708642644,-0.0980752547929445,-0.0100588265341855,-0.0519775949064838,-0.127424312629888,-0.045776928334795,-0.135111642450824,-0.17092137030074,-0.0013389182003104,0.0677653035178625,0.0133575327857886,-0.262776396000986,0.060245252823431,-0.0663045899842857,0.140381321185393,0.173510304659735,-0.0570900601458566,0.18227451860055,0.270850260950261,0.408584999963368,0.0495038404020026,0.245247043607119,0.198543418831958,0.0832587670850012,0.126353321918825,0.151776381266354,0.0732290911539274,0.106639894215477,0.172002471183248,0.324956809215568,0.474410623363484,0.00653467204261616,0.114797280226277,-0.196056046703472,-0.301243834988469,-0.0673982353817174,-0.0283797104220423,0.218760789572389,-0.15046701520095,-0.252830104168331,-0.178712927623034,0.0906689690198684,-0.0310212008481589,0.0445769460870979,-0.136989676436065,-0.188166461101798,-0.0780725637178361,0.0070062996087127,0.0210245495100341,0.182094974367404,-0.250462112894122,0.0743896305687013,-0.0217953102686154,0.273435093411572,0.0345989704709839,-0.102375758642986,-0.0910559179703392,0.064950917807186,-0.0553349641462424,0.149789479017676,-0.0744918217279889,-0.209004459237293,0.159178715096468,0.3584632416664,NA,0.110457692364447,0.0323684129378781,-0.144342441936789,0.0649250064138772,-0.10946167078851,-0.207445657333068,-0.0412110571954686,-0.0274424605661628,-0.00250530132481396,0.20469316782768,-0.0886043086735897,0.147111035953986,0.238928613224093,0.167364275621189,-0.104094135014304,0.0156763074877591,-0.114692060025337,0.0742266892568429,-0.253648164467087,-0.177093236861736,-0.0868542753469453,0.0349250120853783,0.130783062510331,-0.0315462077005556,-0.232688514817184,-0.297540904449819,-0.0709908965275198,-0.0402834279209774,0.118993619949426,0.196330472975842,-0.179149412450271,0.0706695784696195,0.046165877778951,-0.125906440416165,-0.0774727015909769,-0.0842257722785178,0.102394617500985,0.118424229781996,0.00445132268900412,0.064367250650101,0.012437834262286,-0.0306708306108733,-0.0310144963721333,-0.183982449543723,0.115158956128381,-0.0690327885417743,-0.140051778659834,-0.0904995824523625,0.285235506491092,0.0270444905264693,-0.0791513010661644,-0.0936097411489238,-0.0295697863160895,-0.105123638328047,0.052242430594695,0.0808969739764051,0.0225276131618238,0.262588752134054,-0.159372426843021,-0.30380680985498,-0.195518431174522,-0.199315686967558,0.00519805451664673,-0.104323097063741,-0.193253581349182,-0.261158684472208,-0.109601458371669,0.0536935369534474,0.179948149761878,-0.144082448858616,-0.122258285276541,-0.262840439972419,-0.207517076245088,-0.202783351724447,-0.114363244271078,0.12814833549891,0.171714621787416,-0.0896275303510497,0.261830936879335,-0.192040135111016,-0.213409677047254,0.224109491644283,0.142635212578449,0.0962869411599331,-0.179714562096332,-0.257589214324654,-0.107571292654786,0.010349103848596,0.141978424510044,-0.0557995611515522,-0.0453256502486806,0.0812506692069006,-0.32709847982502,0.0922869063151666,-0.0861796823350709,-0.225320985252035,-0.160728809450032,0.24251601761969,0.229016834397431,-0.048902157372862,0.207225249735923,-0.106246871849203,-0.112375645663522,-0.000937067457136933,-0.170306089020991,-0.177587172753678,-0.0617202338294361,-0.137482213894105,0.126250314526892,-0.0505198114852858,-0.147869526551535,0.0227630333854409,0.0577552376437205,-0.118829199594426,-0.0991267435199518,-0.12747066712433,-0.193586203744293,-0.229396008914733,-0.163808901483041,0.100846010241527,-0.173965766781061,-0.0863015736032948,-0.158005427777072,-0.0899636879189952,0.282079109392897,-0.140078987014228,-0.209497013211555,-0.0558352357168433,0.0422945940433283,0.0303652772453454,-0.0990763236890887,0.320158839699546,-0.03065768074097,0.0456909945563714,-0.117494106403475,0.0804981504419514,0.0902767908000129,0.240899164465398,0.101505414991187,-0.159885738593654,0.23103947269437,0.123137208378681,0.328440933271869,0.257602958472046,0.280680450085224,0.0517289046480989,0.0929786773454418,0.0432734094996897,-0.0851309433294581,-0.0913999129710076,0.0470765481571925,0.140172935363005,0.0922874384062751,0.343725122630166,0.0884713699819338,-0.0844275907304892,0.120049854413224,0.258716714594755,0.0530785497732663,0.289262795659996,-0.169812268538421,-0.270057404998219,-0.194791965779531,-0.170753102329145,-0.136838549026135,-0.0311448040969878,-0.159566407705713,0.199848559599532,-0.238202091628058,0.260919665171397,-0.175101959953489,-0.0855259579566041,-0.109438838233301,0.205773731113228,-0.0209719838516076,-0.190149631214109,-0.159502165855396,-0.117650552379066,-0.0110249628091793,-0.0611398471301092,-0.108540154545264,0.0927195357844939
0.321608088126068,0.626821768675751,0.357074475860154,0.236176327429936,-0.0804861678624899,0.16505783800817,-0.45041718303712,0.339074602967371,0.275619390370163,0.417962202973581,-0.130497454229911,-0.124163096520858,0.427781877770487,0.349171207507105,-0.217628119614265,0.358944900395898,0.0840605862987373,0.0432609132471831,-0.214813577098301,0.360036367335537,0.194949988669813,0.241545346566711,0.261693876128369,-0.0824722833766294,0.273114859510796,0.0337310100309814,0.0672187256909689,-0.0975061344305543,-0.184287383309654,0.141369772364639,0.593983716204965,0.583141193695505,0.879010295179141,0.103050061296722,1.34996940218028,0.945313433045617,0.407219488448831,0.721485065986043,0.299752404130597,-0.268425921413398,0.0320407045472313,-0.23336054634793,-0.0817250679013059,0.475746206762616,0.559732913114703,0.212996943417912,0.394821206883355,-0.2179088780336,0.137449332128944,0.3133109991693,-0.20477127229028,-0.209572258686243,0.471634089311607,0.251224750039001,0.109877816618475,0.08874478587632,0.499897325216697,0.343612305967949,0.363427886189726,0.048366012102482,0.23678072566408,0.250483452061219,-0.280389037707666,0.0263310446991063,0.296210020506777,0.159389187868025,0.334586377988334,0.313210280866657,0.474988806742258,0.471173613059334,0.0464666614610868,-0.152494974827679,0.0143218786862978,-0.103315747627473,0.238284983117302,-0.263050504599838,0.435254069370016,-0.0184968125303517,-0.0549603635920748,0.0812909776141913,0.0385643242364282,-0.345499132357553,-0.246173174143331,-0.371291566893449,-0.0980693937637101,0.12095619281256,0.156918693951679,0.0665821584532549,0.0589576104183766,0.524659834898351,-0.211897193616734,-0.128906211170226,0.0686367358037326,0.125603302368116,0.228794507633117,-0.0461254353457868,-0.193281113898446,-0.382915578672019,0.408750245418912,-0.0447127021768792,0.114292634509815,0.16752261173364,0.145671805540111,0.0464968050019114,-0.0129091837602516,-0.298268179480852,0.228742168964791,0.311505647774864,0.0197603928403699,-0.352603958355015,0.104396220876045,0.113902592975805,0.207575060449423,0.360522834689349,0.0219988904795046,0.0814040892161999,0.118092790087484,-0.0856013061588304,0.0132510075406638,-0.13662066926097,-0.113323364348879,-0.131319770573093,0.204928236431055,0.223225866227492,0.0987072680501372,0.248364791758919,0.385047345266568,0.437649661035073,0.111764014575654,0.0503330791760744,0.219051836313351,0.116817050230341,-0.182049317961751,0.194992024812078,-0.232347571958368,0.264488595051839,0.206658503720482,0.0134323687886698,-0.0879515394936696,-0.434600065618814,-0.341848974643443,-0.00604626717026869,0.0811839098299621,0.11743997805545,0.627146178331571,0.655898680279749,0.0755973371059229,0.398958109967092,0.469360588211771,0.420928942492466,0.356381906516852,-0.126676806375622,-0.207232609739485,0.135663439633494,-0.245749166154559,0.0656340060217272,0.0760309044407328,-0.190251311105346,0.00079910132850967,0.226725515524173,0.14966032838418,0.093578505106363,0.585276893860928,0.226503115691075,0.197774840209525,0.180517842183776,-0.550329896308051,-0.28864207369111,0.473614988524895,0.145728271677292,0.456772601684707,-0.146257917832168,-0.280195484944429,0.179577689469251,0.0900906464358153,0.400725835186672,0.717431601338395,0.029383891001656,-0.198914080113197,0.207350223125856,-0.028332613303251,-0.229242507157271,-0.642382722705695,-0.143880018819527,0.283788717461253,-0.0373694244264548,-0.114891898972226,0.117015978194071,0.264214385468519,0.626420453366656,1.08888423936643,0.110457692364447,NA,0.416609159923895,0.639894514483633,0.168518469659287,0.425062321919134,0.0789478531870599,-0.347876773191718,-0.22508275539036,0.622073175814282,0.35388914216945,0.0959861491588212,-0.0469649999886791,0.420559619319171,0.160859223017951,-0.180294121616691,-0.317639893964837,0.513142147907741,0.35804244502663,0.0889658607455134,0.449351292353318,0.523614393335989,0.711984905193519,0.314653180846199,0.763813977770381,0.556379955562741,0.21735432325377,-0.316530283069598,-0.0419853080642483,0.000529889719417332,-0.10259498905901,0.456875620380927,0.166521221421097,0.288275692044247,0.0864331300538659,0.34608609553407,0.210916307667683,0.240659257173499,0.539502655379899,0.132759313895146,0.393900600943597,0.443942024744524,0.20602948390394,0.031034232677989,-0.427351766642474,0.0416032533092186,0.30839576614941,0.517304760129552,-0.185782476509532,0.0614044850106967,-0.316352472559688,-0.189678398903593,0.445868669153507,-0.0280773810478303,0.122538047658036,-0.429032904030264,-0.118814665284982,0.000524909779266384,-0.283942929717534,0.201064917992545,0.195656768442486,-0.0752289187633878,0.0505207120203279,0.543544783609102,0.208615872757191,-0.0615592019081893,0.0336910645390255,-0.06440217709332,-0.417804325434595,-0.245219057553756,-0.295421663422814,-0.358214162764381,0.350810569891536,0.229436422250854,0.165827588532758,0.212176281880059,0.430107232662946,0.344784013857732,0.736154504196401,-0.178596511169474,-0.171106042300657,-0.439245579971784,0.0786854605168865,-0.0428169556895489,0.171777636138811,-0.322172706915006,0.167190219230898,-0.0547724204471546,-0.355034707275725,0.12354405838015,-0.0385816751721924,-0.294978750534218,-0.179176002297429,-0.3343927566215,0.193166456443676,-0.163091729086029,-0.0315600491164319,-0.02853206248193,0.458425180146761,0.377623261100281,0.310926991662473,0.0941212988433563,0.0234169835770049,0.307864496647289,-0.284125613352033,0.0275155774050233,0.104978460659657,0.171049510919492,0.214569690821249,-0.105564566878504,0.465567698690137,0.00658880463022463,0.0783287668014927,-0.20137592141252,-0.226809855334542,0.066659888328526,0.185596106346556,-0.231831671110242,0.0618736694270821,0.246376215266701,0.312288097360601,-0.21373063821588,0.0164317481736976,0.0720871973488949,0.195285197303474,0.229326370782792,-0.457778580790361,-0.0717754694087117,-0.243143321557003,0.105555091899743,0.344582830284468,0.124023632464358,0.226371952618083,0.192822001350679,-0.197275640469217,-0.412507157948825,-0.414830163174697,0.174465489059222,0.291679320493708,0.313631690952513,-0.0381979731077606,0.145533577219595,-0.379494176860001,-0.184328469736338,-0.361350707586757,-0.291788571206384,-0.560418583452461,-0.518898500908316,-0.200458153031618,-0.327701482702678,0.224146548899585,0.236871569607958,0.0525862596532698,-0.0462462658614376,-0.364241224832067,-0.43223243747442,-0.218038033626146,0.147723577707099,0.329587993994393,0.148961923229773,0.356258301197769,-0.527247819067588,-0.395016040585873,-0.0386522837509756,0.121536859815968,-0.0611206406500928,0.00770033156893938,-0.106860281232998,0.0647917880339372,0.241248808131355,0.201898576524259,-0.0491625094345494,-0.153174563190826,-0.429108752849131,-0.163155164939246,-0.493987228921318,-0.505516249488892,0.106509477168291,0.238244035648286,0.163556360954214,0.178448801856973,-0.371793634401949,-0.084654848672205
0.320082754979651,0.268025733445629,-0.0101133020527513,0.519443576486125,0.181369100191164,0.288909277916702,-0.0434547021699683,0.180379207196577,0.293728359221436,0.289730499960663,0.23527625368993,0.165419763540276,0.288133455042372,0.186924293779951,-0.0390074706353481,0.198288346157717,0.0665758974581755,-0.0692993706971469,0.0658628795144915,0.147153333718987,0.181173963408247,0.0492122466808321,0.315054503723709,0.298142654704657,0.483428237292797,0.414050407974648,0.248237517323276,0.0925387059273761,0.204643934471866,0.0835380459650585,0.657668669485572,0.349928669922569,0.353747095217197,0.25836648006051,0.409945470157813,0.603075612289503,0.518102158850228,0.39326238972285,0.361432322527866,0.157313824877983,0.0740628373781509,-0.346505449590725,-0.0748369891643646,0.562411846186975,0.482146055892685,0.219266621888809,0.832710176058018,0.238703717634975,-0.0406133380154774,0.0406459565983111,-0.0610576908001641,0.0177722569647394,0.0160431491221681,0.210689251792495,0.0306748793943027,0.0568072454451704,0.338458685243184,0.0748459630827265,0.386613129859613,0.00507651251411067,0.214594068368087,0.196698347694298,-0.0745136131573608,0.1813661500557,0.14951906286246,0.0870756428948355,0.0427411043750009,-0.0136145544604769,0.197739616314858,0.344318149226597,-0.0380429728678147,-0.243797855259552,0.0493148168601869,0.205858121642559,0.370300435867572,-0.127596623162451,0.0958638784555352,0.329309783562869,0.128169253474051,0.407675898472244,0.149705305939017,-0.250644173327967,0.0975755224794669,0.000650982546860215,0.121569590585573,0.207755415982017,0.11748833249488,0.30976298361629,0.0954766005439984,0.172068507283595,-0.33016100917476,-0.140839896800079,0.122482060198629,0.192934308363891,0.195041935887161,0.00609476606968233,0.00985156959358968,0.0179047007699667,0.337483641529772,0.235316329794114,0.031140052883203,-0.154801022399035,0.0451192400510124,-0.137697705815354,-0.0777505921750426,-0.160126262014305,0.32236830393004,0.435303372665127,0.359224339625065,-0.188957807689,0.0527417109083598,0.249377295591692,0.337663307075202,0.292466717685111,0.159532385006504,0.332144619907677,0.294005500727476,0.256538185696004,0.334923606254509,0.365442689721284,0.0890455933111834,0.128737608102089,0.0861105444037797,0.304967835766416,0.221954663472867,0.204494480273946,0.10087149711915,0.386739412942252,-0.0937524409918346,-0.102551157595131,0.16280595816164,0.315243874561872,-0.292283086938486,0.144129295918422,0.00963958558927291,0.49164574083095,0.328042634449381,0.083656032828618,0.124065296461849,-0.134056059902368,0.117308237236657,-0.209091285726981,0.0685302754967613,0.0821653823323969,0.562532466021272,0.524441855225887,0.226798876886486,0.105315704047638,0.378645895790707,0.625776546347942,0.261080386355916,0.443742881366536,-0.0698986361555805,0.156176108344945,-0.242244744645071,0.256300717015748,0.223030949617369,0.0919750997124855,0.176099788546281,0.234352946026508,0.370151236602041,-0.016017266463138,0.218676995105814,-0.157466689013402,0.283841072862071,0.274671769510311,-0.310746337681758,-0.158893268241844,0.468827457217452,0.0108798917216023,0.0788730575124004,-0.378850377699669,0.00675670318342185,0.175269932262898,0.148303001683491,0.285706270244651,0.354907684939159,0.10829006652675,0.123923409567094,0.062439334951106,0.170003685389105,0.27306817735782,-0.0918310979584746,0.256160052544109,0.238947392737532,0.253798446772882,0.0435105471284631,0.122015453608573,-0.0519385494633941,0.521470168225831,0.47869811374829,0.0323684129378781,0.416609159923895,NA,0.913509707948309,0.0368223929548993,0.314046205901468,-0.0488998105563782,-0.272607619930624,-0.0910423110378782,0.593927837064861,0.444492742352005,0.216145946434378,-0.103763941596101,0.702956812902813,0.537819105526639,-0.113191865049597,-0.488517937325776,0.180837929221597,0.239413343572657,0.0448780958802543,0.0416922698558953,0.503606998473343,0.651882768484507,0.161555931200738,0.543711655476193,0.278243887494854,0.176026531574839,-0.211833727133226,-0.0479846565548251,-0.218621200886841,-0.088691889671487,0.13313651486188,0.275652753802389,0.367300615411622,0.391143044309966,0.417722903871683,0.148003536172702,-0.20093047308754,0.304248327561503,0.134237830641409,0.362011571471422,0.334553092891914,0.315357953501114,-0.0146318874071332,-0.377703413023845,0.0908053903085462,0.306708326936434,0.162647205717424,-0.116367475438785,-0.00243338327439866,-0.0517247070755953,-0.319019294242947,0.195245891636006,0.0197605922516334,0.084802479531615,-0.248429369501728,-0.0906525565619716,0.035389518896114,-0.112441418243171,0.085444165647709,0.0549986379929731,-0.0878883234729029,0.0200368146218181,0.163360988438097,0.334238398823409,-0.263712980007845,0.038346220841739,-0.1246207422145,-0.29873227426932,-0.255331819321053,-0.43895840416201,0.0438718014555004,0.272801026672086,0.0974849102277515,-0.0399652932331486,0.00213561290381788,0.125634390054911,0.0766501507962841,0.392314207007685,-0.0898782822460546,-0.17724367195695,-0.22444487694299,0.0783446555866505,-0.196617063596341,0.139959632300111,-0.38474465030847,0.0249711871147912,0.172692203299177,0.0857142969229075,0.176863541622487,0.00992127384096248,-0.122357724832508,0.0877883898943529,-0.302784122333243,0.117300073182759,0.17071084285858,0.312284211684981,-0.0119416671068531,0.285799730596555,0.223989544675724,0.0380827042627507,0.134623998392848,-0.101382086745702,-0.13179993571055,-0.157239742980362,-0.102916331328989,0.219759746361734,0.219594881029628,-0.0689824419532785,0.0935540110862697,0.15317285620238,-0.0291158212147322,0.0375111794170455,-0.262555598160209,-0.257153784752668,0.332815051698869,0.27063613789487,0.0658911449813737,0.131338392197269,0.0154433483020354,-0.382579898871128,-0.0470786445240347,-0.0741259182456825,0.0242358418317239,0.347704521342096,0.405769500901235,-0.358536424625756,-0.183447133975055,-0.303219698526529,0.071021356208197,0.25697496659051,0.259601644448377,0.153717993095584,0.276248099861347,0.101006128477893,-0.291144793398579,-0.365035229157368,0.177917465299339,0.373306687717053,0.248070068249554,0.264813916253418,-0.353566690552668,-6.09957430387181e-05,0.213841576692098,0.0700872467368913,-0.0662698955594644,-0.242111506085856,-0.210017060782791,-0.396812729781636,-0.275133072803611,0.0140204037531866,-0.0479152785827224,-0.116108609789998,0.0496500222224288,-0.0083653493827343,-0.0517118781260842,-0.183127994930422,0.019039163899816,0.19595652089852,-0.0529229463744444,0.2958390170065,-0.41189085228107,-0.15629828042744,0.180969150735116,0.245059586585795,-0.0277346707191686,0.0408452326681912,-0.33186780924542,0.207357308758842,0.0425128513661401,0.120004452150185,-0.0160997466780098,0.141193340569683,-0.458717117070149,-0.0515643776525565,-0.0278027446324201,-0.188109709118044,-0.0131352136600593,0.0785994644827297,0.150085842394521,0.0317122128338818,-0.140904815902924,0.00787151937220088
0.267079609469749,0.437551751071057,0.226380790777515,0.226548300183654,0.0245254611202457,0.115140911173748,-0.207027575184098,0.0880187514137896,0.195487428637897,0.240818781460378,0.0537187703954854,0.0392024370396008,0.178406461008845,0.145401272818259,-0.194715170229102,0.093258998576514,-0.0852772360024519,-0.14889393284263,-0.100997740394783,0.127445865953991,0.19179065631858,0.167888856595692,0.198959206302276,0.029954802799156,0.208325334002658,0.165205398209545,-0.0023575275415282,-0.0156032475873712,0.0497818189355737,0.0897884728938676,0.65951082627854,0.469131667935309,0.516033565287512,0.227127042889073,0.591192084645535,0.718048900419829,0.526984009106662,0.701018581101649,0.402459017369544,-0.0646272170691449,0.219334388298673,-0.385195416633339,-0.196916443645908,0.424552668716918,0.567593389803584,0.110378210665073,0.547085595300367,0.187410778325248,0.0404329780304183,0.304183424315651,-0.218254190559455,-0.132428921589493,0.243355272824156,0.401674322193517,0.179886734882203,0.187620026588009,0.352983924085997,0.387462827277494,0.586661562025579,0.115478424961636,0.133833307928526,0.0900818311638829,-0.241924313170309,-0.000402988262362454,0.184823091550798,0.310419375761545,0.138203369000382,0.162921149281745,0.190291760256451,0.324780102119063,-0.0282297126229205,-0.229561156944917,-0.0877147561832624,-0.0501883466275183,0.116480903188121,-0.231457988264535,0.324041492634343,0.0358924295768577,-0.079816431160306,0.0419837188259449,0.0498009416820775,-0.293045008832708,-0.0853388172711724,-0.309962149040931,-0.114754993742583,0.026682594408938,0.0899058766353931,0.0142594336572971,0.00702362069552936,0.173923068978774,-0.322296078385645,-0.23327750172242,-0.039328596512401,0.139635307485708,0.201640857592968,-0.0186104256221661,-0.00881380927968239,-0.132230328940544,0.346620438800525,0.105927986344964,0.0740393160586088,-0.137135441231897,0.0340168558096757,-0.0395586823334033,0.0572957517304211,-0.22689067743638,0.179861094323544,0.315431174104691,0.0246898525219725,-0.166391820637182,-0.000457220682390685,0.0640317131731724,0.142298011576653,0.354052523036044,0.167433220544289,0.272286085538279,0.298919273598839,0.0579686752845387,0.112368045080191,0.175322800281712,-0.0248186027630883,-0.0221417113091968,-0.0632888905020169,0.365777195185461,0.341394444450098,0.235616459335167,0.241576466894579,0.455247354180389,0.0195018354035294,0.0203236028246374,0.24643487423744,0.182072182869722,-0.198695106164367,0.0345668722850894,0.0658692622593759,0.355990813895963,0.127296927144121,-0.135893671395141,0.178974719170874,-0.214532490336938,-0.0198495833215529,-0.0202999821304567,0.0910442168817193,0.0666456720548981,0.507966489639294,0.470053375619867,0.0658748386134949,0.0934027304203983,0.326253267987877,0.450331016012469,0.239336236212799,0.21190396566935,-0.0490766619868749,0.197153252010769,-0.195048085241111,0.0883329732667415,0.0612827720348803,0.0243470857990137,0.0425118032410824,0.277508995565343,0.357535045423897,0.138180097886426,0.347801775180041,-0.0526766834869693,0.161106824101018,0.163328350661668,-0.340902869660032,-0.0917878976723012,0.326737347502321,0.0684440042675836,0.138718529678817,-0.272556348476246,0.0128081096957517,0.219641773884103,-0.0100510227642134,0.14404368314514,0.316816878836882,-0.0543685632568464,0.0449965015794535,0.141962239302756,-0.0563349049317901,0.0979567630043664,-0.280070128903891,0.14308997541028,0.23257062993095,0.127015765233044,-0.146263638339874,0.120519186367858,0.0977840278724511,0.514880884982589,0.569798885136169,-0.144342441936789,0.639894514483632,0.913509707948309,NA,0.139344825322625,0.46646932173041,0.0820855384957077,-0.300673758216248,-0.0327988061523749,0.74078832626806,0.438895918226127,0.258980433059396,0.0100973532579602,0.758014897510991,0.305922960738471,-0.041431521021497,-0.348249915881036,0.394703430186876,0.258062668558771,0.10221834594797,0.210166013984103,0.546729995155343,0.653784874457148,0.206096886482946,0.784796020004082,0.570225886811733,0.310334109619313,-0.29661641029269,-0.0451506473782947,-0.264343506531262,-0.240713966313516,0.330121250925793,0.169215557759467,0.359329811199265,0.392260445245579,0.398344733004852,0.247704449628137,-0.0949395163130075,0.395235488926188,0.153391848283902,0.500530837136766,0.368377954360986,0.311870584983654,-0.10800206081283,-0.250601341613656,-0.0578065292120926,0.316386414332097,0.243264228846072,-0.143693063779457,-0.179649239029661,-0.231229644445571,-0.27374612910692,0.205628752189019,0.00445652087890173,0.0895075670269201,-0.237769652728092,-0.205467856665553,-0.137963342552462,-0.332340204454699,0.0839770342188325,0.0817250938940516,-0.143178315786031,-0.0487279852553283,0.303656173107422,0.155802298877903,-0.262371802480597,0.0489305595792381,0.0260247412139347,-0.35764986057335,-0.285521984244951,-0.416249061597756,-0.0721575609031464,0.339067339185722,0.272646893546875,0.0410677057163463,-0.0054952228030577,0.139039283744315,0.0818211127180555,0.485207500998802,-0.332010081757372,-0.107822837436359,-0.253885291012628,0.0339055104501152,-0.345216388613675,-0.0446014209647334,-0.268523171434976,0.178359420392525,0.209090082509852,-0.0284403032360031,0.115529347812778,-0.0171256311790048,-0.198721898146324,-0.0225955155840586,-0.241043374360063,0.297201305329979,0.135569037826125,0.364701523947002,0.040503426028255,0.369490437451623,0.241905448060289,0.213961788306041,-0.00316593625340912,-0.113170157206867,0.107418549726847,-0.144209691271121,-0.118156751898079,0.194911460332068,0.263464256032753,0.0210633402957575,-0.0845382657964514,0.311707568000786,-0.103922470798787,-0.0497306705161292,-0.157660442787037,-0.15501819931603,0.17024893568802,0.0573910865918212,-0.0635466356821609,0.104224027141253,0.0792839544583489,-0.0435117107343373,-0.0357316434191701,0.0606134966956573,0.15543499392989,0.362161139688178,0.261494235044795,-0.255772646820885,-0.0256054834035488,-0.244557684317594,0.0963558469373289,0.347202530428628,0.215410707758182,0.124541255629554,0.336571687511841,0.0543918436451415,-0.231486457031173,-0.368952620019206,0.174124728889066,0.270116612329502,0.267351255050342,0.179943455440065,-0.183029988924598,-0.183697496645,0.00543386536011246,-0.179241006726565,-0.172720415005701,-0.21756411937916,-0.186173575418301,-0.25222607139291,-0.151926175393693,0.0868850085650996,0.0404367062841278,-0.0547897209169792,-0.0388453777361353,-0.168991047999624,-0.214027900539782,-0.123562898991091,0.0939410153848427,0.189266020348656,0.068474260731328,0.204023078678931,-0.304849883687355,-0.1135940459826,0.181898398711977,0.267491767637838,-0.0252415156909695,0.00541700438736112,-0.0666752894889909,0.13405049078428,0.330217838210465,0.184369290910284,0.0649734205003892,0.0883996260270318,-0.379163563009646,-0.0214689098601194,-0.161486657886896,-0.124578873636633,0.197127417959758,0.194571173740894,0.144132206207993,0.189163957295763,-0.225391454818025,0.0261341741803333
-0.541684561828087,0.352843707911804,0.340308219686521,0.0735190244891115,-0.0288134487918324,-0.286542713007877,-0.060121261588578,0.311562105691813,-0.0980937758983771,0.185197683684843,0.0988765879431615,-0.141792765466762,0.0799318056764714,-0.00561628861608721,-0.02124242561803,0.0792557549196545,0.323349267740961,-0.330653687781231,-0.0664552425376745,0.124572897504492,0.530727449160948,0.55872824330501,0.375047959663028,-0.219901198941542,-0.09280884054614,-0.273934545865086,0.325739564471075,0.284221080345427,-0.243945873640694,0.359096916535159,0.140296229444798,0.359043748848831,0.0560465543629093,0.525066078205176,0.246999483074209,0.16826827534448,0.463874223599491,0.231312484646082,0.0848183271492497,0.212514679665167,0.772223268540175,0.142864712379544,0.13212597561935,-0.221105931565743,0.0395096541086252,0.248107605474015,0.15017888126413,0.31612620168689,0.647045585936674,0.430667030539881,0.0472479172392421,-0.0768707352255419,0.198465860301167,0.270200184616202,0.270429924982498,0.30770423856673,0.42566464166463,0.479692431414661,0.0399462508124576,0.0556795250951853,-0.216662029913745,-0.196062797912834,0.330018858560466,0.370355082604511,-0.100011300508641,0.293697065413763,0.141625082824914,0.353358709295263,0.195925867884716,-0.0241860033480951,-0.0426617723886764,-0.037954076219328,0.00280224156480944,-0.0397795169221168,-0.103156515843537,0.203300955566214,0.515822760016296,0.0343982647783127,0.175628674241311,-0.0489420787075716,0.234328038665213,0.4234666824434,0.192123932502042,0.0781405806013633,-0.355013879017832,-0.310887025358202,0.200737217544949,-0.0169031550883863,-0.23925101647996,0.190677054244101,0.291805256715487,-0.104786957470988,0.0551530610831218,-0.421523598536556,-0.452674242117733,-0.333347154959522,-0.165862665804824,-0.171021932319756,0.160325370123761,-0.0570666188368661,0.121656356682852,0.0612324949050389,0.558117044565892,0.423684951666301,0.506980770453112,0.355182272787148,-0.134022141885973,0.0656517655623558,-0.0498987736818936,0.069566268694466,0.463868588835041,0.407404075750124,-0.103659040961759,-0.348967655010936,-0.164508976119084,-0.424211877447433,-0.296527855649139,-0.297746992724531,-0.410970547382953,-0.0995716767749681,0.00955329629251164,-0.230775761959425,-0.0657293057648299,-0.343399484164558,-0.208929486655438,0.183035662747168,-0.0499747816725487,-0.0707193900128225,-0.0322405312184458,-0.134253695527212,0.281068047517388,0.158756127706711,0.0105704404528663,0.159549157835611,0.0390275887226321,0.0484663276744185,0.230567958506762,0.161020716399908,0.0360820758679858,-0.20492331241565,-0.303067554676179,-0.162128738487944,-0.0229530405100701,-0.24650268940304,-0.124787425320893,-0.11439185612952,0.0599135997459014,-0.192397693421803,-0.173807946947798,-0.20752260583859,-0.361709429575435,-0.288456748489946,0.253156080898189,-0.208864854654196,0.313120469181631,-0.219267469380642,-0.207775789562027,0.0348823394701417,-0.0062972203674327,0.471150097253542,-0.00771544100735967,-0.604335258033539,0.52256081602962,0.306402836342396,-0.385606636563491,0.167221226665685,-0.11413216753566,0.112685462845939,0.202902187645697,-0.281334579781132,0.270331383627292,-0.0396105707324098,-0.267564602865076,-0.335431233203196,0.179459532984379,0.172042175659824,0.333230853909518,-0.0892465523148328,-0.170997054407775,0.589396887606488,0.230289992087789,-0.207248685629911,-0.150306331563847,-0.458601364699088,0.470739275922442,-0.147917572745856,0.384998070687242,0.749656728108846,0.178834311404823,0.328437821524723,0.0460611408461418,0.0649250064138772,0.168518469659286,0.0368223929548993,0.139344825322625,NA,0.328756593839787,0.343626625513638,-0.290999539467542,-0.500575305987281,0.104685395872469,0.351729975925094,0.415062654740603,0.102272042860067,0.156298992209594,0.208999248982287,0.32243895685558,-0.276683477311771,0.470476724506258,0.439449665013162,0.044314719881233,0.106567120794139,0.056424743996297,0.153226409472945,0.202343841807557,0.158038086331468,0.364196093243713,-0.135710708713103,0.243707009988878,-0.610288985631178,-0.137317165232,-0.499162359507024,0.747939038104188,-0.13635035557399,-0.198572581057784,-0.154621095597512,0.185098774982611,0.214537974774605,-0.00278582939965692,0.442277450581822,-0.122308602351765,-0.235931614354734,0.215160130001198,0.299629888439961,0.22697784016684,-0.0355100396562661,-0.292184436167319,0.367505143453585,0.425471952934389,0.071420783434112,-0.234056533437257,-0.441601809364702,-0.151823045253029,0.138536916215698,0.63716552524662,0.569698103820841,-0.0616883769302664,0.406954742609374,0.0948914067008119,0.225531898037549,0.436868898894078,0.239429640827411,-0.178470793675245,0.117752831056415,0.344557104997998,0.115289769418009,-0.0890708060837062,0.0539504832360913,-0.37187581468345,-0.27303620722717,-0.332037321198385,0.184906885142738,-0.13441828445531,0.289888634463132,0.1472132826743,-0.0149917825684998,0.142781300952597,0.301786828473617,0.322155433589395,0.245836396753504,0.384781314043083,0.307372959093951,-0.173979133234733,0.623737151262757,0.339672498217126,-0.519419683979967,-0.176501028002846,-0.560497325232038,-0.394016365982877,-0.189539183772681,-0.498124126891409,0.448671543583262,-0.214746654158417,0.00357070754728817,0.14530096906024,-0.0811710068409083,-0.431223706973418,-0.402050473433943,-0.342213293639258,-0.134188857840198,-0.00780294973513528,0.0617965862020773,0.16529357512264,-0.23178723258167,0.0354342010092295,-0.165186592114935,0.171466701875237,0.189323283227962,0.227182880470493,0.102231431246594,0.346542556118706,0.0860152854282155,0.21077978472152,-0.0636951943068889,0.163023280823014,0.133096370563945,0.137646514543146,0.185417844635506,0.0951194573616016,0.0927076755736096,-0.322273288182393,0.19398458800301,-0.184988261234444,0.33428579348668,-0.764731064638402,-0.367461361276013,0.181495159934388,0.196786459812568,-0.703824210730876,-0.228321224998541,-0.497638747408374,-0.533316193612698,-0.572220062694361,-0.229763042805353,-0.558666683961615,-0.229823315771392,-0.409207283667069,-0.411660046845848,-0.0854901093238962,0.364498106184485,-0.234867808517904,-0.232913895678527,0.0871190057882666,0.261296914587395,0.312916935162402,0.0731458481420505,0.0768838845894615,-0.0270376369570816,-0.0111643521390214,0.143059602042061,0.110688254513289,0.107969761176228,-0.1727314526097,-0.000490457362187699,0.210353802244583,0.0290143367664446,-0.0785728630165197,-0.0307012878623381,-0.192231154219844,-0.179633758473426,-0.331410360765527,-0.307956254153458,-0.0265584978557,-0.138346206445654,0.00703997263532368,0.0517052093654438,0.154438817519116,0.303541555338923,-0.338175542514653,-0.175051429051741,0.397455304122521,0.275561763849362,-0.173568237833772,-0.271199183952823,-0.0823145290327937,-0.0608935126196746,-0.262528043385292,-0.0584857184821822,0.182426139111065,0.258894997067504,0.48371441166496,0.296129664747428,-0.234678409156466,0.342211020601283
-0.0634311043021065,0.672461897760498,1.03868707059412,-0.183116981244062,0.334797559312981,0.0076440410160315,0.122890503981974,0.677635493845898,0.196396986449675,0.393986447823197,0.182988249845311,-0.0788983097205798,0.387400418216296,0.378029127489851,-0.0965845463510117,0.311240279646983,0.477808503294118,-0.219727188310415,-0.134556546319019,0.518458983331535,0.600315916120074,0.499914794625102,0.180013376708641,-0.050223375155193,0.00151838766148298,-0.263676257699717,0.0732094921208167,-0.0991770859345431,-0.385543340575084,0.559088674124554,0.774818619657101,0.376464808215231,0.326052948479048,0.700214273014616,0.498989592029062,0.731032946551797,0.628130297928556,0.827128564741387,0.454999323694164,0.13456277736111,0.438535356337045,0.269346859704445,0.194794593437902,0.0414685276156913,0.556690542853467,0.42985081045522,0.645176980111804,0.303596809782304,0.729864139473338,0.581655279563016,0.211148503076671,0.104719143383887,0.557269530332272,0.50332562566107,0.563226499051026,0.545496664788409,0.60121323236385,0.687741540518027,0.318666483390063,0.152770663185444,0.142952035927217,-0.0772456910247757,0.107502435468708,0.0467825258309298,0.459070181744555,0.66455686354673,0.240491884573771,0.549989023781735,0.487916788069673,0.392084204222793,0.0328661235532978,-0.206146198297459,0.243549152384636,-0.0994147061136168,-0.106806358799754,0.0719567535853249,0.546939755035742,0.154579090351398,-0.300469972127743,-0.234310658270344,0.327878521366763,0.109244953600008,-0.0525313163285242,-0.162040842464472,-0.324539638341651,-0.134037853745359,0.499394727564198,0.3371396687938,0.077425145522218,0.638634849459717,0.288591385377538,0.234298861726591,0.38736542901153,-0.0702603325073853,0.00569457215572805,0.0738618459440158,-0.0298785804061839,-0.0533190623928621,0.550028117498501,0.0772440272663682,0.558127087291725,0.224161249430166,0.60722095053768,0.503464020663657,0.45623114023101,0.340077976352395,-0.00673667470397184,0.224084729268636,0.169969502453193,0.213441341479378,0.385774611098093,0.186573950564166,0.000181899573088029,0.240087483230345,-0.278723880644798,-0.350746349235846,-0.148195222995195,-0.245224995918084,-0.0090345786881397,0.05354433897656,-0.173492488083367,0.0910409263918435,0.0696635928741731,-0.0518633700435612,-0.0357872571619776,-0.0770433093080809,0.0427919756952164,0.247051262039145,0.015623642193848,0.012454091167228,0.561563109624265,0.556946561329388,-0.0347395559793677,0.215343381591781,-0.00160845387708108,0.356043267714743,0.570029818175496,0.21417372465106,0.345154814907306,-0.573119256691699,0.00159968117957883,-0.0715012696269049,-0.0445883992101525,-0.0231241599340427,0.0745774643951054,0.0130533809296067,-0.060099144586654,0.0257339757221451,0.166127208501675,-0.0614324504574116,-0.0448323679059433,-0.27548369277979,0.281091126273919,-0.0345981928189914,0.367775705657044,-0.117980494445614,0.0345982140278306,-0.189468974874968,-0.025186143549214,0.599467193055119,0.404851929512275,-0.0905044479107121,0.770727943556094,0.612792271982352,-0.367755637561204,0.695382106325756,-0.112926617470282,-0.0025327800351996,0.290360535866192,-0.282420529338148,0.239320514400661,-0.294197211460374,-0.197488595855214,0.156153558467986,0.303466240867712,0.557447912829655,0.689633731445451,-0.0847307472375196,0.00693909303769048,0.503233257131884,-0.0682821766704229,-0.191590496689602,-0.390226400496416,-0.411816704971975,0.261841517759513,-0.209100314299899,0.134528579411092,0.14932771795538,0.36683843490344,0.648428665406522,0.30218549186856,-0.10946167078851,0.425062321919134,0.314046205901468,0.46646932173041,0.328756593839787,NA,0.403218985561249,-0.206370255372132,-0.14001252611685,0.914770604942708,0.524706969519401,0.341353574501998,0.408741767359927,0.453476640091598,0.178225201076526,0.287825945249713,-0.123271441944869,0.547658687083288,0.674096023752818,0.222136642452488,0.381385053140977,0.469433440642966,0.382973057945905,0.333580380751837,0.896760413938118,0.659833410819663,0.33379836806963,-0.0721985271398153,-0.259114152904987,-0.328837466921755,-0.418131951533449,0.769991856627427,0.0723231317542146,0.163842264277687,0.257291144118531,0.542956848724459,0.502017991243478,-0.155466252829995,0.711246936934129,0.137399936363469,0.220311729723027,0.515913587643235,0.330125654872529,0.056947054836606,-0.209116401117328,-0.219638131709864,0.478762983677863,0.51220249302208,-0.0701812268517302,-0.372421891587064,-0.287974249864816,-0.441162881113023,0.383973305369145,0.160756931737626,0.481878823972821,-0.343460603577519,-0.0944151864686132,-0.223155103050504,-0.241681696619643,0.518886445490878,0.545178245995268,0.183703869739766,0.369123027509429,0.716596774345591,0.719775652745769,0.0942827434230549,0.344485683802113,-0.0767174761291533,-0.177531376588109,-0.0314230505598049,0.0154950482163905,-0.14639901461732,0.591217975750717,0.301885037406274,0.0650755515050172,0.153404069349484,0.658775715450496,0.662912499639421,0.544298312272984,0.120778883555356,0.140012604333444,-0.171198718955964,0.301034873142101,-0.0749880673311492,-0.292081749025887,-0.0389260195899315,-0.125394273222654,-0.204271557095664,-0.183063446057683,-0.0899203394597432,0.295385372965512,-0.315376106629717,-0.12606651414223,-0.359466519362732,0.0567043255423115,-0.217858513858016,-0.0266323187092865,-0.196304868206154,-0.0515718853423589,0.0197199424119292,0.0487742522065356,0.28331322476785,0.106061373611236,0.0491145502744311,-0.228477780788356,0.272308149952857,0.536644341270859,0.420436971383664,0.314406207091547,-0.0443416634171686,0.171716350638475,0.363587874366941,0.0681486866584158,-0.0395545940687918,-0.0414271481772165,0.586730328486175,0.403736766891141,0.254302095591026,0.421530098151475,0.144439085304586,0.12494508299624,-0.205005668935219,0.210905398184943,-0.268310416937909,-0.227977659026744,-0.125172578397466,0.104984834362079,-0.176227188439614,0.0156295681625417,-0.276998594106113,-0.158307994778169,-0.0530577702261031,-0.370200904303765,-0.0776608398104185,-0.293206310303752,-0.244184223271172,-0.477664202141026,0.16265381379586,0.375037403246337,-0.107410447164683,-0.0443006988320154,-0.095377445365053,-0.39129689155185,-0.207049338416988,-0.340972462785364,-0.09394710230642,-0.08113913483735,-0.104733138019973,-0.408366976749118,-0.012540549966285,0.13424329634069,0.120474360714612,-0.0320706476944158,0.158659583964882,-0.116996903569285,-0.22975003673784,-0.0268985446882658,-0.0702039626005404,-0.0385943334553662,-0.282279745750164,-0.17043120287127,-0.122146910362722,-0.0936676073186972,0.316330019689314,0.534957048557651,0.43248838977246,0.701389689504779,-0.253286805556929,-0.0544009700899788,0.613147541251565,0.354854288137571,-0.0470552433529128,-0.141643968707284,-0.32605786842063,-0.0580333733566782,-0.199614916311338,-0.163922941192674,0.236354953891074,0.427126207889972,0.383975631878792,0.514892835722873,-0.23597051440981,0.207461454372586
-0.349551552655199,0.427636678997344,0.386152833498716,-0.159807570387174,0.746994032500003,-0.323344583358954,0.0935513833461391,0.452354315109263,-0.206489777762937,-0.0212685449726918,0.197478611333183,-0.162362229566012,0.229785849354739,0.0908340989436845,0.242480401802479,0.0343793458399102,0.460863570699464,0.0866934463696429,-0.254075859479101,0.415678853675434,0.235821527814273,0.342336316685984,0.12562934714001,-0.142014134015924,-0.149188989223684,-0.496232140241762,0.0222641525202154,0.0501280157089834,-0.0501697123703166,0.26077671314553,0.19896030615215,0.200207815087444,0.152120728297982,0.232296753971686,0.12916397363722,0.155841097934719,0.0197157155852114,0.33377942491319,0.0571766256643777,0.325851366255823,0.407512204377153,0.0711470367463269,-0.112324085527127,-0.216349485090391,0.32020226841233,-0.112588119885306,0.0500676826976648,0.182253316450461,0.309759263802616,0.416661969394131,0.0844454729830863,-0.0895983599793268,-0.00645332780181713,0.456699293779835,0.370671547996729,0.756539354559515,0.157002575795674,0.55823449433106,-0.0616876867791867,0.104673328503936,0.0588680935504721,-0.275596181060207,-0.0548577344292174,0.0199873398641348,0.103191094475209,0.20885018927259,-0.150657711370696,0.143156540085934,0.384972259301409,-0.0870331026037911,-0.145597784583544,-0.0436430444067913,0.207733527796737,-0.143272826143524,-0.236231910338052,0.101884597888202,0.076022117005987,-0.0816555573182234,-0.184416102877111,-0.08975585201424,0.258562407424565,0.221461241309678,0.135553652681019,0.0867949472995629,-0.274344382156995,-0.283771971160362,0.709619943170796,0.367556888104389,-0.21887052355499,0.334466957770101,0.102511983989803,-0.100194713701105,0.141055260400746,-0.517132695895682,-0.449468376388303,-0.190411275516373,0.467055683891316,0.417257397700436,0.555234578607798,0.0692039967218767,0.152273403148703,-0.101688387634111,0.258981034313236,0.585953532707548,0.154162986209159,0.448185436070246,-0.189532684001285,-0.199704222659322,-0.0935444692719769,0.195980375583559,0.150450529199128,0.0891745960073364,-0.165967675461193,-0.139048222174325,-0.0461391064335426,-0.429588702465949,-0.34226316156215,-0.115574756381073,-0.223070198532499,-0.102063010324645,-0.0392298087425332,-0.0291708238239813,-0.0357591270562558,-0.381466471505617,-0.0644514099434627,0.0725652726042806,-0.0752321671041083,-0.1722290199428,0.0665845164076553,0.10532950179363,0.458031825802184,0.677504877526942,-0.208561953044936,0.066737213831881,0.0312320278429444,0.235485364572658,0.538130504732216,0.336012913392559,0.653335669192784,-0.0868014664381318,0.225622123845111,-0.0219166788057633,0.112532331521491,-0.0492173676445216,-0.171230313914087,-0.234673555755426,-0.0173230235270441,-0.171966291168629,-0.0864277888133066,-0.239445819201706,-0.313384236546523,-0.169689466795224,0.149292811040014,-0.140869599745321,0.232881922327517,-0.34156873329736,-0.157865471635436,0.010715325862882,0.0623934241520199,0.211928179918517,0.162720834517468,-0.26284585794051,0.540008033884921,0.0404735638444327,-0.293231890547217,0.702712225682688,0.101373265073364,0.219100086047438,0.156195592621449,-0.261855558100476,-0.0493894351784835,-0.089314533326171,-0.184393331826327,-0.0286484645006718,0.328632451134119,0.266023873225565,0.254691347530046,0.0608334272408779,0.022602285364744,0.178202221832721,0.129077827073539,0.0245141380352809,-0.0703275519319625,-0.231127787395423,0.194421090796515,-0.278454408328517,0.108313356829669,0.0698669292636689,0.061714876062725,0.2211034736903,-0.00349531207504793,-0.207445657333068,0.0789478531870599,-0.0488998105563782,0.0820855384957077,0.343626625513638,0.403218985561249,NA,-0.213070964407,-0.0817220618093435,0.212955376989988,-0.155538350953217,0.760464648974948,0.3736262333248,-0.0219894972484344,-0.135121023866987,0.271874148136698,0.0342328696576442,0.516155448374851,0.472332610595785,0.546674629662027,-0.0748911272719962,0.0719593204443747,0.0676868841261308,0.306335500645863,0.307247153960249,0.391840382272823,0.187204019180954,0.0490249838154678,-0.312066843450223,-0.338727620160026,-0.48724983468348,0.328451236903966,-0.140108905088314,-0.152526845629658,0.0430914607492637,0.096285464988025,0.333602207804219,-0.0948262134817103,0.223400704636632,-0.395247358978903,-0.0392873663381851,-0.0439928896880406,0.0686902063904394,0.185137662108916,0.15126701873956,0.0197753443338344,0.156604934860093,0.27236565227595,0.0768389472608642,-0.198564404780803,-0.138621009211291,-0.0075352018490669,-0.213140098954435,0.282877819540819,0.486970646742106,0.0704829494860794,0.119474569982502,0.0689170951761522,-0.0232310413350894,0.849872157355522,0.688222712458519,0.239182592573266,0.295813076644978,0.356747539510299,0.5610949028403,-0.0237807037916607,0.450475132599064,-0.158100986854689,-0.157004819587414,-0.139272153312441,0.262578869526741,0.314536005615851,0.599483381951616,0.830661469628566,-0.17248133960167,0.118366959413136,0.0486058409414549,0.148197750265032,0.246041053740422,0.24151103332816,0.18822929304656,0.234233929787937,0.119114441195469,0.274501213410492,-0.391668642161546,0.120993507327726,-0.190099788566909,-0.14781443246265,-0.0465141566924681,-0.158345404432847,0.306272272949526,-0.0790685116041445,0.0777732938929141,-0.127546373970051,-0.0673385254852645,-0.089798260509474,-0.0596077039068062,-0.232267492963512,-0.16830223245105,-0.238872585325537,-0.0668569767259905,0.25786741848742,0.205130901636255,0.0310022937174153,0.150445411346784,0.10315508457179,0.688985945891506,0.457420552944698,-0.0269738013957872,-0.0459599498599675,0.00175325208713519,0.0988464999226746,0.147562061812998,-0.158181383872842,0.187564632768846,0.532530652187025,0.323651719473912,0.342578468482783,0.214786031973964,-0.122204818948727,0.149566596524738,0.211839884783051,0.427048019607044,-0.293847337685902,-0.260808778056516,-0.164956093580668,0.381981963094349,-0.0809142692011025,-0.0335501581969649,-0.345149439204126,-0.249009104746435,-0.125488630774343,-0.35357976617741,-0.200068352801325,-0.180515767003207,-0.0323470723684913,-0.114998719080598,0.0566728148923828,0.204829041949624,-0.211881396445586,0.178130862860971,-0.0173504724249239,-0.0834595536324328,-0.208103151179369,-0.0238668058943422,-0.0237603778795788,0.184924631301251,0.154791028426909,0.136916628030778,-0.0531288185114995,0.261947553719975,0.0730647021098581,-0.119829922540645,0.0504423527270684,0.213789734511144,-0.115493090727442,-0.0102526912846729,-0.0327900479661356,-0.233601316470048,-0.226921294135938,-0.436665320698767,0.126405956743323,0.00421184101103807,0.393768137484088,0.347444020645127,0.552452327897457,0.416474609292041,-0.10921563517897,-0.350137699556995,0.344840274824806,-0.0443936575488088,0.0545639038791667,-0.0717204184019247,0.0306896353018843,0.0302047998162899,0.0103430726796157,0.241077714978054,0.308839327995879,0.204846355283616,0.438091772199636,0.461102733148698,-0.0320495114806841,0.0659567819437609
0.0444932027578496,-0.200322398710065,-0.229970848503301,-0.140660599561189,-0.0505532488424185,0.0177924670427804,-0.00226973000498046,-0.283759522826518,-0.0337403070002513,-0.277380208324375,0.140632743354652,-0.133692602915395,-0.179894855529171,-0.0569146019229419,0.176635409568105,-0.0288105537257155,-0.326634429772638,-0.133209358525733,-0.077456604802258,-0.155437400143031,-0.221661176289322,-0.26995818477536,-0.278860691640702,0.106304126344439,-0.138970479961872,0.109806914344164,-0.283093035565696,0.0710041831159905,0.0738513463432826,0.0046871649428881,-0.220149436204147,-0.183212717883852,-0.00965649489254025,-0.240958308784934,-0.382171873200947,-0.233217446450178,-0.263669756230171,-0.326653676455428,-0.249625464445181,0.110854601295353,-0.312544684621397,0.094140291396363,0.341280287262354,0.00779041036809102,-0.39872332123411,0.0455296508767659,-0.202811273250398,-0.212367885245583,-0.221908315481931,-0.165406589159644,0.182859018677785,0.297144116429516,-0.0319544969255837,-0.0425820892808548,-0.145646221003188,-0.168125494418362,-0.239181913563867,-0.267136476621642,-0.275127652841977,-0.17806671092236,0.0410864959085315,-0.161078138040656,-0.0576115835837999,-0.159546880969991,-0.16157219998635,-0.0770130967902679,-0.162906125105008,-0.205417235037162,-0.455908750153074,-0.256671668569553,0.347558530185851,0.180365642407902,0.0315751684801535,0.128747136815703,0.0270203263044172,0.0738930438160408,-0.293152281567309,0.0639025120182256,-0.0916496817527778,-0.00331828704321592,-0.0647825785704482,-0.00405788674849724,0.107190525148322,0.0305960487358431,0.156237827327176,0.123956300300974,-0.188570037439537,-0.0643553517409378,-0.0690645614160625,-0.230581030716032,0.390952455848441,0.414873088195615,-0.107624103685234,0.361432533514811,0.271512458253409,0.255795609555006,0.146344325427886,0.0744918013198059,-0.2117708064602,0.341763744222172,-0.0316681478497237,-0.0895789351837856,-0.218815134972362,-0.170443818188126,-0.0428143350628384,0.0603062610897051,-0.141786380108423,-0.106221048387241,0.0780234987541091,0.409334671099952,-0.210333697458674,-0.135623998590625,-0.0176508881088231,0.0134244891531844,0.238369697222008,0.0605752017882804,0.190462378098916,-0.0084985203717428,0.148405386783576,0.0941270206377961,0.404362129122458,0.175504722362097,0.0222163555516568,0.108037455358048,0.158045944947051,-0.124374584083361,-0.175685480887934,-0.194854971261213,-0.172656557980812,0.0367931699620076,-0.291293364417644,-0.276157386356964,0.43021021285756,-0.138167507504859,0.0380785192446337,-0.157777213950802,-0.200741987200625,-0.0126883036767654,-0.143481036256365,0.358635994556699,0.24063257238519,-0.00116156483080134,0.0633637812252593,0.320812266566666,-0.123948557248019,-0.157558687095946,0.117636939795131,-0.00711844108380228,-0.145514159250426,-0.0306412684530083,0.174784665500885,0.184299013696274,-0.0618915706275265,0.310324208236855,0.311652694975268,0.192686886757959,0.150739531860607,0.139438503498576,-0.0598945199725876,-0.0604233049435283,-0.0150198050171942,0.237203582981593,-0.419133471445286,0.0191402807347926,0.0223441695575563,-0.209503558443954,0.0585977728607922,0.224662221497174,-0.496885777378489,0.339992910828753,-0.363736552951581,-0.0182155987191977,0.0846967199997503,0.203175931675749,-0.117974809297459,-0.317973484187017,-0.473256591863853,-0.0429664931937261,-0.0749421946014207,-0.158440204743193,0.0819323053760731,0.162298612899655,0.425594342657756,0.110467049776519,-0.414712436860751,0.194709630495258,-0.283514275877609,-0.184453259030018,0.0606960710980543,-0.286662165061502,-0.219843183046514,-0.0412110571954686,-0.347876773191718,-0.272607619930624,-0.300673758216248,-0.290999539467542,-0.206370255372132,-0.213070964407,NA,0.43590429549259,-0.0716436117255655,-0.236437695646655,-0.348344224371194,-0.0614097363115423,-0.234907240432137,-0.216898014656276,-0.253875152146896,0.315154245944834,-0.544136114266182,-0.431212976600266,-0.0812745317824165,0.0221937136648289,-0.18530588274777,-0.310402804348973,-0.234739289809377,-0.312455437625189,-0.346628138058766,0.0804350109711886,-0.0551227831792343,0.244575563570364,0.046477441168407,0.256202409130613,-0.301059581251687,0.0276382559061835,-0.0517642988889848,0.0605547460352974,-0.126184683818984,0.0242211945095082,-0.148926492374496,-0.237804424759572,-0.0251302183796571,-0.136549235230015,-0.218613013087791,0.177837859070312,0.104377557211913,0.229917732600415,0.0476044287021179,-0.199403291741057,-0.598817177378762,0.0902384255556593,0.216902123901088,0.255337256223268,0.0356982739714035,-0.120386724375216,-0.124783626096521,-0.277249207067527,0.073655055824063,-0.252530074012885,-0.153927710040302,-0.0904988854328206,-0.257274141447944,-0.118863577147225,0.220745175521799,-0.182512170778637,-0.252799946029205,-0.160269862352649,0.272597811171367,-0.040327771164447,0.578294332664285,0.382667628775187,0.455644674511842,0.16447340643083,0.118957904912588,-0.22950913850698,0.0369036621345504,0.294145645926253,0.0108858171447636,-0.0852894866094733,-0.319983711954093,-0.154102855427149,-0.098239037351291,0.0555868763396557,0.356549445985187,-0.128288551627143,-0.170116507580842,0.0333149295636621,0.226254493726356,0.155077356415438,0.239133910934751,0.134406791803799,0.17113171170297,0.0339795614969861,0.149022809768566,-0.0914521850565306,0.135851574110869,-0.267334357636594,0.0374380913215546,0.191412944522799,0.27816024396541,-0.038386406613238,-0.230661680746851,-0.185725096983257,-0.189235387761885,-0.0649505158849097,-0.170653935934396,0.088203305997744,0.0092163870078758,-0.343451525538735,-0.302620930841672,-0.0383187259309253,-0.26946867466405,-0.117212032844227,-0.0859117691430632,0.118569372306805,-0.146044982529788,0.0300316252784189,-0.0721135869750189,-0.151854538526788,-0.114655796702938,-0.143570265498436,0.123248415366921,0.00721820384287979,-0.0622971227466048,-0.0211991739362521,0.301203286987239,-0.188403137587293,-0.287823697218813,-0.093817551347834,0.374356235418882,0.164490936575133,-0.021366500066278,0.147900686383658,0.140356463354277,-0.172155413606881,0.134211971479574,0.0303851473329693,0.414577585864903,0.386525552482467,0.13726527222668,-0.31608472334506,0.0274415942829362,-0.0637459624566661,0.206875905702933,-0.0423713151129078,-0.10385429012695,0.121469167254631,0.0549412730249996,-0.113515848584138,-0.244610107781885,0.0196612612889056,0.00982507548337088,-0.0976071077040882,0.0221658505260668,0.265506710359119,-0.152413439337797,-0.0853184379304035,0.0212671320377302,0.0587865512739571,0.278828959428762,0.207802553302789,0.296543814750681,0.214505886939991,0.245173430045733,0.197850763789588,0.0736129722286523,-0.117356704944197,0.0380219351801293,-0.0518103468908715,0.719787877728891,0.267596994804233,-0.0546671098631741,-0.0829601257059594,0.244653418184731,0.220712100122023,0.416238969002331,0.360156510179048,0.156020405118519,0.124137752082344,0.00372962150099753,-0.198815609439413,-0.2603178497513,-0.127356548138867,0.0281008759738301,-0.136981785642566
0.252174110932258,-0.315548807079671,-0.159463437492158,0.0187715303619766,0.0826990302210283,0.46866156220478,0.0924018565547438,-0.178291324825339,0.267763455507039,-0.391888461142077,0.103860771516274,-0.222561702098536,-0.161779390672054,0.0416831489314387,0.218004259026402,-0.0232108079197097,-0.229502367657235,0.0956213817696386,-0.163254371259674,-0.0279719255839227,-0.578283477426906,-0.266813090134019,0.0286789957259914,0.574029419598491,0.278370360363654,0.0835282166644907,-0.481322427939725,-0.211455170363816,0.11551548100005,-0.220900009596723,-0.217072729674103,-0.156727982743821,0.0753465590938767,-0.512374704152302,-0.209401185027621,-0.149728662936161,-0.431730200045157,-0.230543565059106,-0.255987684838087,-0.313207309942981,-0.42311407463428,-0.240539653797511,0.367010789379306,0.350883400019813,0.0013780039818127,-0.117938070884699,-0.198543508074565,-0.457688295536306,-0.494234363716148,-0.395819710881867,0.398570746391631,0.483568746598788,0.0483681987566829,-0.219289634592907,0.0146897518553646,-0.233938570402224,-0.499831248238564,-0.109678884618744,-0.021075533997079,-0.109218726632927,0.128070129117628,0.101091491531217,-0.276278932175035,-0.429716255167062,-0.107002679370695,-0.050948789847657,-0.214152724047224,-0.180479582382853,-0.239433621100023,-0.078167967781873,0.0928469765142192,0.0515820586882668,0.0645527859169805,-0.0734215336309384,0.274805297285677,-0.393153584551469,-0.178072446312073,0.245621592022644,-0.0045334876444993,0.0660855237302937,-0.354842437958955,-0.377019764999306,0.0577892395014807,-0.213564003349114,0.223110344315747,0.338275568263196,-0.0532691718573627,0.161404430896117,-0.289922835984591,-0.224224582370304,0.0284942835035016,0.193798725956838,-0.323136095618085,0.643400128726592,0.695855587695586,0.949746215538522,0.192076211936408,0.19138049888036,-0.015988116612086,0.247953644425794,-0.166843489557745,-0.07364317969892,-0.610473632498307,-0.313943926749543,-0.386161389382901,0.0277821451733477,0.35906815979126,0.161750696393788,0.16154424758139,0.284670439944488,-0.560675382673374,-0.285366653925142,0.158023821001334,0.349369697018675,0.311140289533027,0.168982132829238,0.173597108727702,0.132795454193343,0.253414750151247,-0.0207700553251466,0.462324569493947,0.773768405394621,0.0249973875588261,0.110359821525945,0.211324724958065,0.188665276967271,0.04441794325314,0.253913068673281,-0.0699282757754267,0.0790995999560197,-0.093961299254647,0.0183502368402592,0.256485609426582,-0.237743888925773,-0.00926472614609801,0.0146284394437104,0.00399679429076337,0.0614316914266008,0.143949264561666,0.216703738589495,0.323304873160608,0.187624548791383,0.0795596887340885,0.11409285708686,0.160297642032889,0.177078918840974,0.442068954427232,0.301582554396919,0.1273991406998,0.173237572937829,0.400891979990163,0.0800171496032753,-0.171318705802447,0.32318454939088,-0.0162818630622196,0.437746561346099,0.881952261683509,0.24401739004463,0.132100861858079,-0.132340468113587,-0.0756309326069241,0.394570612189648,-0.43426958805198,0.0290953164753823,0.335940088955026,-0.0315529051389831,0.298597753805419,-0.119794877480469,-0.24539875188895,0.746409993383444,-0.491743601810504,-0.104051153554234,0.0092954978830343,0.217099397802601,-0.0150042262729558,-0.120974015888474,-0.213416272856008,-0.346416530509762,0.168367331242016,-0.762051809841591,-0.207659147312207,0.462495479782884,0.248394549156065,0.319969257809547,-0.595014899116028,0.0256270035620231,-0.387987697136977,-0.424812183455334,-0.210094183323898,-0.116717798240362,-0.0592317652309004,-0.0274424605661628,-0.225082755390359,-0.0910423110378782,-0.0327988061523749,-0.500575305987281,-0.14001252611685,-0.0817220618093435,0.43590429549259,NA,0.0611431167449449,-0.418891253908125,-0.373411679103907,0.0454636363114228,-0.223996715154987,-0.487532527997289,-0.258508698839398,0.746362531377257,-0.321793055710312,-0.396244639049716,-0.0477209335219466,0.140652673228876,-0.17947392317752,-0.268778298277491,-0.319753447924515,-0.0896907952499377,-0.222299521055056,-0.00193786053415828,-0.306865982700369,0.928816035085987,-0.151327642608512,0.417757190467332,-0.586769131083157,-0.0123529842837827,0.435782156847644,0.102979096662755,-0.0730993077985426,0.0306950960130924,-0.0813397976546395,-0.132591202951459,0.304370456499704,0.0426694262413148,-0.133185329425888,-0.0893710979666792,0.0656343205068155,0.223994197468148,0.383170741596279,-0.595464206790646,-0.453044807693964,0.269537503095456,0.300786054969263,0.382479993774487,0.129892975879338,-0.0349526920611332,-0.568674989030084,-0.561428188196823,0.315389741174541,-0.52535770382095,-0.374703061135427,-0.302265236414041,-0.264745253505858,0.0221536665776912,0.276654739593737,-0.274324827063799,-0.353551796996421,-0.0168154712324461,0.105698861778349,0.114489472944938,1.08647227335096,0.927120374633217,0.993122060136147,0.0171259870615855,0.168561618289701,-0.107348274344105,0.0040325360985534,0.0730961377234981,-0.29204130017259,-0.00505493854662977,-0.272527787878127,-0.213583715175497,-0.323735874638669,-0.190832924231773,0.275450963578459,-0.43660253010305,-0.435210419197138,0.132615319755033,0.578448411194367,0.596824232249553,0.240192567859964,0.453150476533934,0.205804148567369,-0.0919479308148628,0.0220568293589611,0.0646359866558754,0.105022577449622,-0.00461347796336282,0.279345245922066,0.236658188135787,0.617420668799645,0.109938165754783,0.22363552629729,-0.0176635275331189,-0.173899101358416,0.00852711694893603,0.152595842246538,0.477295001705081,-0.109885904339905,0.0414998080750797,-0.184426153856888,-0.143084011703108,-0.265259918872909,-0.197804355438508,-0.18210731263051,0.195478052154408,-0.32679133578254,-0.0640153477836648,0.184494573059789,-0.0709430139002595,-0.0621834247925068,-0.0808594454531016,0.0769696818510371,-0.0518092526629611,0.146760439229866,0.103409747850318,0.762467752536246,0.226037769914868,-0.175395356466753,0.0674250727974954,1.06875868683415,0.472701548860018,0.387463449602937,0.439697222041926,0.682201607543179,0.074193468318551,0.48910074534242,0.554546497539638,1.19907732486775,0.725543006980184,-0.0593130687804015,-0.170269590902947,0.025644312979661,0.195816218652116,-0.1571628289545,-0.241239245212715,-0.283594007825671,0.130709184829276,0.0597614715463409,0.0367386528515734,-0.0220818187032433,0.0372590426753796,0.0622490023467716,-0.0167875436976265,0.0643951890617508,0.0652109122103908,-0.110334265155771,0.00696079606554458,0.0134686182471468,0.0734103575022311,0.548324369813868,0.46190017136882,0.580870046884542,0.37495892907803,0.125217244391705,0.177249149191606,-0.0599130516006475,-0.171181881270082,0.105516828584097,-0.00518757886828212,0.734003390428722,0.534462618943431,-0.139837873306943,-0.128788277084348,0.14463040792696,0.212055756277608,0.0411947111541888,0.298394930188909,0.0341737409004974,0.223942757744192,-0.176055646262046,-0.284494481137482,-0.152892511830399,-0.0177045272333307,-0.0834495526393196,-0.241329131050234
0.355226705304193,0.578580431387636,0.654345861745245,0.10386253892413,0.260801537974014,0.063663479963291,0.0718796231246973,0.422059026751839,0.26359669780722,0.42923677741629,0.186589318504257,0.0019435588058994,0.603340990945961,0.598719103907742,-0.051017442180768,0.462470278731615,0.252196960940375,-0.00622131592228593,-0.127988996629338,0.593808608092926,0.258894401812422,0.208758778061273,0.266605480347046,0.177133780835437,0.243390554887832,0.096299618995436,-0.00838821274762562,-0.0790229886526631,-0.0387977603404206,0.192269671587736,0.810885890158061,0.519161490630682,0.553597259207677,0.298592191666695,0.530860872462248,0.751848423057453,0.496572571102257,0.733971239745802,0.320147258596254,0.0596499133322282,0.163810334472803,-0.150790133402139,0.0132921074123914,0.403902925874614,0.669089841903506,0.340243376206663,0.738587463045885,0.0957343217746151,0.227679047629503,0.360861131655396,0.0222199969843983,-0.0412668995477609,0.473558741682159,0.274853105010392,0.188942413352805,0.300292244242119,0.460015317225678,0.504469798442843,0.465364269284519,-0.106809891848153,0.262869599740345,0.0111476645905676,-0.229286967208156,-0.146685923735821,0.396144634076473,0.522303502450668,0.247388584949951,0.391876821898222,0.360257625527908,0.501142227827161,0.114561049937257,-0.354006692422325,0.256789192460375,0.0371429385231984,0.199229227917097,-0.254855949834918,0.334346546621851,0.23273764257072,-0.0962171493041404,0.0333276060729553,0.130039159855847,-0.240029463004151,0.0149776935195619,-0.290629402393064,-0.0452184435950999,0.196984737830703,0.252085178847842,0.316168116464528,0.116031979953156,0.471627441236445,-0.0583980254905565,0.0434924361808437,0.199018202671147,0.17823640633673,0.37770204597927,0.0961722182311366,0.00189202337150762,-0.00881031172869737,0.408963581668483,0.0901087446532643,0.343875682566132,0.0172263878132434,0.188135360737984,0.0588454169376578,0.0182429509111215,-0.0456245651504428,0.247898777866244,0.262421042534123,0.263094319177998,0.0470853321924515,0.153941374009172,0.0600834669231893,0.0648774922321849,0.437945974268234,0.0654163878578425,0.118797820550178,0.25640285646225,-0.0762410206996612,0.269331483700999,0.291067798972672,-0.033069380995173,0.172919110235165,0.0821440492358155,0.217045603253846,0.293228247996776,0.103951251634246,0.180509986871783,0.346213596997637,-0.0810286185248032,0.180954859969896,0.479317807527519,0.352111377100312,-0.108978012082633,0.0986018988778579,-0.123468549004175,0.534163602419938,0.469770691930558,0.133172208694242,0.29150051307187,-0.373474138355569,0.0130749129167,0.0414943609020745,0.187186032047175,0.320147946308768,0.464324997006005,0.341737744090148,0.128452048821977,0.217696104411751,0.383122813770412,0.357743407583947,0.279515136239325,0.105008763822982,0.0712850785971339,0.388508380804867,0.115171600943119,0.155459792085982,0.193437096413318,0.00886558511912501,-0.0680394381276316,0.403332078938612,0.566310049256166,0.167213583207108,0.511020502952096,0.319350788665066,0.0813112266640436,0.490614529512185,-0.347284434207819,-0.0596736996574044,0.318809362306671,-0.0418761031453942,0.262496819982852,-0.423877574680977,-0.102036212529113,0.563191138124639,0.261561217811161,0.519510852600007,0.624194598049814,-0.034591992485387,0.0456406771492025,0.170901674338467,-0.00864559917761056,0.132215919311127,-0.288493718698413,0.00878473505642442,0.121774688849416,0.172283479662047,-0.156460010889013,0.0123965286430696,0.147856322825986,0.725279269547062,0.552984023676016,-0.00250530132481396,0.622073175814282,0.593927837064861,0.74078832626806,0.104685395872469,0.914770604942707,0.212955376989988,-0.0716436117255655,0.0611431167449449,NA,0.535269771367139,0.294477138326401,0.173160221479055,0.718505135310854,0.245133203462894,-0.0821941350302461,-0.245338076257057,0.355172524960164,0.310359324121107,0.0961587613106656,0.389133452364649,0.477033492307229,0.732104718764953,0.148320559011467,1.04284863324374,0.527783284061136,0.563005254949587,-0.384825398518144,-0.0596547254131167,-0.347340464224952,-0.210863571830919,0.284111665316816,0.265995678876775,0.324785123724253,0.577289723739836,0.665510012071536,0.360371925974788,-0.129589626791132,0.445846058361915,0.114984393298457,0.386202445852053,0.4775150588466,0.291922218699355,-0.0864329469316811,-0.274962652988811,0.0382283334140552,0.310959775215513,0.296476705121816,-0.139772872168488,-0.0946550971023569,-0.0762448551184663,-0.334515829093759,0.326083792047095,-0.088266493539774,0.223600408375357,-0.317689503735149,-0.314015834285762,-0.264038157929117,-0.481099778827917,0.226089231589344,0.287232147493786,0.130068670220906,0.094572846606582,0.519652430820297,0.601624455350313,-0.0852636170413004,0.211345965147975,0.190738799506188,-0.118628785486022,0.0183012969390203,-0.313851205451267,-0.110905348463787,0.46812940342131,0.369055948275024,-0.0059584710186897,0.0806523341283245,0.540408269691868,0.296263668557054,0.51188668480223,-0.186911084675013,-0.111381694690719,-0.230563106683755,0.0626796944907352,-0.308194205836694,-0.0545333097054038,-0.134938234907169,0.151605311383306,0.274159706716117,-0.171835888530656,0.302977617774543,0.0969300583078235,-0.272910924596926,-0.101894010266096,-0.337730698549188,0.0834824391094165,0.107570074681925,0.318578586424877,-0.0148105742718567,0.291021818875756,0.109187684206665,0.0427767856648411,0.0869826866654252,0.201471805598032,0.173558560868359,-0.1518101641599,0.0453811064579727,0.325903413490437,0.277316077142887,0.115751922974049,-0.187952239153605,0.149973346917412,0.129169660536039,-0.0447163722219855,-0.365182789333425,-0.227698860496688,0.489688668854085,0.220556791511536,0.00467186776370088,0.328457322662653,0.327746748354947,0.068764034584547,-0.0604930307518073,0.240904733511647,0.149700029229627,0.0252646777002144,-0.0381469591771891,-0.227817702520641,0.0526929262379492,-0.0633292747278045,-0.0177814662688749,0.306663221380237,0.301859851371097,-0.0842007899617524,0.30960656760413,-0.162957707246916,-0.168788621572988,-0.280025403103167,0.257745933990647,0.350944826393635,0.134254645622501,0.0764812233725182,-0.0287288148120931,-0.366000927696089,-0.180870526251468,-0.184351366698045,-0.0888853148549925,-0.27632942055999,-0.331709488452082,-0.345721703047534,-0.302790255691598,0.169586400699148,0.295760808607664,-0.00706643611219459,-0.0389763465673191,-0.190877792896521,-0.34010208952031,-0.0289754707610506,0.0420994357078948,0.187439473191116,-0.0790772364852949,0.152650095231379,-0.182248382373045,-0.0891367609701912,0.370889320599914,0.280711123285208,0.149970550833087,0.214094118452223,-0.112654529551617,0.107719883382893,0.309119464531799,0.0946926811944761,0.0453339791495396,0.051981765718125,-0.256681460898321,0.18930049193826,-0.0708433285602229,-0.101655724232606,0.103990844347589,0.0902075269183831,0.167764224484267,0.224551483693361,-0.337113679460707,0.126800363575332
0.0723263480291865,0.179677161340536,0.377547448549862,0.264890102664263,-0.221745682094549,0.00508115694904612,0.0330786748604817,0.163248187461396,0.208605860217853,0.423911892269519,0.00294969855902943,0.103703591581723,0.198449913128448,0.27038004521401,-0.324431443877589,0.231713957446706,0.100149166274937,-0.321545078140193,0.248517004133384,0.138144689581526,0.42045688171624,0.215533893238714,0.301644798815426,0.023037877622039,0.21802745407052,0.0456365171872368,0.395455268272965,0.201523975357628,-0.0815895601464851,0.182631236976486,0.748622956862274,0.349896103153829,0.185086151497366,0.709750858762258,0.368729137406327,0.405777100551344,0.701739136453956,0.331565198442266,0.47320494522756,0.169138321918077,0.345016085465309,0.21483364237966,0.114690442910718,0.226589025917717,0.141557066885949,0.837014415804952,0.618401438871776,0.284468076782453,0.423801309053677,0.289194740817984,-0.10459127598451,-0.0745599666313148,0.261154703570678,0.0508131469684438,-0.0688351236374929,0.0703244388683559,0.488960733382144,0.159861248648124,0.26688648306233,-0.0927077375917207,-0.000412522511714907,0.0390658654004904,0.280606221538746,0.345277988071549,0.205463476091635,0.364019103070165,0.295396094620511,0.331805673718699,0.13486748252064,0.301415877971875,0.131955705387967,-0.287049445025641,0.123703539088716,0.166890851514326,0.132742255995025,0.128517416401763,0.342168038752439,0.239122804309664,0.11570865660034,-0.0486160072247071,0.205721412346675,0.142048731841271,-0.0814972991958429,-0.0344736695552016,-0.0919766929600544,0.146175546342157,-0.142463823332645,-0.0634660145885807,0.0686259808187756,0.0953174611496366,-0.0559918020638813,-0.102235223374334,0.0733978161316379,0.0568292624438397,0.0882393936336131,-0.232491771418119,-0.473246107002055,-0.260357401348653,-0.0561494271122407,-0.087200136411728,0.333374635729988,0.0188435238068693,0.586791117391505,0.0915678077254822,0.429536564096829,0.0184426936709237,0.198678589812669,0.322657981242691,0.267936776414606,-0.0192187375532752,0.633407755586408,0.422822178704909,0.0739263348987903,0.0683215115815304,-0.14688986820408,0.121315628810545,0.21468726360672,-0.161779873097593,0.100218421343612,0.310881981498512,-0.187765069924208,-0.129710852462748,0.134414540799245,0.246851709734006,0.071842799592268,0.0285253408885386,0.268636590790163,0.241072042082329,-0.0136230705944304,-0.0130362638016572,0.255400442156624,0.190853505067694,-0.163912931201977,0.0120672621474826,-0.149588819602958,0.190698859335503,0.0496026037710461,-0.0650761913844101,-0.0671758307814274,-0.323422830049148,-0.223257800557472,-0.0482058239105356,0.00516413613521462,-0.13945827510746,0.363718434893623,0.259138467411089,-0.0957695148966997,0.012273335071725,0.260186480646885,0.263270931594899,0.0798107839592678,0.122030454783551,0.210462916549764,0.056773335891457,0.156129302180164,0.103781991302641,-0.0509580715577556,0.000775314469947461,-0.217803875723453,0.559912602276628,0.30250469663853,-0.182913640063575,0.260791380762129,0.265398927357017,-0.0865935090198833,0.0274407523402428,-0.401801955651898,0.0710650385236296,0.250063756998892,-0.288602594765413,0.358214191034874,-0.151646616804634,-0.162812575623656,0.0241505085133734,0.0537078685027811,0.212780819337959,0.413881115060524,-0.122640768869179,0.0571428761373321,0.52681133961726,0.21904570384678,-0.148770292016644,-0.312352950793258,-0.16025870838846,0.501190430452211,0.0267319822690385,0.197012482479951,0.390499096436819,0.137917754020067,0.504299018466655,0.333982517950055,0.20469316782768,0.35388914216945,0.444492742352005,0.438895918226127,0.351729975925094,0.524706969519401,-0.155538350953217,-0.236437695646655,-0.418891253908125,0.535269771367138,NA,0.103862841088048,0.00936246737206009,0.570758911944673,0.865958060141027,0.14172473126258,-0.604369990541879,0.168905293520866,0.252585277930586,-0.119387114842442,0.127914831763558,0.292263844085088,0.545307075666385,0.0215693120438151,0.40052051169643,0.280082514492912,0.0616729007984441,0.00396086806510319,-0.423094559178455,-0.107817811034416,-0.336872804207209,0.541764481670897,0.156089279899862,0.0971410723407116,0.241489276103713,0.528996444367747,-0.00185229333926456,-0.0936024145244772,0.516525022272408,0.0506934677200479,0.168470933868166,0.412664488031102,0.380133291314799,-0.0753397885072764,-0.333387311582215,-0.305835039954549,0.457885001802453,0.164857568364155,-0.163883951963121,-0.236644977401477,-0.286955791569603,-0.376952954094228,0.252393165223867,0.273551466631553,0.399875997607027,-0.401671444034803,0.153557013406124,-0.0524338702543061,-0.0246565266737699,0.0735700084986505,-0.0689750630954476,-0.286628919593707,-0.1053428669913,0.323239301047007,0.041431936796855,-0.249563961318768,-0.0103366241968399,-0.276243239139981,-0.37021611991936,-0.385296858173838,-0.351285880516999,-0.2747302178424,0.0811621149972716,-0.177004618512256,0.0305053628099669,-0.0124687149834486,0.519562882285166,0.512137363476205,0.23741036053857,0.140640631346722,0.0286060545376448,-0.386196547570176,0.523075273656072,-0.0143811480993081,-0.13360582664759,-0.387706994410238,-0.206405786000899,0.014996915266799,-0.182157852630937,-0.0363373335948085,0.00316144822088932,-0.182915115291086,-0.121243194819753,-0.281085675280683,0.183065436211325,0.0262067097375168,0.0528439544997294,-0.171194119718376,0.112806700410597,0.0445366683031682,0.00778738166927726,0.284816783251795,-0.0891902464483378,0.022358089557091,-0.297297286119272,0.0861650407276593,0.0147626657552583,0.111728943678357,0.185153771321949,0.0884729409387842,0.258371293031219,0.218925747626867,-0.15313602585541,0.239264042349282,-0.0791046321293556,0.0345165236456048,-0.0666500428703955,-0.0755215582288182,-0.0203772371513177,-0.020621001540864,-0.108845808518874,-0.280024834849425,0.0957694977175786,-0.34400705122765,-0.0270856826498264,0.222716296780325,-0.223068262158209,-0.496713449784822,-0.211169121290319,-0.150470630165063,-0.0187749284678307,-0.122887054514252,-0.0537503925510171,-0.0102869020536241,-0.219171802718246,-0.592331896941527,-0.58700109442378,0.115048621783264,0.435347712438884,0.0844277978766884,-0.0719882525044593,-0.0350670372053698,0.0770684586579794,0.335313603428241,-0.0380736441712684,0.0378205186602557,-0.0230611300866098,-0.0279027679142903,-0.117907806352311,0.0888671017290384,-0.0753283828802592,0.0201288296469329,0.04590504738425,0.110883047521578,-0.00793103840929618,0.0136267960426972,-0.00125540527066217,-0.158897109114287,0.0508316889251954,-0.170415338272647,0.121331822421485,-0.288065193826549,-0.289477314446139,0.033036698277574,0.194703134010176,-0.0744016213326888,0.201282716743797,-0.379837710633718,0.0118624502290161,0.269962017750929,0.35747082926064,-0.066487761201832,0.0510675648212176,-0.184713893540317,0.0957986879707855,-0.0895188134456318,-0.323883693486156,0.0291001894734329,0.199908131599873,0.261633369885657,0.22729867983413,-0.10774150437727,0.452191850080804
-0.172493366826591,0.644552160763286,0.397745593758102,-0.0342588752002634,0.337387439222291,-0.445773006351443,0.187752928194341,0.345633804746475,-0.181951653667999,0.132544293228482,-0.0107089962448478,0.189780255446014,0.255265259196271,0.0810031380462597,-0.115938382899489,0.1214609051792,0.264401735541822,-0.0189078050657381,-0.0859068770466162,0.315161760284502,0.501458376550462,0.428156610764721,0.234438867555301,-0.234875852112514,-0.135545795038831,-0.167883884065254,0.265938733449997,0.102398551138248,0.06851265341139,0.246338323390943,0.326906229476925,0.377362661695208,0.151981981772921,0.386125195465618,0.107662487573519,0.268069440963855,0.443189243997948,0.395376667741824,0.287139596072038,0.371365678416985,0.815905557171036,0.0983539699027811,-0.339915840691438,-0.192815148454411,0.298413160764622,0.0715511651831899,0.361912821021073,0.481444449208516,0.353841205407579,0.780381221790542,-0.0975122809552831,-0.352800227869491,-0.0430321121440366,0.343256978749069,0.294477768960575,0.758554752712535,0.43809447631608,0.447274388581507,0.10684337935309,-0.00999016412407888,0.115079306395862,-0.23692707960668,-0.13191973876259,0.0361303667633126,0.169967766349206,0.248621428332089,0.07996560589728,0.233145991335451,0.20186191199409,0.0593908430584866,-0.271343070023898,-0.239869165965205,-0.101742752756765,-0.0294420532023186,-0.219290695244639,0.15275456635717,0.143164969523133,-0.156590267085328,-0.140785995139591,-0.14559682486871,0.0932666257331533,0.0866630576587376,0.0535343188791751,-0.0205779188945431,-0.292581008841547,-0.283419200829784,0.473824985198479,0.308869512829903,0.0912128911774797,0.368655792494266,-0.135365168651928,-0.306050796989938,0.275258538816227,-0.550696691168543,-0.52290814578264,-0.349544333477348,0.199998684374508,0.161751551048447,0.438224634130435,-0.0187970034422767,0.183675843974305,-0.218726810486662,0.279467964538091,0.45118398579036,0.101872795329263,0.182051804494621,-0.181836691925064,-0.155447567623029,-0.137767946908324,-0.0478071929818673,0.200479631549908,0.0889090722023219,-0.190587330683621,-0.0241122738187369,-0.026523016137789,-0.243413322570735,-0.186321020493505,-0.137738270743151,-0.103467034086095,0.0730029668470621,-0.19823455300151,-0.194525831779572,-0.191450048421413,-0.0947623530174541,0.0374330870117577,0.0379188339553718,-0.0484689344252664,-0.0858351923880565,-0.180884905638832,0.0431321384184706,0.390706464112158,0.417813813210728,-0.344005341863749,0.0047357892469852,-0.0875888468391998,0.379570668321673,0.270436892076916,-0.0332828714764323,0.432890021576856,-0.202470826895625,-0.0419141181611164,-0.0842654618909396,-0.0842737824015086,-0.0535724783340568,-0.101605066914155,-0.181657627817702,-0.155647593790567,-0.158833512295074,-0.0264549244586531,-0.123150586981701,-0.374650030280107,0.0556341442286212,0.158851406995673,0.0145872908134564,0.0357986722672763,-0.380061941828229,-0.268269120788142,0.153468855004264,-0.131123844848834,0.130982634218787,0.185372847963183,-0.260384748204878,0.621303703757439,0.0486425050582526,-0.141569902389062,0.508012864132748,-0.1941791558531,0.0485533747115948,0.119843048517504,-0.596224084540996,0.0885184323263261,-0.151098986077219,0.0395696216279536,-0.0367227336741313,0.0788108347332868,0.223693573336122,0.276854061464944,-0.0054876666460298,0.0237561672374965,0.407873383588496,0.210806491869844,-0.0736168806406326,-0.246688005963457,-0.120771263500027,0.443397471343164,0.0204819502328672,0.14097968632956,0.172005882301142,0.0535170942018791,0.377851887048682,0.0819729639025031,-0.0886043086735897,0.0959861491588212,0.216145946434378,0.258980433059396,0.415062654740603,0.341353574501998,0.760464648974948,-0.348344224371194,-0.373411679103907,0.294477138326401,0.103862841088048,NA,0.16576516180774,0.353946467060483,0.224791692793301,0.181764002939042,-0.347856331606942,0.499071870461543,0.68401083021012,0.493070350033948,-0.0377458157315301,0.412897786668604,0.255134481724547,0.375944525545639,0.312463450642777,0.510339349134336,0.38734212613953,-0.130333268476121,-0.600032526290079,-0.403702644999595,-0.647300072734977,0.321553108500825,0.0681738173010797,-0.138137292861298,0.288385890007449,0.214357856719075,0.21612533229606,-0.213197878238672,0.0446081282786554,-0.363058104502561,0.1828486569667,0.149147365291638,0.0734116197759844,0.0877438110057687,-0.143707540694939,-0.234379303008155,0.35327141654549,0.353322689725901,-0.295171794443888,-0.43947298924123,-0.358012675009779,-0.228060601316991,-0.0236718938239064,0.270829255930613,0.496040115140367,-0.179140198002268,0.0646562952926328,-0.0338041745147129,-0.184111256899766,0.684544560346575,0.428808710714817,-0.0277355523255187,0.185674455829023,0.46237013255256,0.370911663975079,-0.24538013715835,0.153366133191385,-0.458906800470711,-0.411538333061253,-0.402465497862651,-0.0698633167219916,0.168771579374297,0.649176597702141,0.499488040846785,-0.363035899434761,0.0306332804286442,0.0399542967237418,0.101017036393076,0.243854703653812,0.0361233502495077,-0.00682852926732318,-0.156503792657162,0.0577594044741734,-0.00803990471374953,-0.351170196484777,-0.233671119039617,-0.242732112267418,-0.0776597948971623,-0.144112442013116,-0.177030545853626,0.167520805973369,-0.284276655530887,-0.0724434506211499,0.0210473191193356,-0.170045540685718,-0.0246651649052752,0.0612733881435938,-0.383241435931434,-0.0321333003610122,-0.154302904777071,-0.223028301102793,0.163375145120734,0.201933881278938,-0.00197680155888617,-0.0460159907456688,-0.0773227808294636,0.431211201955362,0.369101408878422,-0.0693990491499132,-0.00516138630922778,0.064924419041089,-0.0811893565902662,-0.124960336972835,-0.126422510322754,0.0098313039498077,0.251678724572543,0.118276195253749,0.216191627244498,0.236148957598396,-0.0917798771452305,0.0446531182053479,0.0470661116548318,0.34543638912368,-0.336628724611235,-0.0915996078117957,0.0163173842814754,0.105194002895624,-0.348871442128158,-0.245768516263516,-0.454652462225092,-0.32171259555991,-0.191073150912313,-0.197304714129702,-0.136159359029519,-0.220263839789633,-0.411724411271056,-0.459621277777435,0.170617740498985,0.142228988796991,-0.274113610221423,-0.0531318234492693,-0.147865401285342,0.0729498278260067,0.146306888498005,-0.0214250961537264,0.00793942744009282,0.185801478328979,0.247459054363506,-0.0900886224596897,-0.145781077371994,0.173538481904633,-0.0248572807257911,-0.0938105240025421,0.190139429525897,0.166261575821731,-0.173372801101054,0.0289567899958702,-0.368713215507428,-0.330455574610105,-0.42014957003498,-0.457333333470971,-0.00865447211824039,-0.062815323234574,0.398668227270545,0.251676827924788,0.216658824616317,0.207062560589242,-0.406598826974278,-0.396041236417512,0.296420681497344,-0.0233048367117928,-0.09331631633329,0.0249559204698509,-0.130819967825551,0.0170254735836805,0.0356960360038335,0.186122817975383,0.254529489852308,0.194531684398329,0.238739976169546,0.259407281884026,0.204051329468877,0.102843815725828
-0.223339259680242,0.128147603422231,0.29437887823962,0.0201688035141587,0.325618905594147,-0.0850484503655026,0.224839946746226,0.343843104195398,-0.239001811821665,0.115434016853299,0.0760389826473914,-0.245432362462526,0.229594507687556,0.240539715827769,0.0718832935279904,-0.0893474660498003,0.304804081521254,-0.0849100804765843,-0.0872391217979399,0.392788226367917,0.165671332097675,0.290233250810832,0.174275395314663,-0.0932799589583713,-0.263204459628099,-0.134961562463993,0.0346194076272653,-0.0251216164288727,0.135196962585227,0.0463345905587903,0.384515827527594,0.332375646866485,0.13352700749745,0.237655253136004,0.142984205629882,0.200739737329389,0.158562689831604,0.37740049689142,0.190123627531067,0.147599424315447,0.234374790841831,-0.0397024195195593,0.0881299253778334,-0.181447613650597,0.211391690768507,0.114597896990728,0.161473323100467,0.160474576258307,0.183902798965863,0.185090484802137,0.215539724254919,0.120594214687304,0.0938741481627096,0.21552408429962,0.254200450714338,0.404130829419112,0.0692133731748778,0.297805417330558,0.144924663810767,0.0711449775507123,0.0425405775936633,-0.18849573591082,0.101096338421791,0.00981986458684546,0.218768322345703,0.0798119768978248,-0.0573040469159717,0.0459124777877607,0.36268211665399,0.152284584947607,-0.210287105095732,-0.122735150902523,-0.0520076859286178,-0.234100608739033,-0.030066415362069,-0.0576472164213006,0.125233576604716,0.0618044582331259,-0.112376068388162,-0.0648552514770243,0.108300963128914,0.127837892481295,-0.115371587262637,-0.0358542627750445,-0.170339425145931,-0.104801574850871,0.373153247604382,0.145522497736573,-0.0393103793409727,0.213034753112062,0.210470564271094,0.0407460992085168,0.126936663125986,-0.296999321442048,-0.0799547037778617,0.0363905218338798,0.275595610250289,0.197128739899683,0.367932787737971,-0.0431904616649568,0.115598515872179,-0.0477089057381774,0.164033665161217,0.266993118629042,0.0593584073294983,0.338044860014899,-0.0219818989639255,0.242930568750289,0.128203954257852,0.173398487081919,0.0882812760655247,0.0329732715031606,-0.0384453210274473,-0.0314548338592519,-0.100126080565479,-0.2895759808297,-0.0784083989917374,0.00780255455429031,-0.0817847274442888,-0.103820187419952,0.0186549780338384,0.019357596352663,0.11467266048392,-0.449262647012603,-0.0931622334006761,0.0960342486043882,-0.230111465776535,-0.0159422328533142,-0.033360176404883,-0.0497580486421104,0.0842354518018067,0.30643891372923,0.145023833272358,-0.0501699551927938,-0.118403953228309,0.0202949047513009,0.315002212746385,0.266954656743007,0.294620865087456,-0.211671875091334,0.044851583598864,0.0871593116843747,0.14635576828044,-0.00590764947773407,-0.197902139541095,-0.187244394704067,0.0385627918638592,-0.120527414507094,-0.0309321907073099,-0.241452740160406,-0.279813700399029,-0.21284151310405,0.274687094477797,-0.0658090703143655,0.24807725309661,-0.28170274927009,0.0246724680495678,0.235252141440706,0.00749734694647888,0.169574094248187,-0.0308130092493499,-0.200131713012973,0.245124503092895,0.145470318108953,-0.21736918200266,0.416008677913131,0.184483215318701,0.158588923300206,-0.0733444457602677,-0.27558793675985,-0.114178694997275,-0.428471338496825,-0.0110806165137265,0.124887014334487,0.282140481112042,0.289815120194911,0.259508197681197,-0.113469512673698,-0.0670506932007897,0.0879026435058774,0.0849369499199427,0.0398654627238861,-0.0352230592201839,-0.235887388503089,-0.132279042219037,-0.154527295062572,0.0195767928085075,-0.00657944623853718,-0.0407900106876921,0.298698183847456,0.0506591116732516,0.147111035953986,-0.0469649999886791,-0.103763941596101,0.0100973532579602,0.102272042860067,0.408741767359927,0.3736262333248,-0.0614097363115423,0.0454636363114228,0.173160221479055,0.00936246737206009,0.16576516180774,NA,0.0395560189244081,-0.135363885718306,0.0191551896681605,0.176471942990781,0.232143264700119,0.312444701297784,0.186654232119873,0.0366342013965626,0.186397250321531,-0.0369483661556816,0.375554129686676,0.33236250560628,0.21441462977579,0.0153498510092137,-0.0737987887577637,-0.109293931374888,-0.146012298080822,-0.135838286518107,0.143353038212342,-0.246564340171419,-0.0992147479220344,-0.0721764506761037,-0.0710064614604611,0.25455087185509,-0.0886132746519389,0.147295603520772,-0.0983997486215102,0.137179724135178,-0.071576008803297,0.0145831288252593,0.00589326996117854,-0.0148121820142367,-0.0161428150647984,0.0961227697404584,0.186675132421516,0.150060801697832,-0.18818842406558,-0.0724137057038943,-0.0672401253124101,-0.0959051069212539,-0.15231640603706,0.0701289299543246,-0.0313853313597044,-0.268264316286385,-0.303278000586879,0.139958787556652,0.410103240679369,0.297380536880044,0.194909890674347,0.30271026709502,0.213629440828552,0.410582491116678,0.0171678358419896,0.191560915787065,0.0480517665094894,-0.00726359834249096,0.117314281093415,0.231985085975151,0.0917348233763111,0.294930065451262,0.123499202896077,-0.155690300546341,0.065835177036432,0.0681537655875015,0.291110513745221,0.0409167145336105,0.132210847673539,0.0927357017954821,0.186766601057626,0.00139359225306849,0.0587276608612595,-0.220737750720805,0.146768843223616,-0.34726042616573,-0.153641347772957,0.0597643062970329,-0.148276441082643,0.101617870003174,-0.0414094384929304,0.101021578630016,-0.210236275452532,-0.0224911287774205,-0.216662427001588,-0.13736811572907,-0.257360889890564,-0.259492168994915,-0.0550020127894061,-0.0767462708134253,0.147254354010463,-0.0603148649493376,-0.0778009329915891,0.0479978109779675,0.244329417661905,0.331214497930125,0.0748314303329758,-0.0552141518714628,-0.0733445182986751,-0.0909598659291584,0.149794704932726,-0.0722093895120713,-0.167594301327864,0.0480317343443094,0.251583628997792,0.318032575237003,0.293987693173935,0.348980372887739,0.138465378112623,0.0887242132774995,0.0614476546326184,0.141806070340877,-0.198596291124958,-0.224233646773775,-0.0309737824199857,0.333166596614,-0.107539979081523,0.0920254053759529,-0.153531231340241,-0.237020644247797,-0.112774342703338,-0.259045894249558,-0.242133553993528,-0.050102500496044,0.0308091654270132,0.0374618536270307,0.0688980384074039,0.118960681786332,-0.146282545399824,-0.0889589011969437,-0.0427975228573686,-0.317498683070181,-0.228331542508213,-0.198975692784989,-0.0110256268486511,0.0987625901529462,0.209858031214149,-0.0799867170510113,0.121280773202963,-0.108647758055635,-0.140513621811649,-0.258752459676364,-0.020863027969229,0.0928793109396693,-0.0482588390221904,-0.276993448333967,-0.213441067373848,-0.255052526884499,-0.405488128116816,-0.407791718493991,0.026599673045293,-0.105940347360085,-0.0260278684194783,0.104158433750841,0.164325998510449,0.204946050505414,-0.164266543361555,-0.208245001786808,0.290073726840358,0.168377708462744,-0.151640514416615,-0.386508310656107,-0.102440794359541,-0.0752093823354576,-0.0515782089505018,-0.0562120643605742,0.0305643099347631,-0.0552193948223396,0.0133945994545331,0.164780896192986,-0.250138723364661,0.120057204611164
0.240263559980914,0.332211441169944,0.219135747464065,0.183333833836044,0.00465501053614099,-0.0790125833384709,0.0202364920443937,0.188115175090966,0.0667679055642315,0.426315695517161,0.270907157590654,0.139156994616774,0.347980558068964,0.456053513836035,-0.147294316102265,0.322790094695033,0.0952055256458736,-0.150341948882066,0.200803819000144,0.274152969707702,0.199091691775755,0.144891338432113,0.221952529869957,0.000672347475048658,0.0861669053672805,0.214347943521224,0.123924042291272,0.0689680319436917,0.163007430765341,0.144264135849715,0.664688192284405,0.385550586647244,0.302036077011499,0.349505945658311,0.429121042005935,0.497528490789499,0.627624417529553,0.500911350742018,0.448416511753857,0.270225985386269,0.203844137983672,-0.184956771715175,-0.132994465640916,0.288142426329564,0.423783308558122,0.308534071746411,0.681956367107212,0.404429344385598,0.119653831485007,0.310127205032062,-0.228896629862823,-0.278178414863704,0.0821655023023502,0.170706293432901,-0.0182647201003679,0.116328521441065,0.410062896600603,0.204242899006482,0.552685212109672,-0.00630906924788738,0.0597112242040476,-0.058567939216319,-0.169489746840706,0.121675732929377,0.167891094006406,0.209862850796089,0.0828332708160985,0.0722033509164009,0.175457171723092,0.235814261219643,0.0108095209276557,-0.201575633038142,-0.102245277434391,0.132988179288959,0.126644833115426,-0.107295187153259,0.221643276684943,0.0295020916410308,0.0203128219068205,-0.0556882927729119,0.0626666513207439,-0.165181933895631,0.00305730715891919,-0.267697862260362,0.0735122576099874,0.150490220215827,-0.0521459353935414,0.05349964016722,0.139398564569337,0.257106760526196,-0.280368590346864,-0.299110731978438,0.00665506280520832,-0.0118128919841915,0.122918246559122,-0.196577728885135,-0.198459553185822,-0.17695150895029,0.1583976486503,-0.0788235704654467,0.0568195628311064,-0.00847407045382243,0.174118559991766,0.0972872991380649,-0.0510624944909202,-0.174214406916701,0.0982072727148544,0.244302393533315,0.161777765043663,-0.174970566258115,0.149073572846829,0.123015000547419,0.00434998666985787,0.0837280258594379,-0.107191346052788,0.299788190934901,0.298754841500755,0.21697451003452,0.350465085396236,0.366472645785105,-0.218644388679074,-0.11334389163334,-0.207327759785518,0.270550018686811,0.352857449879965,0.0698713943243072,0.156826260386049,0.204828987330767,-0.162007150880806,0.130883089797591,0.165451214205146,0.106890082892465,-0.0945589491721186,-0.0146779617325882,-0.0743294875480844,0.348271534909638,0.123471000446923,-0.19001602607355,0.00442891903117619,-0.220372705738735,-0.168759084924665,0.0887567289850821,0.102304129520294,0.116817844458141,0.388904239240702,0.287270106330934,0.0162425417926042,-0.0622158182390245,0.141972301824832,0.400772910295239,0.121471489451235,0.296979251976824,0.0150145301806883,0.262378065186061,-0.0729575626085213,-0.020933878711075,-0.0625820241089091,0.0377474182577887,-0.186606545742964,0.219579008350108,0.349322706241099,-0.0181867262756991,0.294336384101654,0.057028982951505,0.00504662143471709,0.100285131709913,-0.540133464190226,-0.0698671070909748,0.270074416481589,-0.283630867644899,0.30352285475995,-0.21294792081281,-0.0141876518933952,0.308273293251744,0.0360704927012949,0.32395352138505,0.340299993937795,-0.0321176351557537,-0.012600423747441,0.195200740936286,-0.0384157300487923,-0.0764006848806058,-0.280681243585533,0.00877755284316033,0.292194607013855,0.253784813264104,-0.0154926612913517,-0.132684179026003,-0.0922699197484902,0.550820565489011,0.499914965791986,0.238928613224093,0.420559619319171,0.702956812902813,0.758014897510991,0.156298992209594,0.453476640091598,-0.0219894972484344,-0.234907240432137,-0.223996715154987,0.718505135310855,0.570758911944673,0.353946467060483,0.0395560189244081,NA,0.460697375888282,0.0216020113645701,-0.383315983350018,0.219785000537588,0.325684389527067,-0.0844094177539973,0.0349732341253135,0.324196443862184,0.525198161757713,0.309622004413612,0.548234933135158,0.312682067967138,0.286818126353922,-0.352710186905473,-0.308973238983842,-0.330246668467241,-0.393199790877764,0.256175241987475,0.263936120511127,0.0862648303843622,0.498608662869114,0.350522963757193,0.0722990405209307,-0.281587681173435,0.231421675994907,0.0202753930090115,0.481148580010806,0.213726985564644,0.125886534991332,-0.125030664244671,-0.40206386574141,-0.156550241311788,0.549948026836514,0.130939574840335,-0.280778650120329,-0.137324348200624,-0.173547662445449,-0.503873051566024,0.195002955233695,0.152094100140937,0.171147211825047,-0.310402657740075,-0.103123090860442,-0.18788978103466,-0.183357316506228,-0.034969880310136,-0.124129189738223,-0.302396329991992,-0.150033665502138,0.322526191416578,0.0882992004825764,-0.287417010751503,-0.263457027227925,-0.150240539011723,-0.440096560061116,-0.315813340341238,-0.562858882670333,-0.184934056723472,0.174021848723688,0.143683689830219,-0.269324417197064,-0.063759200853508,0.236678456279594,0.182180788741314,0.35405245007737,-0.206571521512536,-0.288432219154058,-0.509214123018993,0.232220052617895,-0.245407578559183,-0.142370422860574,-0.445791610237898,0.0396490291647314,0.330664946188688,-0.161270956299931,0.302516284812642,0.222209558719108,-0.193907318416049,-0.081171952804678,-0.39821483214678,0.123213353354003,0.149376951834689,0.305891639060068,-0.296633673384298,0.348926625937868,0.0809296271701012,0.0274193323523455,0.0375811196047058,0.100202543620789,0.0212523526917423,-0.205047939634632,-0.147697334691424,0.0126688885172685,0.142435763025727,0.0318717454912358,0.028283682645092,0.371895181614338,-0.0262125286719732,-0.142106288475016,-0.113885862089258,-0.101580368551283,0.0295785279794726,-0.0751517893882291,-0.122657760048484,-0.0241778818825381,-0.0451057892847474,-0.096046207401559,-0.181846116742931,-0.0622072938742876,0.0464027376669571,0.136573637957174,0.108261475739234,-0.290644237670187,-0.211818424876521,-0.315071777196771,-0.0662559378658914,0.255897168176595,0.096178861587539,0.100918219578741,0.246257579407276,-0.307329501532286,-0.473030108755791,-0.495019869821741,0.168692457208579,0.179546086638141,0.188806385615611,-0.00211706703017276,-0.0167183209011632,0.0447170827438602,0.231939008653726,-0.00813796695259179,0.0933851452571584,-0.0520087068888425,-0.0361694380668539,-0.370579586437205,-0.191350285955618,0.031903090640965,0.163088002245764,0.00351356896980173,0.14655230438895,-0.0397730697450328,-0.259765770458856,0.0124955802709984,-0.166500555609648,0.0985880079816876,-0.158708915621518,0.167250692380045,-0.292870837754077,-0.239046202243599,0.206653664474516,0.156159485764627,-0.102497310126081,-0.0322493171921412,-0.337972317302773,0.107950381117269,0.0929005077627356,0.162607364188929,0.0677163381230481,0.246550480448265,-0.361010002892465,0.200448674108963,-0.0650452225194355,0.008289903202823,0.0567830553590769,0.217238797501669,0.193705823587758,0.140101812441025,-0.0762918253218058,0.31379988663511
0.184145329784617,0.0747909190125262,0.0576999776526246,0.40321601671489,-0.0781305820125591,0.0121536009993378,0.0154002209337443,0.0638789903003483,0.146295120623397,0.248335076135005,0.0811773257392719,0.154270460496147,0.200312761868075,0.162860909835477,-0.356592420430903,0.164517079769496,-0.0517723120688759,-0.264119607796108,0.0649984338082158,-0.0271383769693179,0.223817357623582,0.034193830476672,0.198861110722385,0.0048030465535309,0.201346918106941,0.130437886816241,0.277931203135675,0.0808815422471099,0.0634782172659735,0.0939506109179791,0.523562332013196,0.224836238895623,0.0433277612344611,0.574138578059331,0.117989925139877,0.21429743274064,0.38291430357332,0.103465999710637,0.498522918913907,0.453775892327673,0.316772523887298,0.0523283101538326,-0.126540479951728,0.249783295951447,-0.0739667816898343,0.654012685174186,0.619594731952478,0.343588979181708,0.0830048269061225,0.126261229114586,-0.182571955441226,-0.200758395171156,-0.00837979033178321,-0.0284234149420149,-0.163446531797411,0.0349619126389783,0.386765573372565,-0.132186167018207,0.00618269751473191,-0.124935996001479,-0.0842787205014299,0.081253377405111,0.100915217036374,0.326416423446451,0.0139887479652454,0.0363651438393056,0.0528468384940279,0.0397154583210892,-0.013901947368727,0.112148473163612,0.0352358788242883,-0.262620336042573,0.0596798682973728,0.280229418136195,0.185638930095872,0.139204580081597,0.100524436384471,0.111032627902353,0.0710325505075774,-0.081263042102475,0.0548594547845435,0.0142655862401735,-0.148442166003255,-0.0566253158271801,-0.0280327148548634,0.171570940301518,-0.19440071376337,0.0149283366299782,0.0788942601270959,-0.0114266629589546,-0.284494354487592,-0.306694766383578,-0.0605059813741739,-0.0488188421898847,-0.0278683266923857,-0.332925705690375,-0.283947691184949,-0.182892617669668,0.0608755809042645,-0.052044579259488,0.0502277368336382,0.0401210077109085,0.356626812924859,0.0197113119310068,0.12950750629375,-0.0819585927397647,0.105603250511042,0.210295379562941,0.237327114341878,-0.0770364321700759,0.408892613318347,0.259245702327584,-0.0373041211826579,-0.0418152143058305,-0.152592412501249,0.284431789294962,0.301861117151956,0.0269885217415936,0.227413254454316,0.419613933783115,-0.200361618270411,-0.105952925260877,0.0332437541119822,0.29730084413316,0.243156219724932,0.00746366388249291,0.211221579097885,0.122944282141927,-0.100705882454651,0.0014279117817137,0.102185036186171,0.0935307125573613,-0.289546639865539,-0.185651299695872,-0.106743298044583,0.18529946188884,0.0278633523758272,-0.1657119254254,-0.0787392328481582,-0.225945097285937,-0.217110842449905,-0.0731703827768366,0.051306961979271,-0.107200127191892,0.39142307327775,0.281643801272222,-0.0648361666569544,-0.109306779579547,0.200342998228548,0.334127288498457,0.0170697436400438,0.287991888997341,0.0471015607868044,-0.0406112141176535,-0.111342529147593,0.184423663818037,-0.085891922053029,0.0272047508256901,-0.227662029416041,0.208412652388269,0.315602396994336,-0.134562828042237,0.166338840735345,0.00710762915065414,0.0745044646213402,-0.0162087198604166,-0.486097292494241,0.0583222504505298,0.136474052660046,-0.405435312574119,0.336879814612977,-0.176564181489463,-0.184520176165509,-0.0505051239519477,-0.175978560178808,0.0735511947866447,0.182287726493965,0.0152606184754379,-0.175050601997685,0.334045492184457,0.361110379068079,-0.0298842361129934,-0.208069596145559,0.071173437350822,0.390314789284079,0.117159540082542,-0.0446071661858307,0.217783854301615,-0.11729504462755,0.349276654620429,0.273608709920008,0.167364275621189,0.160859223017951,0.537819105526639,0.305922960738471,0.208999248982287,0.178225201076526,-0.135121023866987,-0.216898014656276,-0.487532527997288,0.245133203462894,0.865958060141027,0.224791692793301,-0.135363885718306,0.460697375888282,NA,0.0275644397608583,-0.800849442532603,0.0801301583507465,0.0641835625851873,-0.145135111223536,-0.0344392479729806,0.366575916133483,0.471164704023857,0.0798380924258025,0.139011961024143,0.140652953155765,0.0481313297546335,-0.067542343117728,-0.414936367566065,-0.0749669114081952,-0.274417098801229,0.204893330640799,0.306451811003525,0.0250489613056604,0.371926361661407,0.302569690575143,-0.0856369041718733,-0.176461933086522,0.235281523107276,-0.0363144809703872,0.177942814312072,0.380845756238563,0.212577625198253,-0.165798349864756,-0.298187019215298,-0.259090174369835,0.418941417568037,-0.034134459456156,-0.207032540243474,-0.224884470175742,-0.223456960413971,-0.441057387728243,-0.0470280233033348,0.158190794792106,0.219674499855088,-0.424033414061387,0.0858337175563837,-0.000383967401406984,-0.0258718734877321,0.0282330657875868,-0.116138103610225,-0.400101215775143,-0.279627784160375,0.161508685506955,-0.0521050305553907,-0.443426529060409,-0.15212506601012,-0.498661047447806,-0.476406634072436,-0.476623833871418,-0.400998281709466,-0.164661159637807,0.0942292515928534,-0.149082683535621,-0.116854832212573,0.0336740969744246,0.178431751300085,0.240299301446438,0.30109318484376,0.096519275498632,-0.0706806174022857,-0.409567928463518,0.286723210145282,-0.098107537918569,-0.0935748996089245,-0.578258438922493,-0.162413581563543,0.135249515114772,0.0489280567500941,0.126706226805605,-0.219536866988543,-0.115331824393174,-0.099754202327064,-0.136564534352818,0.00418541112055605,0.340239012466174,0.316247600729595,-0.125508317931178,0.103151357847737,-0.00952969197877759,-0.0578441009526321,0.18599102245956,-0.0963246942817148,-0.206815719667941,-0.22086029838016,-0.0640579996169814,-0.0566506993765703,0.0839934849904247,-0.166200534345062,0.049663442288826,0.1290282359639,-0.125740436173503,-0.306997526883581,0.153997123798711,-0.155036985630675,-0.0797242278240305,-0.157444624236256,-0.150524772120887,-0.1749909983368,-0.128360548924844,-0.387915544392398,0.0515179454989309,-0.0570233041090216,-0.301044960905547,0.120495784588422,0.277110677598482,-0.363716429279394,-0.501184203540699,-0.348671454885103,-0.147646740490933,0.0375870924901506,0.0535651630220314,0.0618766348431391,0.0588254054669526,-0.221498223868245,-0.716065220259369,-0.576101628234778,-0.0190523512041335,0.214674822030839,0.047203655399856,0.0455541794280927,-0.0230824562473133,0.157084263933125,0.323271169185179,0.0264329276053088,-0.00736367999447549,0.0265565042644261,0.0473443675472678,-0.00243649233008119,-0.0383612333410693,-0.088347955899943,0.00439930641053838,-0.0848146223729582,0.00921463977790778,0.0270077679435986,0.0331015288775334,-0.0367290329613784,-0.193788071047173,-0.0204472017596208,-0.247758597231994,0.138783435774006,-0.245522952949015,-0.213073296353725,0.161421888442456,0.333035088406433,-0.150969166106991,0.0561747434559865,-0.603006318366386,-0.00463582094810207,0.103206444415622,0.147169031248786,-0.0484952178156802,0.218814135577516,-0.200704686922738,0.102646791764467,0.131878201348808,-0.0663162017941931,0.106283620469473,0.149898231887073,-0.0611769519811863,-0.0747160737339946,-0.0523749277316773,0.177964573924258
-0.495907859733683,0.153385708291226,0.266133146679298,-0.321191090358346,0.0944635858089222,-0.220772726271931,0.365197977671789,0.329611119933667,-0.407309682860365,0.226141852859383,0.00615788677294106,0.0764162690696861,-0.0183563195579891,-0.0917022931395175,0.115407058242673,-0.146906829722313,0.192448486026994,-0.0781330912853302,0.23284639445804,0.0140731877752608,0.435224756553973,0.646168197303051,0.0761255801132916,-0.270718775540919,-0.180659591021812,-0.369423397874938,0.372219078262888,0.362712663888281,-0.22081320860894,0.436937874643206,-0.125503742133548,-0.107581935340032,-0.270483810081641,0.639397414972788,0.0706288854706649,0.00690766620030025,0.253753799134265,0.2289346487658,0.317234448936757,0.387418781257419,0.494709211257204,0.439187135319206,0.116932735828309,-0.561531455386133,0.155347214450568,-0.0266887852990001,0.076652109529823,0.502435020289741,0.750709540010281,0.241452151809794,-0.156046160544088,0.0374951224441534,-0.124739392231168,0.279449997269157,0.242055343273361,0.218229929075132,0.0884568530545499,0.346324556991505,0.20692236196122,0.473032691874047,0.0735102397669688,-0.0258144124698709,0.664053782755483,0.353099206422602,0.0835733654366792,0.450657711510816,0.274790241047991,0.306712201391142,0.127219312126407,-0.196723908556262,0.230909669247993,0.4144262280749,0.222243426287577,-0.109730671082863,-0.540052411524184,0.672895965295715,0.360207871028063,-0.189135212401873,-0.180101872541349,-0.26772082098488,0.390451096108207,0.683416298167739,0.387963368185714,0.217245453678523,-0.369781593561089,-0.578978099638861,-0.00191233915701612,-0.224167070485646,-0.145970428612822,0.209851101664731,0.232025922356371,-0.0894767363141428,0.170896410810553,-0.56554861914829,-0.591124586076404,-0.29407031961061,-0.257915900606398,-0.168132781281242,-0.126967275709745,-0.369633967509821,0.152547460861999,0.287480177860641,0.500072038420352,0.513698646325854,0.410292346106776,0.437698692997017,-0.371300514230494,-0.123865752667912,-0.329913600194825,0.295139310573448,0.639380473723253,0.192577419225251,-0.366857526045665,-0.365421794884155,-0.328111864455294,-0.323630920114877,-0.204717999699939,-0.169477785990013,-0.388799602284327,-0.127812869183875,-0.323024379055019,-0.193498345804436,-0.303184759770187,-0.188892327863076,-0.220545468584388,0.103239983046269,0.109374758723412,-0.0511803550097933,0.291296835796508,0.088031585862405,0.435404050839262,0.186584311223013,-0.136111518699291,0.0824510437564144,0.219292119666048,0.0657832826831148,0.30630393698529,0.197110355172379,0.181440845401434,-0.112121854632472,0.0648385351641357,-0.00350754071305537,-0.0838533448573894,-0.321389231831404,-0.412207602916615,-0.550776344668069,-0.0958917582665441,-0.635895938681896,-0.285333497155051,-0.584492116302311,-0.742398552299076,-0.177866202235076,0.549038639740871,-0.436891540055656,0.520350274895098,-0.497072145670797,-0.358616983669979,-0.291264144596274,0.181071103462983,0.432781352684383,0.258875552418586,-0.272140314770875,0.165291907231861,0.0965078063304359,-0.335594228752475,0.148661058673831,0.449024941160737,0.214903046055906,0.127157708955948,-0.409912956399365,0.122658476175559,0.291059203522254,0.0874793201365137,-0.252252435297685,0.0985450123940953,0.0552130892512695,0.0442920811556275,-0.110812302238142,-0.0257034275972797,0.386439390832725,-0.251397987740557,-0.30270572847656,0.106336723622587,-0.0854692268364072,0.287645857381989,-0.363741986967972,0.764979828695204,0.267386884412299,0.197624252759332,-0.110144286728205,-0.201793361583537,-0.104094135014304,-0.180294121616691,-0.113191865049597,-0.041431521021497,0.32243895685558,0.287825945249713,0.271874148136698,-0.253875152146896,-0.258508698839398,-0.0821941350302461,0.14172473126258,0.181764002939042,0.0191551896681605,0.0216020113645701,0.0275644397608583,NA,0.189993058770819,0.126805464674632,0.180012832791777,-0.130164284611358,-0.359409201506029,-0.196088136161711,-0.195396246587918,0.281456289745167,-0.0688258314833629,-0.0797517046347257,-0.226056934260337,0.793955216945404,-0.207150890367273,0.0275810049843805,-0.191394926618548,0.368475576394674,-0.230752159614825,0.020105810910465,0.0381214193176961,0.149288698468826,0.179237452269825,0.139713870418966,0.332860760168142,0.15205109746036,-0.0479944183163931,0.205545596248049,0.0760113099435055,0.242700954907616,0.254839197044954,-0.109466044563798,0.254114521079406,0.330080485465933,0.287531113639221,-0.300797493740825,-0.105067308592293,0.0528763026940342,-0.0574191411270855,0.723544749085509,0.650050863107359,0.217471364003575,0.753817749769983,0.383888923589447,0.472029466506759,0.0341458735888496,-0.0793681637656224,-0.207044929265069,0.146257844773395,0.259027778205338,0.146021728579185,0.082396717021712,-0.0487861168924575,-0.360481483069964,0.0553561539012249,-0.0835825403459921,0.20166525203819,-0.216724143009857,-0.0425327129989349,-0.107328062213635,0.0611656449146767,0.148565243815356,0.0293282880001625,0.370965570390267,-0.0218603911402584,0.414710262865753,0.688256833786541,-0.0700754664862275,0.576639546845953,0.482707592301167,-0.301246479593624,0.214030140761202,-0.25735449969465,-0.257314885891913,0.0827359085109995,-0.224513596116843,0.262465024687178,0.0910611644784311,0.198801777854045,-0.118916614302783,-0.0329626329870552,-0.0356278334647424,-0.194081981724521,-0.0946176964017849,-0.102879891147046,-0.0937633000909219,0.0904914842465343,0.359424265416366,0.0255803646358352,-0.0894073143795309,-0.163445323966856,0.150610791804321,0.30101103940911,0.433822885282247,0.108279140895718,0.520846001005937,0.0172107341693318,0.121792790255641,0.114488019706941,0.35825849817341,0.630291973906657,0.241544162845298,0.225556726232774,0.097398473611936,0.222164312630981,-0.246560396561691,0.0803182443553443,0.0294209414910473,0.19583236000096,-0.284285141566759,-0.126610638460654,-0.0244456183129775,0.884639249905129,-0.239755045417161,0.109341075337935,-0.0815436915729658,-0.382798126863264,-0.443557253082107,-0.0229745876363876,-0.297314381742132,-0.0795622230114023,-0.00462827388023664,-0.0382811242423019,-0.28812876061852,0.331332471821723,-0.0574239099705085,0.219753173009756,0.234918619608935,0.268587926661871,0.224689596625822,0.0350659850591774,0.0667967116098118,0.387129273377903,0.270134808909132,-0.0327999271907835,0.174202679799682,-0.0886808018926769,-0.0283140950835104,-0.21955297577504,0.529139391366723,0.275241071184674,0.0699158269637249,0.391443355916249,-0.184637601984544,-0.402098249242116,-0.258275875549452,-0.547833469181982,0.18358711020154,0.087281896180352,0.155874029376135,0.270398788542474,0.469954850839473,0.450019604050033,-0.257914381426182,-0.356049840510304,0.280041058219724,0.223696681812731,0.109215626024754,-0.0727606446571193,0.206105857782077,0.0149416202752067,0.0103741344273976,0.183168325363652,0.178586263348572,0.519414788979322,0.290662361075816,0.407938283465974,0.122819159713222,0.150330350003223
-0.135148289209667,-0.222263171903641,-0.0593838613892515,-0.323738160300245,0.093368172505383,0.117537917036042,0.17817567416249,-0.0398388369650305,-0.220135884734786,-0.219393803496511,-0.0627175936295459,-0.241832792780506,-0.199031501648844,-0.0712935367752664,0.189643956189451,-0.218430835770397,-0.0827235199457063,0.0410589956974758,-0.168225286869745,-0.0372939471634845,-0.254732661165178,0.0647834257729128,-0.078518447706014,0.0350490973702994,-0.148986120757766,-0.218949793509185,-0.314807075621542,-0.0722947599206927,-0.0784829214229651,-0.0544095583867953,-0.413251130442036,-0.24091232584932,-0.158428466260983,-0.260321825178396,-0.150288163700007,-0.229334562625256,-0.382959859398444,-0.132144897387088,-0.310599400698614,-0.284526888124723,-0.234727305938988,0.149987412105951,0.302294666980416,-0.247723880447529,0.0500254151585222,-0.230627414261359,-0.362947279128519,-0.214680124882824,-0.110944529649512,-0.241540116637977,0.228858264531524,0.315608552154959,-0.0272662090535922,-0.113580800141588,0.0716842001792692,-0.125462049313509,-0.429996575602655,0.0527495172241249,-0.0733638296612547,0.184585005487791,0.139173788730485,0.0355268543856105,0.0416919829578648,-0.218180993003503,-0.0580245317909316,-0.0879978747990894,-0.0320436981052498,-0.0827049921523252,-0.0938927936100803,-0.26843922602532,0.0760370501754958,0.302721855343533,-0.0176297781013817,-0.340855577726591,-0.148569299915765,-0.0741202089533564,0.00771714631175031,-0.145880518594195,-0.178948486647107,-0.212654602141039,-0.149873105365495,-0.00760335124615343,0.0653659438114343,-0.109764780847895,-0.0175147477807358,-0.144231180898624,0.0361496027156505,-0.0786175927917662,-0.16151599777063,-0.00519213084028926,0.371563207728413,0.260416587131134,-0.0918845948285008,0.0719409749890671,0.131545304751873,0.433708143041426,0.123573256759804,0.0161617141563036,-0.152388596448501,-0.0819331581865982,-0.0800958789004811,0.0420702803083754,-0.352912898467373,-0.0101767873484379,-0.188138144040296,0.136405899372399,-0.062196342545417,-0.0705283192373429,-0.192242440229765,0.308212259361773,-0.33056938439134,-0.268963529474234,-0.1046823088098,-0.0176915021783081,-0.113144015729366,-0.290696048092561,-0.113342349056869,-0.0311747827019309,-0.146882835472356,-0.403199870045075,0.0977929071292321,0.248353446192248,-0.216851957666981,-0.293218849876776,-0.192257564383915,0.0645362055175442,-0.0312900925085461,0.0489270117867368,0.207618819121162,0.131356759804476,0.0404737662672316,-0.0356812874650479,0.432315291350138,-0.0572562808855739,0.105819341939046,-0.0779000255542575,0.0182620420895766,0.103206037076594,0.187133969929515,0.163926596796822,0.215835974891584,0.237454604623169,0.051500197095777,-0.0403455951528985,-0.355009019356035,-0.311574399371022,0.151725478851125,0.00112568743239826,-0.179611185700542,-0.355244656629927,-0.095258305936581,-0.336930766330712,0.193551958607609,-0.0172089168696538,0.274025974302673,-0.175299374885304,0.229705166561398,0.018381916533007,0.143403685398839,-0.14413042338789,-0.214807282153998,0.202998888290669,-0.233625829537608,0.109180096790647,-0.0429692618726343,-0.0489127723203885,0.563244552938409,-0.149910914158547,-0.263557583914016,0.263144349079354,-0.286244919149846,0.183672741486722,0.0870042258442879,0.0757936294486622,-0.0667307359396952,-0.150171691759532,-0.230144669552938,-0.227006011795037,0.0658481375885897,-0.433153901737393,-0.407758433194317,-0.0467418028040556,0.133179669682521,-0.0110926242174962,-0.485209061382096,-0.164895829796519,0.0350399066300022,-0.361888019847196,0.0286616157930565,-0.309987993671676,-0.25570115238798,0.0156763074877591,-0.317639893964837,-0.488517937325776,-0.348249915881036,-0.276683477311771,-0.123271441944869,0.0342328696576442,0.315154245944834,0.746362531377257,-0.245338076257057,-0.604369990541879,-0.347856331606942,0.176471942990782,-0.383315983350018,-0.800849442532603,0.189993058770819,NA,-0.158458842131688,-0.1495887094317,-0.174120849523057,-0.00126470710342376,-0.371047145352656,-0.490226656598837,-0.102742850127708,-0.192257357124701,-0.342088838987671,-0.168519430182013,0.0984411332880761,0.597901090892036,0.0865241617490924,0.312678360001173,-0.301117126425413,-0.195164010007407,0.1294661539185,-0.248143954524661,-0.294204040518422,0.0600280254908413,0.145148457675769,-0.110186353177733,0.279417884356351,-0.0848395381917537,-0.239473418062582,-0.287560301921462,0.106021314988948,0.276773320508474,0.174926909624753,-0.404846910352123,-0.108385753814038,0.232254715084163,0.0788004111463786,0.159900920359539,0.234556283069333,-0.0553231952830767,-0.201828811213623,-0.255400457078896,0.335862278611546,-0.154733452373975,-0.12613177458318,0.00966488774272,-0.216752490026071,0.00640814282556647,0.227969880166459,0.0308167794759243,-0.157355590066626,-0.0264249050524589,0.34108896291458,0.081679283595455,0.59498555476784,0.681192945610953,0.698687009489197,0.299075811514657,-0.0238796054804107,-0.220961968334155,-0.0321501248452517,0.100270686481051,-0.100875546926692,-0.0524311204593004,-0.0252207094918534,-0.195545550968889,-0.107085085048738,0.102646231040342,0.263433617359398,-0.248837841504906,-0.0367300141277801,-0.054176472614434,0.639085749305412,0.21341124329877,-0.105195892454499,0.094347143720445,-0.0532282259109808,0.0351045930371838,0.0306163440509381,0.120487073880501,-0.0758979251394466,-0.0819731842211639,-0.176408477413694,-0.206006319461908,0.237785936114821,0.00815264499736118,0.104074330367215,0.177348694948347,0.0620058259135564,0.154590987079831,0.198614608953975,0.313288173567153,0.0549454805212342,0.0944050694924546,0.0201469364807632,0.0476690765907156,0.0416700262612561,-0.100241278508935,0.0459854088787385,0.31639919846784,0.0789649700259867,0.136371286036655,0.0755182125042333,-0.00159055721369712,-0.0255141670954853,0.0790736887693969,0.0517526342245459,0.163998445506482,0.183419522013634,-0.000804724468322316,0.38317559513645,-0.0479300965322797,-0.281080278283418,0.537478199916911,0.72222953705286,0.565518872823577,0.22009712122108,0.0648501163815768,0.13007437586725,-0.00989299681377656,-0.00356407238139324,0.234655088452218,0.874895407959161,0.634729777018833,-0.223361379840974,-0.195941228028095,0.0890559642490121,0.180424336434305,0.0972030535252014,-0.110151529157824,-0.296638696271674,-0.0463692778611737,0.0207098294881021,0.241291388772439,0.139389684358574,0.131472007530542,0.157703914997046,0.00699225241814087,-0.00459268319568999,0.170508338962702,0.170579121448538,0.13073586966442,-0.00536942436704336,0.198458279090404,0.324932066067117,0.0948204371153243,0.292604701464808,-0.0851417779027833,0.279301454017683,0.291164897310848,-0.0810211663036245,-0.196165552845117,0.197673680869426,0.0722597147011348,0.554926985719379,0.0017866986367799,-0.0848351016164099,0.0715058873494114,0.194922659384938,-0.0473008215818897,0.174698298719213,0.100985412857404,0.050002189497942,0.214834046602477,-0.15937274758007,-0.123741629340513,-0.147982885351999,0.20402017740322,-0.0137753649023463,-0.158345445199125
0.0715303115898027,0.544394206115593,0.502728691740843,-0.042839283691577,0.20407616603132,0.078639614362404,-0.111892348642279,0.523078280102908,0.108910564180145,0.270886529120041,-0.0122646718428455,-0.0270581849588015,0.342649951151187,0.0769881201795068,-0.263318678506983,-0.03832347887584,0.258994525236107,0.00176225102002139,-0.271770744320086,0.282518665110877,0.475707735001803,0.40297540373095,0.135991596582393,-0.334728655874866,-0.00686614103409758,-0.244763005386136,0.0146306698795259,-0.213637764357532,-0.238062406971496,0.29805361307499,0.336594719306862,0.372823703931731,0.265484910549022,0.25785724576201,0.508042860109749,0.424903710223047,0.264160902580703,0.56272875368376,0.217009633557899,-0.0874691657162354,0.523481419876665,0.104273915859223,-0.166472565503977,-0.00796490913797496,0.379495080160718,0.0160272200088314,0.235660867274689,0.174006742935821,0.448450959379261,0.581592181557418,-0.0446455836398326,-0.227209353537676,0.356914162779412,0.311027492815589,0.561740746718004,0.692003948840464,0.678702089356839,0.700468427493347,0.0805164999123416,0.198428579799075,0.158685904144708,0.351038752280824,0.0176294972273423,0.15000249397342,0.342495708776367,0.328806854245237,0.226548485453807,0.376805411528099,0.432661536097456,0.278020207453386,-0.111205473300191,-0.281700451933294,0.10736092530707,-0.199763815457804,2.38484522137094e-05,-0.0285503347990886,0.459497526777108,-0.121496210436323,-0.102005846344585,-0.166087448696491,0.262891066689026,-0.0217659372797176,-0.200375503534132,-0.178924255684525,-0.237578259760864,-0.158594678561338,0.604817906960718,0.32326205939453,0.116182756827882,0.43125368997854,0.122310072087991,0.0408935310477141,0.357775357568098,-0.186932103764054,-0.136318901032352,-0.152155759404505,0.121022480338942,-0.0233528955399451,0.72450437130247,0.139290607168964,0.448140750747414,0.0191688362534654,0.491315084598837,0.459622552468472,0.216625485327341,0.0454378769652168,-0.0644957074475259,-0.0522583677619546,-0.0726187639366217,-0.220422670474972,0.162242122483264,0.151871093943584,0.134332613143504,0.221925210739551,-0.185394715437573,-0.238107430570926,-0.242181158219167,-0.142841470981738,-0.127840222947288,-0.165989343403072,-0.252141103384607,-0.213327646500226,0.00531046105592778,0.00520620942858013,-0.00807516052335069,0.0732186557199584,0.358196630469378,0.135824485711099,0.344238152753213,0.0397921784329104,0.556616655233169,0.452498258146693,-0.0659232836652974,0.347194638876994,0.107654062161238,0.36628930163727,0.394218839802677,0.0265762962362307,0.487741277335449,-0.459524081078707,-0.188154790045135,-0.0708326693204122,0.172470903060098,-0.0464726697493251,0.0906164830362656,0.151126495268094,0.0143999089445723,0.220558844055255,0.281820307094227,0.0222262183712663,-0.0388590046852111,-0.379940189499513,0.292572755798412,-0.281463569256889,0.0177777218001728,-0.32115460299955,-0.153622304567155,-0.129475679128176,0.210274304982661,0.421579477885313,0.228159463091573,0.0208277391298544,0.804871202449084,0.35531545425818,-0.202203686725092,0.429168212007697,-0.179508598198783,-0.212489557057299,0.383953902586493,-0.256828928534371,0.319288863307205,-0.00631849050048652,-0.0356916264682256,0.08392404252932,0.0150441793136274,0.272202445390729,0.605816807194826,0.116089874290354,-0.0849423634036481,0.443234729506551,0.0304471990571359,-0.28176174384267,-0.605986800149614,-0.418421137035837,0.172121750653714,-0.0730118533848807,0.148525066380376,0.180947177982043,0.517652096369532,0.334924336151644,0.225584655761954,-0.114692060025337,0.513142147907741,0.180837929221597,0.394703430186876,0.470476724506258,0.547658687083288,0.516155448374851,-0.544136114266182,-0.321793055710312,0.355172524960165,0.168905293520866,0.499071870461543,0.232143264700119,0.219785000537588,0.0801301583507465,0.126805464674632,-0.158458842131688,NA,0.707174196490357,0.388670002601913,0.324518593058429,0.596118327498305,0.502113165727553,0.536321135705697,0.724486366023744,0.912791973624883,0.266891080395087,0.072825673240496,-0.135637618672936,0.130336589399821,-0.178990286839209,0.721381584495327,0.0116910301657746,0.186205995829249,0.0371673321575176,0.402856591410824,0.518970480518962,0.316906593439326,0.490258295630708,0.137912405323285,0.228780680972977,0.394713112775934,0.115939771023771,-0.0202098946903774,-0.19125300165138,-0.0689973279529849,0.443391026231935,0.652342485640835,-0.216538712792356,-0.244805274236085,-0.38836937644704,-0.232969722931639,0.374979008548328,0.155122171142872,0.356281913254654,-0.290326038687008,0.0524583665918354,0.0472441496463936,-0.0946792890770386,0.764326241887435,0.641394301982739,0.251327915866272,0.423476056295813,0.532954229514206,0.376329083443503,0.0795509955983915,0.475117267489018,-0.223441241227157,-0.521130965212272,-0.326056960371599,0.163360637494919,-0.122008546936593,0.868553671672136,0.447028591909062,0.176647553701782,0.543748522707522,0.343586487885205,0.469399488568657,0.704015935673429,0.050599368812168,0.0537508514215413,-0.0802721033690606,0.114788875939576,0.157229596655433,0.0163052679426182,-0.23163667133029,-0.0918841391943294,-0.288411849733278,-0.435380097659038,-0.170421924288665,0.0628069370150668,-0.334929339082079,-0.0242341432755892,-0.212432867022752,0.156126334079323,-0.258945847925379,-0.137851089971546,-0.237300719504277,0.229318429380738,0.223099299984163,0.47984573289896,0.232513466470635,0.244155121242007,0.229643452576753,-0.0246514967052121,0.213854284586796,0.545960637929596,0.51192761800932,0.148663570716323,0.0266334570294951,0.118620737561666,0.284210563870988,0.108566988322032,-0.0326680784871313,-0.0236492687471392,0.20877792625517,0.187634623271849,0.0414931134153082,0.258843037780696,0.121752371801834,0.0882353116139335,0.0330337301681409,0.141636391334921,-0.292681963376902,0.0134757483334029,0.135878551257705,0.0723546434824399,-0.160034528658838,-0.211136365261848,-0.069811294026005,-0.129049473866128,-0.0525391704552657,-0.00583234580285851,-0.270957415640449,-0.174370588032516,-0.246957491410051,-0.393803117319789,0.0954700345377475,0.298288350100856,0.141860117685018,0.167721528439882,0.0276966178597067,-0.318840006230542,-0.302305065789647,-0.331870134492233,-0.258922060604768,-0.180806811332118,-0.00396468059500912,-0.0225087795696786,-0.0431970139503904,0.356447966754337,0.112178414060255,-0.206240217471012,0.0774726656292144,-0.057289928269102,-0.41623320945835,-0.0276133294966875,-0.029680102697611,-0.0022131130640197,-0.229833819124621,-0.172514478667564,-0.172363699515223,0.034189843275034,0.331913369415324,0.310875842330829,0.263877282897941,0.359085448638724,-0.34882570151184,-0.237929691604998,0.363743169195937,0.296941910288778,0.0419284955616649,-0.190942590661552,-0.382486354858323,-0.329479496575048,-0.217824032430217,-0.0359036750020497,0.2619333744052,0.294843725707809,0.343741522998205,0.12010223593645,-0.247904344018823,0.0623651566743731
-0.237305481670144,0.660884473590277,0.445289498047072,-0.148850327073301,0.296750513369704,-0.185084187793829,0.00716790643618476,0.451275593271259,0.0316329370243769,0.338948039066208,-0.117655613341021,-0.0144015207953058,0.293955924773953,0.207868879431594,-0.0622962709610837,0.129876083968431,0.481139450667684,-0.170693864346779,-0.0962143782032889,0.370138998916812,0.595443181309909,0.616060067311816,0.306245623910609,-0.141610342144852,-0.0632641819104082,-0.273964489781362,0.371155982770261,0.0641477241710806,-0.109380825016143,0.335378702798235,0.524443759475474,0.418224763345181,0.260107831161838,0.52977324470839,0.446888971417773,0.552501175384298,0.642042296780986,0.557847362748907,0.38317685341073,0.0493552483684699,0.661088081841074,0.211777823939561,0.036820085354059,-0.163277029739307,0.44365335636748,0.187334963381129,0.368477699544089,0.362615176900552,0.48064393321406,0.66366683635424,0.230871225940289,-0.0514371077645117,0.13923516654233,0.491426535319726,0.628766280604059,0.744515287391696,0.540284321132338,0.603398139944651,0.138440352367711,0.239922757209254,0.192548102157719,-0.0868802534231382,0.0133254552803412,0.202348893047927,0.392945556173388,0.257051118290613,0.24626184610249,0.353990021662314,0.481805022506623,0.288869412147925,-0.154040272007653,-0.124202876710179,-0.196492316713826,-0.0543797666427914,-0.101059784660913,0.172832617679508,0.398246772373276,0.0209648909658951,-0.122311727453472,-0.0504258248835772,0.369185727400006,0.172799326572264,0.0671790133753896,0.0693755811840482,-0.138157830602772,-0.175951932825867,0.687649725704384,0.438699850733714,0.155143207205298,0.596847592221168,0.134215169000619,0.038309293800227,0.409293706981279,-0.344925947323134,-0.351804133364591,-0.145654552071724,0.148986711871097,-0.0355463557240482,0.449755471092046,0.186124003269014,0.445918700849223,-0.105631211945401,0.471469928515664,0.647093961615571,0.376521651998884,0.321082523751691,-0.0393000516341918,0.0233879003484831,0.0591766921332955,-0.0483163996745402,0.319897669503129,0.347431715650542,0.0911375776438116,-0.0406285475761556,-0.287703707064974,-0.415177816335592,-0.213768543326627,-0.206340339480225,-0.0506645141167668,-0.0543057272022754,-0.215340719549771,-0.169762098549622,0.0470823830915945,-0.273971188292517,-0.203535681594059,-0.119746753306467,-0.021229155097093,-0.0739126489919671,-0.118585409501453,-0.072427883713137,0.360791874359779,0.41884141381583,-0.197598664469208,0.194504430689117,-0.0410990762277988,0.202858201422548,0.322856953285567,0.154427013604114,0.289806579125092,-0.312504872822041,-0.177106651878714,-0.20598934000621,-0.101435448254631,-0.235981590767582,-0.174593305521781,-0.10651579018019,-0.145920328901142,-0.0236994349163297,0.0104439275849853,-0.136040618301001,-0.197086270322016,-0.237088144936208,0.271221815223556,-0.105892908425706,0.122264211623262,-0.366379680556136,-0.169830808998184,0.0511828443704159,0.0545904047762184,0.364229459250657,0.0993888206912286,-0.32597910011823,0.804286886666396,0.24579870995387,-0.331123072798132,0.542550133865146,-0.171683142244313,-0.0812561902646654,0.263837907996368,-0.431322714722268,0.155701832470527,-0.217485305658027,-0.171443358348158,-0.0588441253866018,0.276669488082464,0.389863822710581,0.510085658573263,-0.0401439627479225,0.0873040881293133,0.426330384229666,0.107602288237593,-0.298062204688821,-0.388906048146109,-0.431841466797344,0.409159373065997,-0.270539233050997,0.279220803344608,0.152899083437823,0.298514898752607,0.472887625366259,0.197047295053053,0.0742266892568429,0.35804244502663,0.239413343572657,0.258062668558771,0.439449665013162,0.674096023752818,0.472332610595785,-0.431212976600266,-0.396244639049716,0.310359324121107,0.252585277930586,0.68401083021012,0.312444701297784,0.325684389527067,0.0641835625851873,0.180012832791777,-0.1495887094317,0.707174196490357,NA,0.618247063424938,0.0979795566581589,0.482223101249414,0.199395756713862,0.619975465078388,0.511323729609791,0.714770191411322,0.126698088490771,-0.0218882000679209,-0.464271861363046,-0.223821937937211,-0.430488835756453,0.694571328776571,0.107789189231031,-0.0153428745504894,0.0222618852073733,0.242800911686786,0.215001383914033,-0.0311226286922073,0.374874533362672,-0.0859927301493587,0.0576520602381284,0.248975742506116,0.272712580647388,0.178012529311205,-0.205599538558081,-0.200643191407283,0.35135523720567,0.503773289919501,-0.329889093809446,-0.251924494458473,-0.333244547377019,-0.22439649820307,0.318854222987031,0.33465150980438,0.437705143880185,-0.378088395188487,0.0678121479229787,-0.0427377375607731,-0.0348482479768422,0.75412417728219,0.637600969844518,0.212512613127827,0.450053164986735,0.634105382003051,0.45597519710104,0.0632761723538671,0.40400171699127,-0.402740396611274,-0.380422839690438,-0.215911040514404,0.110807155820581,0.0166736124876694,0.573386214397136,0.411254911567839,-0.131986583372818,0.145195225566933,0.324324584138669,0.429244587625355,0.455286824227527,0.199000530079298,-0.0630583163371803,-0.0223063267889366,0.198235090349201,0.184898917604916,-0.201064672602851,-0.252192230798489,-0.405583348298581,-0.351719376075029,-0.423620019674424,-0.27139356916709,0.289995288274369,-0.231772719141754,-0.10987897059369,-0.162813436791032,0.0119732572395206,-0.504656970818432,-0.306239343422875,-0.447004635898773,-0.0265459131532493,0.0150968362992793,-0.0138262217332332,0.228815087279186,0.17430974780475,0.0654143729956864,-0.163071918548185,0.0889031201651796,0.375010786965452,0.261399220384766,0.31274240119359,0.00348856949231346,0.20083889195502,0.279031961904152,0.13342281008347,0.0197338149471328,-0.0726209425216705,0.359282093245348,0.337379712612018,0.185383203815876,0.25353783225571,-0.0388048476850491,0.157025436824969,-0.221860187354728,0.147908595665109,-0.470392740516259,-0.259824110629369,0.00135143011577168,0.0186258062703878,-0.436899321156928,-0.256992737367517,-0.395964050115739,-0.384173224679297,-0.308688822358974,-0.242164223243191,-0.37161952956177,-0.331337937151493,-0.366634801891729,-0.51976911433044,0.257015448278824,0.345939191017179,-0.193320063385319,-0.131759590853622,-0.185652890119661,-0.130906345437612,0.0877633463473964,-0.185539928320334,-0.0121528893801873,0.0716217028161004,0.172538254786735,-0.259784238143689,0.0378897570929859,0.178719533285611,-0.162069862859626,0.0825608947715782,0.173601452292829,0.12519191069668,-0.101347206898278,-0.176637659027585,-0.218662750166442,-0.132602176157763,-0.365302610633778,-0.33195879865358,-0.219896997181396,-0.208685717921988,0.195300316082776,0.220944562226203,0.186040914657794,0.383725412861183,-0.41012702575461,-0.278211871781296,0.237083621718241,0.291911832727041,-0.202559142805355,-0.241100778815156,-0.42758502858243,-0.158244376192232,-0.253134603490307,-0.215766970371722,0.162671708598471,0.262609113350477,0.464170838940798,0.426338809927902,0.109682982036319,0.212795207733576
-0.159963622625952,0.343407640112745,0.172482820965948,-0.299797022543947,0.403429230632991,-0.171049955578871,-0.137457087651633,0.155712867412435,0.125074918775953,0.0438214886867866,0.0249529434305941,-0.0644945810549431,0.269650321688214,0.122560090182343,0.198609203870352,0.133014293125614,0.364488249590783,0.139256943514718,-0.161827144889876,0.252614729094006,0.168808927780016,0.224576618142905,0.0178315624382721,-0.000745884338916501,-0.12117773259528,-0.362523411751554,0.138931352333741,-0.107934279194969,-0.0591969148829889,0.00289139689260752,0.168877278179201,0.117731338368634,0.182203784209351,-0.0119354627481953,-0.0145766887515765,0.144830388511305,0.0735935391262969,0.159239191696244,0.0742405155764964,-0.056510563637614,0.208026065963461,-0.0191601685090653,-0.100026771967614,-0.115443340012749,0.126950806951493,-0.141214319930639,0.0204204087159267,0.0222609644082037,0.0823172512726557,0.408566017085854,0.229037976583317,0.0260750650216796,0.117682221416986,0.33374966796199,0.710478173377462,0.649279745079135,0.229341652792192,0.380486393324505,-0.150235764016123,0.119039566622832,0.133878440294305,-0.128090208349426,-0.326164065358456,-0.0865855316189785,0.263119512919865,0.186735248152157,0.0193729912926371,0.101075711634282,0.270176143827189,0.184757577249388,-0.127141321318883,-0.0431339460965478,-0.0630270636513286,-0.0601231867375746,-0.0973170290332406,0.0741666682098253,-0.00616603554813384,-0.0229088715020847,-0.201166904634205,0.108877451840257,0.223341406687198,0.0674382793803611,0.0812270295531454,0.187225935509686,-0.0853221601623304,-0.126128654775922,0.648457615740281,0.481680347262245,-0.0190449257258358,0.209723150939881,0.0290010151002575,0.123096023822567,0.220394023631248,-0.148536042398151,-0.230409676591901,-0.0222562586471469,0.481645447021699,0.28856900343939,0.437000509590861,0.469625597758542,0.309096778800147,-0.282687076095422,0.212769125602772,0.37463114110881,0.20457201755376,0.24264834988004,-0.0966906948498409,-0.283020975108449,-0.0509632996227192,-0.0661055960510706,-0.0203830717993834,0.144812102359956,0.0484728111964571,0.11683132222385,0.235635440557137,-0.219748170108667,-0.263578244045348,-0.142657392931658,-0.0073717298981716,-0.0740686326974921,0.179432581589797,0.0414309443275165,0.0789463128252821,-0.0151342416929947,0.0225922690713909,-0.185611254212308,-0.0283163322546429,-0.225440952743236,-0.129445460458063,-0.125323730004142,0.0373037296158371,0.230905156940934,-0.258646361484035,0.0581979998023048,-0.0200207570253184,-0.0176747092833851,0.13779258952397,0.244120501014937,0.234405653730216,-0.083304024940914,0.015646680595417,-0.236868423390389,-0.0753049214949333,-0.00610076555904229,-0.179322372476598,-0.118713498529832,-0.218032698980254,0.079447640656556,-0.102251999949668,-0.138006560138246,-0.0387030547468291,-0.0795096326641578,-0.124110976860254,-0.139171134856542,-0.117327899375289,-0.138960611002167,-0.0694948127826554,0.0410744976482894,0.0980612391153795,0.0565844729390491,0.095669283284028,-0.071720700499855,0.327261010211568,-0.0759157344021247,-0.246820116379338,0.470378097591203,0.00993958398780028,0.0739861171878202,0.0836362223231343,-0.00804168212697043,-0.13532499258432,-0.0221470662847827,-0.118421940812259,0.0789602799272807,0.38611295782323,0.27518057428457,0.109839584555869,0.077997676555679,0.304927236193216,0.122146605636303,0.209216622725733,0.110047380148459,-0.00166788214436261,-0.212330494397384,0.144614678781343,-0.297902591619363,-0.0461224437206909,0.0450979537242221,0.223349088155424,0.119514286996833,-0.0399709892611057,-0.253648164467087,0.0889658607455134,0.0448780958802543,0.10221834594797,0.044314719881233,0.222136642452488,0.546674629662027,-0.0812745317824165,-0.0477209335219466,0.0961587613106656,-0.119387114842442,0.493070350033948,0.186654232119873,-0.0844094177539973,-0.145135111223536,-0.130164284611358,-0.174120849523057,0.388670002601913,0.618247063424938,NA,0.0868168128388675,0.364967693757209,0.0687347699068519,0.396007488125787,0.272495715873592,0.665993076176282,0.219888452150421,-0.0654968165653302,-0.161141549653556,-0.224362442644028,-0.255123735711278,0.266327046938645,0.0889114433598219,-0.079919622687909,-0.0326593023836153,0.108584930280446,0.208223628636016,0.00652227351398367,-0.0203524045550867,-0.334703991082249,0.00374304661549594,-0.0741784989064782,0.245031330292322,0.199043857072624,0.0719715539919124,0.0250276088803709,0.0117288191460128,0.0561980333351062,-0.22876783512486,-0.10473976026503,-0.114514470002875,-0.011846602724628,0.0754557193175119,0.0857347352657108,0.127844756620267,-0.137863202200007,-0.152740857978533,-0.0211054895596246,-0.20006736196939,0.837704780969237,0.81652727274307,0.627407039480019,0.395618866427521,0.256070936740498,0.369717727929373,0.292981849202473,0.698404626136844,0.00582869804368304,-0.18367560147349,-0.0336506078028172,0.372614845158141,0.338431690733733,0.564810462205268,0.687433464447296,0.126752886062293,0.201402720254436,0.0165928110499858,-0.0146309008624545,0.125394550432981,0.182985148484288,-0.0417930158422642,0.411488933961947,-0.127179174479613,0.118294626554326,-0.024427853562094,-0.108058201017847,-0.163968695817668,-0.101633271531792,-0.131042790926464,-0.200887317499927,0.117356181775952,-0.179299197374216,-0.137859053656232,0.0734803346439405,-0.00699567569402412,-0.128756438626242,-0.00103568532422905,-0.156471106694027,-0.0821204448253328,-0.17952523330773,-0.206542676696363,-0.0822649725969048,0.0468762655464579,-0.0321992478350479,0.00449349683865074,0.0143892335587937,0.188877335897424,0.0828067103259523,0.119213896805241,-0.441701981606831,0.00411685126419553,0.0708971006646296,0.205377010114735,-0.270477230130021,0.0919612165330997,0.340317661808052,0.224702431277362,0.0953596006382198,0.150180223921705,0.141884437579874,0.154947208785083,0.00194171796573772,0.342369318852234,-0.207434864206412,-0.206950343298659,-0.245978936112818,-0.0901519592767023,-0.147462187557787,-0.206830498974765,-0.388340454588533,-0.25467259342321,-0.0703934341645383,-0.390275474715368,-0.264949416377055,-0.0907826197535949,0.0370408258601332,-0.15322897654209,0.456399731618468,0.0211700144644161,-0.248807358632656,0.00413742290842246,-0.261011668650737,-0.258621349618775,-0.271765809847197,-0.193584866331538,-0.221995299450782,-0.095122396224383,-0.0279520725729393,-0.196249720768339,-0.0625944103547685,0.172780911592923,-0.0989497955896004,-0.0659018934674473,-0.130919748401824,0.0395921492074857,-0.00117658524149529,-0.116398370181594,-0.137881559843264,-0.168633063991175,-0.202803705046342,-0.339317546606435,-0.0960711148146573,-0.126220274945469,0.145637043664415,0.080090601671175,0.160949062947056,0.12676438233363,-0.0051720450302034,-0.293576698274305,0.0605336742291774,-0.254706756240146,-0.148661641388816,-0.202085237556317,-0.0511791912469046,-0.136205883576122,-0.23092532787812,-0.116020682351514,0.114462784329416,-0.0746599777926903,0.239045787196166,0.115824084396486,0.15880211624961,-0.0295176208175323
0.40788421578249,0.288981186232741,0.621243746332184,-0.0359423682772293,-0.0946378470793891,0.221172289854964,-0.199631582481923,0.298622796898104,0.446508975373973,0.136150346661998,-0.0375048348204502,-0.0283107646309557,0.259007320472596,0.219317712506584,-0.33778647662727,0.280184864352331,0.153307190269057,0.00399506859227465,-0.136065983312074,0.358293806971057,0.152504481909424,-0.0021480752889663,-0.0668507644093591,-0.108680452939959,0.0630653036853826,-0.0400069319827199,-0.25666725616466,-0.332659081180534,-0.310934816046556,-0.0963685010177714,0.321291985767162,0.288750486760473,0.293192731373623,-0.0862266176901076,0.226310560961351,0.240229852553977,0.0442617908468027,0.200482849972574,-0.173387642067846,-0.431721144592461,-0.109694530703533,0.00955749912703272,-0.0164923818969403,0.267173859956882,0.158893621477164,0.391629477885717,0.196270783974196,-0.265873447759455,0.0304698310208517,0.216918230387615,-0.00211526337133262,-0.137143799812763,1.62397640922632,-0.0607918620715173,0.110881143188132,-0.00431677423253431,0.438810821923069,0.0747501760455163,0.0123131486801035,-0.253884735831239,0.160226957308378,0.198278713499104,-0.360335875978099,-0.373475831067993,0.331686272216037,0.29106514493995,0.213281028662142,0.359952997545758,0.218358632106174,0.399638444465421,0.0356249653240618,-0.213697240550825,0.118488419137686,-0.325120706664988,0.0836935516519109,-0.283270793025901,0.4889386500961,-0.0633802928414573,-0.123369002417967,-0.169413739428696,-0.196264907406024,-0.354773289169251,-0.464552797124767,-0.548712356197181,-0.184669166119763,0.0662366730848257,0.140111060846145,0.18954968781446,0.255629970795533,0.324130317065272,0.117814838696268,0.218215159781656,0.195450904988311,0.339570649356533,0.468950299724132,0.297597806121299,-0.228621866782114,-0.270134758561584,0.456972573531241,0.0416335116075844,0.384871288033026,0.25871322263359,0.0339291329060359,-0.0236644410913976,0.0142843589415994,-0.271760156896112,0.0640038220420501,0.13150104546137,0.0615067511016481,-0.202026376195868,-0.157409976404165,-0.320826384471619,0.178963957974688,0.496734215720779,-0.0761113489499326,-0.123097884880772,-0.161334067033113,-0.242548165305912,-0.0218955151117986,-0.272235606307955,0.141182429398054,0.0766584798497818,-0.0170398635256145,0.184172120911999,0.0486631804585662,0.00583949342156645,0.179778899843923,0.41451312240103,-0.00181538052799582,-0.0632726689209315,0.159289026656736,0.0244311980642264,0.183698711787168,0.0851702293235635,-0.184534218092236,0.0940359560613416,0.0976592146455706,-0.0922493656688659,-0.0299134432114357,-0.615322490494301,-0.322751737647427,-0.0291437098568955,-0.0587488756469369,0.209916189099469,0.29140165047281,0.379756087087022,-0.0741702250629723,0.500361731635624,0.215424359825448,0.180402930245723,0.346754972664118,-0.277137614433824,-0.190141136205302,0.206475764439031,-0.0890034906514367,0.264677089339081,0.252571551988673,-0.19657928426215,-0.187297398534742,0.00329305333875887,0.134767721725542,0.444988804247498,0.328810026229538,0.914712968568322,-0.0342089150697197,0.207011031811882,-0.309643187009566,-0.538892398223324,0.0324991102782196,0.241586153602196,0.379217131051388,-0.0123029882236084,-0.127720896116961,0.252605011950446,-0.0347008384802949,0.355303830957899,0.46860190028519,-0.00559202144471766,-0.0976526202091493,0.0799092905294628,-0.201600053111972,-0.172047026591937,-0.374935742016531,-0.182047811926719,0.0978703942260045,0.145418917878372,-0.192159904363722,0.124335978409797,0.371755837727547,0.289366932775415,0.212453305932994,-0.177093236861736,0.449351292353318,0.0416922698558953,0.210166013984103,0.106567120794139,0.381385053140977,-0.0748911272719962,0.0221937136648289,0.140652673228876,0.389133452364649,0.127914831763558,-0.0377458157315302,0.0366342013965627,0.0349732341253135,-0.0344392479729806,-0.359409201506029,-0.00126470710342376,0.324518593058429,0.0979795566581589,0.0868168128388675,NA,0.453118063282308,0.323213075672723,-0.0933894945450654,0.379041567164341,0.446026907612451,0.240652507362147,-0.469324934232714,0.213829788593225,0.111074927968455,0.0355467662518918,0.282599548270935,0.111728077364726,0.162210333709456,-0.00110911336098274,0.420330229128951,0.344316727398976,0.0833062137136059,0.215486378373478,0.34466605909654,0.176233800934194,0.331042331132434,0.0343047615311798,0.0142416725440875,-0.493926867717766,-0.137044060491611,0.170671153732113,0.237692848920577,-0.162406247299173,-0.122862239051361,-0.423991247879611,-0.443367239722995,0.812402723898768,-0.318934292254179,-0.00705133892145874,-0.420116768830878,-0.414771486477075,-0.374832765351401,-0.610605894699209,0.18871442495758,0.376735969476135,0.272702492338683,0.14432776546942,0.356959456875238,0.186590773471053,0.258493722311281,0.186314627251346,0.375055849016585,-0.147290288746816,0.048050329242831,-0.0628361894375023,-0.327212819202547,0.516453275627812,0.018693150095377,0.279046533800344,0.247062146024315,0.669108759844865,0.28285475841594,0.374155642729992,-0.257889595503702,-0.276867162782455,-0.32394525948443,-0.193728686163744,-0.453339888780877,0.145777378792917,-0.176773375185012,0.27744204034996,-0.0957419212372872,-0.216417050514325,-0.0921440604629425,-0.066570877305547,-0.654780734231365,-0.33062745922269,-0.00942699239328496,-0.0410368593729116,-0.222572555631455,0.00419523181009434,0.177980409135538,0.175073353130815,0.226322129616267,0.146286796939759,-0.0451378959624921,0.052209362406395,0.357340591030269,-0.00846656271001491,0.316155390995905,0.152008551602269,-0.0421232068408809,0.316499868625254,-0.390700417753461,0.176235316451307,0.0935253406874937,-0.000406488568026903,-0.231014526500174,-0.310586731798567,0.100023436676992,0.0580603404373237,-0.147988454788804,0.18648169063966,0.542205782518936,0.394689169741198,-0.117219504410289,0.139269167002935,0.142135594755594,0.115570875592376,-0.0870600214792783,-0.23595190601799,0.117587413616329,0.0212697750385602,-0.01392667492784,0.145298035447607,0.267681909143778,-0.183146387950963,0.104442827775361,-0.0614155312822772,-0.0126042021496298,-0.206140581226805,0.0703408752344465,-0.160150740175795,0.0127009072334953,-0.277189359643292,-0.10285502056005,-0.444633967262822,-0.448753700812022,-0.477447799206604,-0.347740964968538,-0.421969753239649,-0.444544398119576,-0.199404235736897,-0.0791034178104566,0.275364757915987,0.276722320503192,0.197135071962723,0.00758425642748934,-0.472745574555884,-0.543815334863212,-0.117841216864519,0.00170333444931746,0.160117936284526,0.0453331498819683,0.172581205817539,-0.341131366285561,-0.194446952314911,-0.0639271604495614,-0.0224044480625825,0.0206479376737441,0.105851420355486,0.0954175924104047,0.0773070349468125,0.373078493738292,0.0107347718402374,-0.152861055186621,-0.189093046900741,-0.311932117120345,-0.190600081093698,-0.449795902345997,-0.391525629676074,-0.0399990564689151,0.0930096998955213,-0.00280273629228387,-0.075792981844727,-0.443145086348408,-0.0241699839479136
0.344275648052384,0.666041087093013,0.35334289337441,0.199373422560917,0.0547007086253651,0.189364952605474,-0.00592137745465463,0.396147119656616,0.164642191945191,0.407873699286647,-0.207000497598231,0.183867099635809,0.353413959350079,0.142072780172746,-0.506290974087177,0.0370528467640039,-0.0509422936099849,0.0142060168166529,-0.0507853030571397,0.22571144571127,0.523339250493536,0.31618365693704,0.223011628792097,-0.154411568908186,0.0417621971324165,0.173107123004284,0.104683492111628,-0.0785890661990576,0.0586839871172478,0.116392634911455,0.656465827866943,0.590579379067943,0.532094923740641,0.286981258851838,0.423828481937373,0.711312844498282,0.476882005971912,0.6198760819328,0.471280305465609,-0.0132072878981895,0.400517139017665,-0.033389882732984,-0.145948145415954,0.278402395864136,0.396212629777661,0.32384263752106,0.741291007255803,0.151217337719742,0.149840484584755,0.574972614333913,-0.0336737839367687,-0.141494583781914,0.402272949253094,0.309469218003568,0.361077459254408,0.512476126442652,0.704164623571415,0.301297680525164,0.225671063027934,0.0619614092809537,0.452401368551968,0.261915999156616,-0.182358424033119,-0.00586312516284674,0.614285050578275,0.290135203908804,0.406007056647087,0.273428856764428,0.335110087240297,0.542660297065962,-0.0673225857413817,-0.347802554042354,-0.0599777650370966,-0.116782596767597,0.11938554822081,-0.122487013145037,0.295820920511216,-0.0181957009468065,-0.223359672567626,-0.0244469122424247,0.0487421699675916,-0.351712512100289,-0.310504235806198,-0.395253618972053,-0.245132821403463,-0.0429433669845923,0.346884488146516,0.304254260356935,0.331744010221062,0.43002539719051,-0.0967939618525666,0.0467627069628914,0.376608101333619,0.0442941377185047,0.131020535998314,-0.031531405345603,-0.0113211593811263,-0.244933897559772,0.728189805907377,0.164316834870442,0.322238069165529,-0.169066650832246,0.247033712216971,0.106578541529697,0.104428323721617,-0.157761879253044,0.00601964455646743,0.282132398909453,0.0523581473971173,-0.182076422783601,0.0673364956126333,0.0032432704969173,0.142595631540454,0.414196119448508,0.0115938143686909,0.022857377820724,0.175099414874691,-0.0683774883292435,0.140950816002762,0.00723961689384488,-0.0171055967866009,-0.0967938465981046,0.0923109963313288,0.20661467475319,0.155430015597316,0.0145606041741679,0.218316816286005,0.273347769986247,-0.126617253606152,-0.00838286288282303,0.3114616903078,0.210864910345521,-0.0842097166159277,0.06145166237167,-0.172901158259691,0.466011926675994,0.240280412039102,-0.116351368439515,0.177452132259363,-0.626183889844293,-0.260313971086165,-0.0693105827799103,0.00432446901307966,0.171685372245173,0.28775650761742,0.318535937668345,0.0104571190428197,0.203044435951263,0.444412273762543,0.244017749834426,0.0899304091924642,0.0750573616637153,0.0811942450385707,0.0352092136682532,-0.134531822050191,-0.00549128479297082,0.0286904352246554,0.0320729250335193,-0.0584069557940055,0.167624654490073,0.389940693246799,0.21718712750895,0.537331460709271,0.258332291088738,0.118870060953183,0.361837092212387,-0.397967824037547,-0.320029158528687,0.218895822968672,-0.156768635429942,0.197661479790045,-0.227506245972579,0.161611063338716,0.247442575901407,-0.121650790613474,0.236040917361532,0.444607903166931,0.1944548146499,-0.0999799925316715,0.378575982233429,0.233058385603873,-0.0643841616433548,-0.425117353372406,0.00448826277415269,0.214354268321462,0.170190950480273,-0.097894897362409,0.146390637856879,0.331929535676549,0.53414282639047,0.41114875068677,-0.0868542753469453,0.523614393335989,0.503606998473343,0.546729995155343,0.056424743996297,0.469433440642966,0.0719593204443747,-0.18530588274777,-0.17947392317752,0.477033492307229,0.292263844085089,0.412897786668604,0.186397250321532,0.324196443862184,0.366575916133483,-0.196088136161711,-0.371047145352656,0.596118327498305,0.482223101249414,0.364967693757209,0.453118063282308,NA,0.653994837172161,0.508287713148209,0.676387561681282,0.795623069876961,0.380350050356915,-0.377790008737686,-0.0757150536513223,0.0390114197210487,-0.112559112348359,0.368758780625798,0.293228853682685,0.29482748978388,0.298354157685126,0.538454448766989,0.377730642655916,0.0327119130041195,0.273860798148487,0.199920623955768,0.539642501425983,0.619638007926594,0.248563852143277,-0.0216164453035201,-0.560071837262407,-0.208244191778478,0.371368007749507,0.292385306623666,-0.384856661137033,-0.344765722352319,-0.458579444440238,-0.498050650164531,0.500446371108588,-0.200007080991286,0.0788782358151461,-0.606338174114748,-0.334918302157926,-0.261759107226363,-0.313228152363777,0.452866646119603,0.407368533459371,0.116245562491733,0.245522036375003,0.553451710052728,0.34700191049245,-0.0138099072380775,0.27276450682516,-0.0871099259399185,-0.50536227552205,-0.229556460293713,-0.217532278801397,-0.244527538539961,0.752978856579189,0.158081627749539,0.147846207384736,0.310658092872823,0.246321300718217,0.184737910174489,0.725646723472028,-0.242604246323855,-0.208331771452984,-0.256893488218744,-0.184018023812441,-0.318800978531389,0.0588390568538568,-0.421270012382273,-0.0400211687685175,-0.0530694907404248,-0.24981931562398,0.0230523288850394,-0.220062495002748,-0.322398834748116,-0.203945897871673,-0.2192554734831,-0.0418405368229449,-0.0872309731690208,0.179304618347035,-0.159010961055939,0.265664465351671,0.22709040128299,0.0804081893224578,0.075767040797939,0.0578400479259427,0.0244857909103224,-0.13931262202925,0.136048854996801,0.266356089597325,0.159863038621721,0.0144504236412582,-0.168810781359172,0.178032390994757,-0.0623400105796263,-0.123006561723934,-0.280726774530439,-0.180907996227697,0.158409282930031,0.204711085179387,-0.113849666236335,0.331775022641468,0.443299413667372,0.0654500253735915,-0.012662290288019,0.142966008761223,-0.0311517964292155,0.295135605136454,0.291181077453171,-0.300743591310206,-0.169427761046783,-0.275673085760915,-0.0836832040888256,0.0643947596208625,0.216361830277702,0.04959604835674,0.0652809344403422,0.0541626309913833,-0.357808596699884,-0.531814932302565,0.254137302536676,0.0877918959635228,0.207192527471186,0.0706732042211599,-0.241116529515194,-0.433903763375036,-0.161937474804662,-0.446206212890351,-0.516048677760766,-0.337313385552552,-0.144203695391765,-0.449018471836255,-0.1780859359742,0.221059317465201,0.0744332057840164,-0.0835963370521557,-0.0187861043609338,-0.286992430870123,-0.56052446153926,-0.198373633246311,-0.219656861577549,0.010060625555887,-0.262720503385687,-0.00335249764094907,-0.300478462581402,-0.10299598158232,0.199555374139231,0.257207164874288,-0.0283610570142621,0.0938513765631222,-0.337508947110338,-0.110251812465165,0.362098825381839,0.124547945054283,-0.153953557541824,-0.179788324610811,-0.438921643293264,-0.24148678821661,-0.3018242771765,-0.212690011648419,0.285479518490404,0.264486582483928,-0.133551049968971,-0.0203496674595903,-0.14057284694457,-0.172395321531753
0.361194911099501,0.563706662584193,0.275347474560174,0.413166068318863,0.0579982986399893,0.216364572802485,-0.112494522565141,0.347848374935698,0.195669322567095,0.329852222335329,0.0278629449111163,0.222412795456512,0.385557648185193,0.223177732916483,-0.347198175715355,0.310719434565444,0.0397428670987314,0.0688049162683137,-0.145829480027428,0.285818808524577,0.376729834989396,0.0668775336837495,0.318836088939182,-0.0411410699601017,0.249657777594007,0.241007895154681,0.116105649886856,-0.0797059190159852,0.0387364043638359,0.0989198292531366,0.635361114396364,0.618997561175234,0.446045038189343,0.17597644565282,0.581468772591861,0.673882320003669,0.438172277511834,0.631471730707282,0.296940361001607,-0.117788704140574,0.16914061980438,-0.173994003679022,-0.259548497200588,0.460207170837684,0.392541965709388,0.343268459770752,0.681757465137488,0.117955611238022,0.150922023732976,0.44681017944862,-0.189811865176624,-0.139958540371021,0.322796953755353,0.113419811786231,0.138886012981924,0.240935402790604,0.769987015362914,0.309308377726933,0.273771845965633,-0.127919170241204,0.167220549205315,0.228599113010761,-0.0548847963466972,-0.0453331046629245,0.244408365291539,0.179411143195178,0.295379351581634,0.243025217126535,0.32157048957417,0.495484528540203,-0.0640363447005095,-0.397877144991562,0.143102806474298,-0.00734825156502893,0.235236846572308,-0.172569518108729,0.356026553041122,0.098315162992453,-0.0117202480084408,0.174252427571939,0.109158713048414,-0.266605267084162,-0.15743074183744,-0.304175757527616,-0.206282479318525,0.0735349091126861,0.214643604395162,0.138655754236126,0.175659329773551,0.4703645264513,-0.167020955767951,-0.0262863159927528,0.271508064079704,0.174628781818391,0.188640716758593,-0.130305119657514,-0.136776167732473,-0.214680616960681,0.369424587677616,0.0951742897489786,0.117915364884081,-0.194167026281016,0.236606152181322,-0.0827938256747642,0.0474406722347012,-0.361613346522003,0.138120614828271,0.380448716813452,0.0952685802244155,-0.356890994046089,0.0629524918391923,0.107362816118969,0.195192811340862,0.440858987632407,0.173159808986626,0.129542575645714,0.164333058191803,0.0647831058669924,0.11187572005141,0.0129493863328913,-0.0478453036831789,-0.0941265580936672,0.0522296314795032,0.34874150968775,0.165968556714016,0.11968424673917,0.316045563138,0.482429079079173,9.01825333558235e-05,0.0360874630739607,0.313051452141415,0.27854481686916,-0.175027857737686,0.208266869943903,-0.0855355574151171,0.48749733943411,0.28891902439428,-0.0572103064333894,0.0559848141949972,-0.516981373248255,-0.211350500183409,-0.0150616820183849,0.0565160559944832,0.224057989450349,0.606846853478492,0.513581561663772,0.0940849816563096,0.321679213492047,0.483352423437287,0.472646681426375,0.236260221734732,0.140889225097299,0.0167187748464081,-0.0317089291994915,-0.145719793060107,0.0274358831174346,0.0395137513689976,-0.0388111772353217,-0.0266188817837384,0.301791401439617,0.405935889510451,0.125202594853054,0.561879701902643,0.130239683836668,0.262710660750131,0.223960082288294,-0.485131123378058,-0.276396358370328,0.430422909961596,0.0117868185556578,0.335077386597443,-0.224921706117652,0.00248846057468429,0.237028351535324,-0.0108749924179512,0.320027907005161,0.573652575765291,0.210527869313313,-0.11252402135653,0.436051327788533,0.193738817316781,0.132453982185606,-0.379786843918086,0.0209188984157136,0.215568704194411,0.371441154331535,-0.0642068462330096,0.232303079261566,0.231784471683832,0.663063370882646,0.526277520055304,0.0349250120853783,0.711984905193519,0.651882768484507,0.653784874457148,0.153226409472945,0.382973057945905,0.0676868841261308,-0.310402804348973,-0.268778298277491,0.732104718764953,0.545307075666385,0.255134481724547,-0.0369483661556816,0.525198161757713,0.471164704023857,-0.195396246587918,-0.490226656598837,0.502113165727553,0.199395756713862,0.0687347699068519,0.323213075672722,0.653994837172161,NA,0.104138651751384,0.837455579553642,0.625220447766021,0.497585033948334,-0.266328353638081,-0.0795534501973603,-0.0639259004791479,-0.127605568795029,0.304912822175132,0.275916587028031,0.356767520856789,0.287089979785806,0.510296820258705,0.106510369961202,-0.0665191820982094,0.329381899861505,-0.0322028384527043,0.489743340377333,0.484927736508408,0.150581837619281,-0.222909192906471,-0.440480615155295,-0.0488768633532305,0.440962438631191,0.272741281868615,-0.256365675649164,-0.165384741207816,-0.227477597723872,-0.273470601921646,0.272183753772696,-0.113612483258533,0.173466206577978,-0.291218836172074,-0.180467610584232,0.0880557980737369,-0.311214471249152,0.196743535352452,0.219253634344187,-0.0800147036900567,0.119685494503292,0.503499322375225,0.311051661480911,-0.146640350020563,0.113663882403431,-0.0933624298246148,-0.441296370223175,-0.33920440129377,-0.44208717720012,-0.285083466671358,0.461507108443297,0.179801089413798,0.169982957841081,0.176768503371172,0.315980310330493,0.246235856701915,0.49470692460063,-0.250506315053865,-0.145630712399542,-0.412975305946146,0.0107343769965382,-0.227683491397208,-0.0259829717806485,-0.368245133058283,0.0554765044872416,0.0321340237423724,-0.329687662818002,0.0215439049875887,-0.218726571917944,-0.287160239989947,-0.0381738139530201,-0.293906640064761,0.0609849007140126,-0.0372639715947107,0.172623985347777,-0.0742330967272417,0.331285811622214,0.296130097653618,0.151212867935734,0.0830733133060099,-0.00603431470805755,0.0584062215492385,-0.198817096583568,0.0651648273324642,0.138688555801164,0.199674725846596,-0.0245678738404241,-0.0631627245214271,0.126470632951065,-0.013619686822518,-0.196501782007382,-0.24568849492243,-0.361007763328304,0.134210470470471,0.13841022487648,-0.191184962176804,0.233258342777711,0.346507335369218,-0.149525096156613,-0.0799934286274937,-0.0749333338301826,-0.0470706933010951,0.337909072336989,0.428600018388525,-0.379772596734749,-0.174742093100505,-0.28875226034305,0.0628197795714072,0.206412533528456,0.216775168513526,0.192967583605882,0.172137896567791,-0.0765755334288779,-0.474384892036047,-0.566475897350966,0.344397473324159,0.325203489024482,0.249663131509354,0.185059694082821,-0.145019628328073,-0.129400172847961,-0.0060028547818881,-0.184908678600049,-0.325358835156448,-0.447001326315098,-0.383971561693859,-0.145984896750915,-0.363894998932697,0.0926346225628265,0.11265886054276,-0.177356255250341,-0.217364107702586,-0.31379240809563,-0.402101595828854,-0.0499220756985873,-0.0261884350388865,0.17506566087782,-0.0999903319188847,0.238814641717758,-0.225219973685666,-0.0489684864389908,0.224209150429337,0.228428392681776,-0.0531273708528527,0.00212788134515819,-0.289523400938629,0.0026914325555281,0.191043686653578,0.0803525161335227,-0.113693652168088,-0.039007962243649,-0.313269066160115,-0.104819280682996,-0.0749663282053557,-0.168416212045422,0.194703618818604,0.129320786936089,0.0450088413956861,-0.065926217424308,-0.41666748770817,0.0577732049522637
-0.13687268339839,0.506579562259809,0.170097113153396,-0.0698214321820843,0.206113378834331,-0.116169418145601,0.0378656917192985,0.445924318073485,-0.197481072980985,0.541108003092389,-0.0666351112871499,-0.159804142462391,0.454427212206185,0.222923958351487,0.0694680644013385,0.0142838402274079,0.167112420416275,0.0582513175513008,-0.0358504123599443,0.205038618343287,0.271298054031899,0.591310031154107,0.176684183854783,-0.254912850777763,-0.201981593402321,-0.200590025094015,0.194348624240477,0.0404267951461668,0.0490611584244383,0.145930110083835,0.253906331536455,0.263210439425049,0.407431027322958,0.329891604692677,0.444630049717229,0.455820686817704,0.308332879769265,0.533168956289463,0.548808053283006,0.307903718495628,0.427188044838837,-0.035136861630982,0.0100850174145472,-0.130473813684165,0.404214862671305,-0.0346024962499456,0.372607730669535,0.217972952745605,0.278312344674876,0.465086028600963,-0.0260922738326343,-0.0888134507392951,-0.0425359976139493,0.624018181232351,0.453533067796008,0.604831905962934,0.331101148352885,0.483935739344883,0.17628024332192,0.486078883701323,0.403650700467239,0.0580476531329815,0.00659104988940803,0.311998076629973,0.475113066332141,0.176081427527351,0.14815413204832,0.0173097498339763,0.503649575198273,0.163125756366146,0.077022035245239,0.194205399643141,-0.0161817331845505,-0.0903721736902907,-0.025758392111083,0.210242364529054,0.344934213539366,-0.117804144197697,-0.166783898738526,-0.0670838753394089,0.256437460148606,0.0979460403826354,-0.00621153105500704,-0.0741116686322427,-0.0838723620016403,-0.191765648830561,0.335487823245471,0.152823183196025,0.0681068346343958,0.43459616175344,-0.00191177050072253,-0.146281451343467,0.181917079031662,-0.473404049617408,-0.306618667879957,-0.259087353764815,0.10603280137216,-0.194550462014097,0.456156603486328,0.00495545514284784,0.131982433576486,0.166673356490546,0.301810612445042,0.612806559322092,0.0329227410005291,0.235012488947511,-0.211593958184863,0.0600962987512824,-0.100956061187636,-0.0702849122873086,0.30034994658645,0.210993388247575,-0.139818863029998,-0.178730174211544,-0.137575558364458,-0.135043932517991,-0.022555126218578,-0.00179265411093403,0.00202821358252383,-0.118046537586249,-0.107043561000791,-0.285366366362035,-0.056615367582828,-0.154493196285962,0.0250595008183368,0.0254899985286441,0.096111937943643,-0.101429762915972,0.039311959803668,-0.0920166375334698,0.124167015046854,0.116010053394851,-0.0949559630314177,-0.0204017346035988,-0.00274277124924243,0.0696078504468238,0.395298454274121,0.188326014210773,0.0726494742710753,-0.312769598290694,-0.269234776594893,-0.123781766620569,0.0288590735668689,-0.0724366719121132,-0.0839786437003992,-0.0267389158713713,0.043734160867941,-0.230094213908239,0.0836814864619262,-0.122645593314023,-0.276138781650869,-0.129465401533787,0.163174188791753,-0.257264688640297,0.0445082560448276,-0.355057011797582,-0.225456817050847,-0.0895926783122715,0.116463257632571,0.25224630177364,0.313061940666222,-0.170902768617517,0.376532470074646,0.0369850804647181,-0.20208011727369,0.298181526460343,-0.128838847906177,-0.00902882915917817,0.154778475448725,-0.390146867220471,0.17383482013278,-0.0416887858301142,-0.0798422863054166,0.0687493690167694,0.192191101378986,0.307472793267513,0.278300377428593,0.029411729478791,-0.259657087079425,0.215335988834537,0.0105956696812635,-0.201176032460891,-0.183645240731358,-0.195497098948272,0.119618859153453,-0.237359114547717,0.202691866250485,-0.0443262267956863,0.146107945244546,0.243396096947014,0.375804794052616,0.130783062510331,0.314653180846199,0.161555931200738,0.206096886482947,0.202343841807557,0.333580380751837,0.306335500645863,-0.234739289809377,-0.319753447924515,0.148320559011467,0.0215693120438151,0.375944525545639,0.375554129686676,0.309622004413612,0.0798380924258025,0.281456289745167,-0.102742850127708,0.536321135705697,0.619975465078388,0.396007488125787,-0.0933894945450654,0.508287713148209,0.104138651751384,NA,0.42404801852842,0.503572667391624,0.0776730896037615,0.0562942780028862,-0.281626914000146,-0.00197254570926835,-0.241103186584372,0.388420424637814,0.0989599136089252,0.0145254628627625,0.189121315499941,0.219694892991019,0.322054429966081,0.093631815135184,0.321864040402572,0.0274689805647524,0.319572566738143,0.227664576767026,0.215841405403679,0.211654454308499,-0.104768053221686,0.0231883166630037,0.496019989669363,0.375437115043219,-0.171553359905492,-0.203054006115738,-0.179520279174921,-0.240210714688419,0.112519335480743,0.264837884179643,0.274973326639909,-0.286824951652011,0.105835823499408,0.108717025543167,0.273398132245699,0.439669015585584,0.204693507477028,-0.0473451810359024,0.18096916138968,0.505510058501521,0.300307024865485,0.0258106629220585,0.0831129253210051,-0.311473053998917,-0.398475685700083,-0.205612926465672,0.0706816713233742,-0.241575921597538,0.357121185530894,0.244542064501211,-0.0406443886115469,0.408417837651205,0.0242964842453127,0.36875668999379,0.502223753233517,0.22249363596194,0.0924156442356006,-0.0214404526942432,0.243131659340596,0.302226275747708,-0.0583254884214852,-0.167744376128147,-0.276398519643001,-0.119409510307789,-0.230223381959385,0.00110058037084288,0.0406919979162173,-0.121962858000722,-0.0275488256515227,-0.384511599240009,0.0407453314994936,-0.215356275686179,-0.123544984664837,-0.366714351285619,0.160736243350603,-0.051576779922727,0.0518083182608592,0.138857489102287,0.00840757130044066,-0.146824907418205,-0.123590530387891,0.184636385566012,0.148931066509244,0.11578688883013,0.0735468701972174,0.0454336545411671,0.13225719425704,0.00711035559094806,0.0642029093732248,-0.125047487828917,0.311824090573417,0.200889156181025,0.296174732109679,-0.196198732202191,0.190544438147353,0.0919268487853114,0.153174966566,0.00641845027638864,0.1091993914058,-0.252725960675026,-0.0893399595987255,0.131149785894288,0.133851294743248,-0.299668634638094,-0.149408305245965,-0.164807237162975,-0.0978537172883019,-0.209342419537043,-0.0207783198307288,-0.31830888523857,-0.0949648066610514,-0.27501102203513,-0.273963324741877,0.0053072931552775,0.23768459241154,0.0914703599448863,0.166448524362591,0.239315830980175,-0.283146617548198,-0.119484976446779,-0.240380095341874,-0.216016502432935,-0.0462177840435272,0.0564681091842266,-0.247776860534865,-0.108612847521105,0.0539706141052219,-0.0166092717621661,-0.243600865683841,0.209574174953718,0.0631245193602614,-0.378848886551819,-0.145217540280321,-0.350847014324364,-0.248408049794795,-0.412954712244064,-0.299155616903469,-0.248929879913552,-0.1994967514468,0.106625168969177,0.165933018850472,0.114850922722536,0.0974164326955279,-0.41310392715959,-0.242961544783168,0.0986113778821358,0.168846536143495,-0.0570751735906771,-0.346387103107881,-0.244937675395245,-0.0894131410127344,-0.27105722679039,-0.110009292199196,0.19170332824793,0.288647076464936,0.0590950141953205,0.148614346923466,-0.0412654855667205,-0.0465245550252953
0.169887012603538,0.76461858897092,0.67983998814003,0.0601171350201124,0.328106141583452,0.0728928730317978,-0.0677837360946196,0.602939038803867,0.165287254665209,0.407114386776569,0.195979056449935,-0.134915348879262,0.654992371168904,0.527612049721521,-0.0668513229515287,0.26716907144945,0.293603928161919,0.0227024866295462,-0.332648918338354,0.543792233030076,0.344151437403664,0.357325742965956,0.234067845164144,-0.0544520858784041,0.00526477450983026,-0.0445195711381219,-0.0158899511885071,-0.262130628510386,-0.12733573744794,0.189550870767851,0.805691420482846,0.610568685998359,0.631904281908001,0.242436077378132,0.804722628191105,1.01645745043561,0.444900101970036,1.02894383717561,0.40700307385823,-0.0563970576263732,0.244215185058883,-0.0877339000230713,-0.0797820308861626,0.249312806689903,0.813073294304291,0.181192778923062,0.630471558746035,0.0938886698682891,0.318449481097516,0.536798796572552,0.0188218843983666,-0.0772858573744584,0.455848721061536,0.439585190718056,0.404421122257995,0.514599336887751,0.589107934259405,0.807643511077606,0.505639678300231,0.057834920812358,0.185085146662221,0.104050718009632,-0.170970807935612,-0.0133736348169638,0.47312255708707,0.340160785182418,0.162514445114293,0.281695659455254,0.389628546037012,0.483983901284184,-0.0790876953984504,-0.309049256569242,0.162064522061343,-0.176656377021428,0.144444123331633,-0.226515509138725,0.50726290745281,0.121088559320014,-0.100873962835575,-0.00145706454643294,0.212888454165911,-0.210498740093725,-0.186776028293183,-0.347542843547772,-0.185527047040837,0.00790037764735457,0.491087543676669,0.263624838760115,0.121923251717159,0.61069719860835,0.0314757987572636,0.0681599567257182,0.264498337731142,-0.000990781108703293,0.151947029578463,0.0300466130963041,0.107505493768354,-0.0157050188702276,0.629627795959267,0.139095018727481,0.322844680638786,0.00998158300189891,0.198356545093621,0.225598601803071,0.0375035747873182,-0.0520273726133186,0.156484123269217,0.250042692702639,0.133574840591434,-0.121772772211281,0.0907689292288606,0.13841333077755,0.0722382050630262,0.418647267229675,-0.0429816518681949,-0.04731781785626,0.113421001457901,-0.0682328350126604,0.0798200055168277,0.0281206015187321,-0.100448000733246,0.0383444546886853,0.160758602838907,0.0381358009608567,0.129156291086279,0.042789982014535,0.22020856032688,0.403184738377289,0.0513523541843502,0.0207345494872508,0.43094345810824,0.498025474526717,-0.133841195881124,0.332953860940162,-0.105718037370016,0.407168424133113,0.560762814960366,0.20233778206439,0.322322594729674,-0.571699511700719,-0.10750771284175,0.0175829351604416,0.131248463463266,0.240749676652527,0.330426462307254,0.325131089916545,0.0654882799891266,0.198513258601339,0.372670014727586,0.218942714280078,0.161465878918726,-0.120459102153113,0.125414871046031,0.0564906244753156,0.0286687191748691,-0.110598104929538,0.0763435155640794,0.0111002582706389,0.0586417226250395,0.384011875111156,0.339054429479219,0.0512404278069212,0.706359641285276,0.252866545974221,-0.100839861553089,0.552932701939927,-0.294661736311917,-0.231639920901941,0.419387778162091,-0.122916984515796,0.19362868287739,-0.255093760762113,-0.12961100770142,0.466635438231537,0.348401838437163,0.61846185624078,0.791428730640533,0.0417900302157374,0.0122290952429546,0.238045599903436,-0.00249440908596485,-0.048298966283112,-0.456765980041192,-0.251926107370125,0.124173835333808,-0.0173979817468347,-0.0195669842176466,0.0389479103154448,0.334597918526869,0.759181511517943,0.644336409386914,-0.0315462077005556,0.763813977770381,0.543711655476193,0.784796020004081,0.158038086331468,0.896760413938118,0.307247153960249,-0.312455437625189,-0.0896907952499377,1.04284863324374,0.40052051169643,0.312463450642777,0.33236250560628,0.548234933135158,0.139011961024143,-0.0688258314833629,-0.192257357124701,0.724486366023744,0.511323729609791,0.272495715873592,0.37904156716434,0.676387561681282,0.837455579553642,0.42404801852842,NA,0.98753884572747,0.567407957026074,-0.32521135624376,-0.119539189736981,-0.165048745409652,-0.299919100569087,0.504843218060271,0.114732810328085,0.246010424175634,0.209939725946723,0.40456635781993,0.498965748842319,-0.0471254078682787,0.588163866375218,0.0792915412257372,0.50948491932791,0.307182865514635,0.224575407211114,-0.135210807337858,-0.331628893435603,-0.109542486235843,0.479330620756249,0.604998720321563,-0.166034726908605,-0.253241382932725,-0.288245528694663,-0.282563941930199,0.307566787724411,-0.0340287384371405,0.251140098057295,-0.276218443300128,-0.328060802582963,-0.205025664870088,-0.32664755946858,0.471213680763779,0.452753085950714,0.123187489467369,0.280604617404151,0.551199018950197,0.661538645537095,-0.00905024490722528,0.386057337874515,0.0696057207916816,-0.369449724591547,-0.209049807797969,-0.123041654793282,-0.163703487608253,0.668833771106522,0.442564399586423,0.0904697055024227,0.241088583026574,0.434754458674877,0.448174836530586,0.666295151299103,-0.108832196069855,-0.0605343886604818,-0.170322583487839,0.0686226733365408,-0.162400751595303,-0.0778935300203097,-0.215677790128084,-0.00574325064369629,0.0443501830454914,-0.318382554587157,0.0363068713311094,0.0306647757822323,-0.293841073909141,-0.173227941707728,-0.465916082285978,0.221960936495021,-0.133475414017159,0.131780665398393,-0.191492761535887,0.348060381004639,0.167944315239385,0.245466754395824,0.22125163992682,0.111129301196039,0.173818159194823,-0.0578831618693388,0.149560073423943,0.422810482999945,0.466272391959221,0.140228078447345,-0.117097026573497,0.256476906659183,0.187071527852788,-0.0103695429867933,-0.265822681931084,-0.195666393260064,0.503185885028853,0.342483803424857,0.000330637829613599,0.422567548910148,0.427424471025188,0.11976562445395,0.0232427788880131,0.059908911384691,-0.0938294478897223,-0.0120950371904375,0.0419716850900786,-0.1018680689122,-0.0282131789350589,-0.157041594510023,-0.10634190906816,0.158620703999879,0.110108873723101,-0.146159648790473,0.0124117600494009,-0.140714872248691,-0.249823661927366,-0.418256893790034,0.297523490329265,0.308527450391269,0.22819620796216,0.0628961288788088,-0.102871653921728,-0.522057537378525,-0.32156535803578,-0.46064011555876,-0.367186687416297,-0.334248994775474,-0.293735405743984,-0.32666430468566,-0.275820549148296,0.277641720484608,0.220428735591414,-0.129201164531416,-0.0224337289613453,-0.248704153456101,-0.431085198162263,-0.173396041172351,-0.0166542960023942,0.0859709776797865,-0.217471994493337,-0.00941041638373853,-0.254845108063788,-0.0801532461194572,0.353941268831111,0.44474849378277,0.281887165259623,0.292855602597445,-0.179219120793895,-0.0526292278246294,0.38479344058627,0.300700522764015,-0.0499471672484731,-0.213826253867458,-0.365692276290717,-0.101568865441849,-0.18627406216836,-0.31194828286647,0.239877348353726,0.261243696621181,0.179050354515228,0.274647261730028,-0.489831996153133,-9.55021251955566e-05
-0.0343175224832861,0.808921686946443,0.588844498959887,-0.0506797290210039,0.179453328614264,-0.056018065415092,-0.209009534319699,0.456063736633107,0.202119505109832,0.269712640979955,0.0719337719059884,-0.130388040736954,0.42507422248128,0.300529230374351,-0.151430875319853,0.229009001291991,0.28688010399766,-0.0814765344730145,-0.356445624442407,0.371838731418689,0.399969052153791,0.419598183463528,0.198168626520708,-0.178537271149859,-0.10242625538423,-0.222302294710948,0.0407729275912704,-0.274280744060525,-0.22263053770745,0.107198289392703,0.568522334898059,0.625668551314308,0.474192708269087,0.234814146576704,0.444388553029877,0.692519901486347,0.418455971325388,0.627040627023874,0.374169622792179,-0.12712529415127,0.460559552474707,-0.0411333205301163,-0.119643971397629,0.110141663775571,0.378281172208011,0.166790964631579,0.364088609799782,0.112895142749173,0.304140805765981,0.828875087783205,0.0835082025331741,-0.150267363225714,0.464367919103214,0.485801713442274,0.697041475580881,0.697206297551288,0.672202421665179,0.718398721967799,0.148021713354403,0.135687101757946,-0.00334502965616708,-0.00132023909208191,-0.183343170839456,0.03040488872003,0.347162297784565,0.426896487032886,0.184349904605243,0.406287154730903,0.377289086385447,0.349266982254676,-0.149595028252659,-0.219558728999392,0.0633679969810209,-0.145582872775069,0.0115515400991825,-0.103696503569783,0.518630675738652,-0.00600350836769723,-0.0939625233374201,-0.061918778413591,0.22057314913407,-0.0979173932224896,-0.235928790341167,-0.230464283818963,-0.269280309532021,-0.107649260821736,0.552809644778565,0.271248259014348,0.0334043647659861,0.536965165730239,0.055928885273706,0.0338742303181053,0.20124644505878,-0.117479906994734,-0.109262018039394,-0.0967610546888811,0.10147540971615,-0.119235792015727,0.70487242812743,0.28260005807674,0.364395593944876,-0.0323388464506723,0.360676842512876,0.466430531841727,0.296780418008866,0.0561299451145972,-0.00924820247540747,0.0385886096414475,-0.0362171525593977,-0.167803410294837,0.0591669602886626,0.160746244352827,0.0349394660359912,0.255050947824744,-0.0465235333144319,-0.192733938254121,-0.0528765180603269,-0.104403677088724,-0.030248293115796,-0.0947951353000661,-0.042391756022075,-0.109956289778849,0.110659169105138,-0.0323890054806623,0.0630493627788057,-0.0922003799570962,0.201098239429065,0.142691945583774,-0.0850401873280883,-0.132494756403282,0.241025142968173,0.315832424230012,-0.147064526748141,0.262728910416079,-0.108701765694914,0.108768295652801,0.322036724938623,0.0742102849056867,0.160168694451496,-0.559708967941281,-0.358727458154402,-0.0928994015995165,-0.123083679917095,0.0656232640631636,0.157201568402174,0.196101219926035,-0.0715065372321542,0.190561257851504,0.204091025192505,0.0951015297423825,0.0769798099417773,-0.214879393982139,-0.00873270532740348,-0.0853904297363824,-0.0673389757115573,-0.135275393834569,-0.0497066696864807,-0.0322407192894026,-0.0192782614513562,0.396690327059424,0.274812177256736,-0.0537944879286644,0.75891460487529,0.298739134081771,-0.214772664512127,0.43563691086485,-0.290959749071419,-0.144820193258367,0.239149094747616,-0.118303297887211,0.231962918340936,-0.06752680998979,-0.208653817502524,0.129237016600435,0.237279275892459,0.476635385667244,0.566493654992453,0.0381992612285699,-0.116635838439413,0.378708637072945,0.091019789427748,-0.0818235869191641,-0.39201082872791,-0.345800926319684,0.274224340937451,-0.10695368644931,-0.0381780983604134,0.206965935777874,0.348953563643154,0.594452535937811,0.36732759209089,-0.232688514817184,0.556379955562741,0.278243887494854,0.570225886811733,0.364196093243713,0.659833410819663,0.391840382272823,-0.346628138058766,-0.222299521055056,0.527783284061136,0.280082514492912,0.510339349134336,0.21441462977579,0.312682067967138,0.140652953155765,-0.0797517046347257,-0.342088838987671,0.912791973624883,0.714770191411323,0.665993076176282,0.446026907612451,0.795623069876962,0.625220447766021,0.503572667391624,0.98753884572747,NA,0.548536287844159,-0.278863210149433,-0.27897916915201,-0.216885191939291,-0.468175829299201,0.729335263684764,0.213468177249843,0.119243899349196,0.163545539631979,0.413048549866679,0.382115909160868,-0.110742236312708,0.427665999376488,-0.0746832614006158,0.299353373718016,0.34297361550473,0.31080047173735,0.0158623511487529,-0.24127306150669,-0.207949460771829,0.44780706165742,0.418472902877253,-0.273641801328552,-0.312847812981586,-0.349005678733658,-0.323053242792071,0.354547293038844,0.116334479565504,0.286628386805444,-0.382683526861511,-0.202742979934002,-0.162941851708035,-0.344660190110994,0.709717007610768,0.687399337874995,0.139244697895302,0.232632739185816,0.621227602697487,0.418578630480733,0.00259110928562186,0.460751114844873,-0.0814116905170315,-0.489325680329443,-0.311550618694166,0.0252722994955257,-0.163777553786505,0.839605278263074,0.504847967240189,0.126765122817536,0.256812149861281,0.367457369029876,0.325465616041268,0.681054108129746,-0.0435916234966406,-0.0921749299542471,-0.0730713143776216,0.0589142105427113,-0.0992325622777629,-0.217319535691663,-0.204076138478898,-0.0545700267369862,-0.111261690077013,-0.392923990889895,-0.217696665986499,0.0422116351740947,-0.320867644111659,-0.209199041213719,-0.0675041093171606,0.041408813974648,-0.257941564892451,0.0402629506965363,-0.140772420477249,0.151227471764453,0.0769126345352921,0.134520928009765,-0.0139559552143365,0.0160576577288213,0.158864681917933,-0.0565502361921686,0.141665425964993,0.246646265698691,0.199120808571896,0.200610651771956,-0.208673102665629,0.204911078428535,0.127695821666021,-0.147313754645447,-0.237985031686947,-0.155445110941152,0.310053303371157,0.23177701729834,-0.131313935066828,0.259812231682683,0.262341024537014,0.181434733693826,-0.0747309324865161,0.128775002993346,-0.265311988144884,-0.0607191458279968,0.00364812374126799,-0.132001541151067,-0.209867085060963,-0.248062342416539,-0.300943080634082,-0.0718032611668933,0.00563756079169861,-0.251038849755789,-0.181785744146867,-0.195320023358987,-0.310507952558334,-0.53160722107876,0.304017041961022,0.226986496617428,-0.0395079281045999,-0.0952698569338681,-0.146997777539868,-0.358911504451739,-0.231143277136863,-0.362312210852559,-0.359118524826647,-0.211865470291185,-0.149034207877737,-0.15105748186225,-0.0544570921873493,0.305194941233855,0.00919687744819955,-0.102851716367331,-0.175515100900038,-0.284846668499209,-0.389285532563112,-0.18863707554106,-0.14014828101914,-0.0230554355641462,-0.245617618650244,-0.134397910775576,-0.16450599514872,-0.0848018327379946,0.273375906358016,0.34283816326056,0.17370503201893,0.261898379178544,-0.218842403920838,-0.120795497772874,0.421883207045044,0.14225819009739,-0.200368436499847,-0.246082460716912,-0.340650961216352,-0.105120729594633,-0.318123334846489,-0.232182594471956,0.314952317630874,0.325275976985905,0.23805502324125,0.205617727376806,-0.289276581063114,-0.0139832975028582
0.23014974526993,0.420346458960613,0.340365509959828,-0.0188955476411805,0.112989152282945,-0.135851835615602,-0.0629488828116682,0.0894932337562754,0.100506870381395,0.0502025998068725,0.144827116071379,0.111711928830522,0.249572502744365,0.171746056863772,-0.152547538316116,0.299629381073577,-0.0314856220831463,-0.072154743806578,-0.376372122671683,0.266684365656228,0.13475849292423,-0.0813249184295751,-0.0403973748520437,-0.0274204282344826,-0.0897791547150642,0.104098482144311,-0.328373416287672,-0.458476408621033,-0.223691511697334,0.0693915804418462,0.241137374450454,0.345514714783575,0.273138444716437,-0.0342887487458803,0.0822842326692855,0.366108098832779,0.196570341621581,0.309876511942308,0.146753519193631,-0.0329415117877175,0.0728413965415915,-0.027864597602645,-0.29144698433085,0.102987922670329,0.0938965994132776,0.136817160543972,0.270922018924352,-0.0403615008986714,-0.0140045326196699,0.416345849968144,-0.0376670676185818,-0.170495049742093,0.154887544367066,0.170686016421809,0.128467216472849,0.216689208074281,0.238751555783832,0.213477293029506,0.0482278470230748,-0.0234244965618306,0.0358467988465421,-0.0442942268407085,-0.252243889432804,-0.17940187447985,0.228672556908361,0.134708338697939,-0.0319853966610802,0.142669431417936,0.0752298394584725,0.23247247105634,-0.12123087398122,-0.325126112899613,0.12448231225051,0.11426149807536,0.118876103532848,-0.160544162493095,0.130884917464809,-0.0201376797271467,-0.0653494315551726,-0.126160895042582,-0.101456372518207,-0.341690164953228,-0.34127243087706,-0.193332821631723,-0.0313963684428315,0.0826805267868296,0.209255828015443,0.157641791486219,0.217092346678257,0.400085106768706,-0.0700438609615504,0.0505371222507953,0.259139273386372,0.00536576253586084,-0.0352133584794714,0.0541809378632375,0.100482902130321,-0.0264985430742252,0.242370199374805,0.154123746998464,0.102761311662287,-0.0498362968311618,-0.0769931791802576,0.0523350401068003,-0.0885873154528375,-0.207975004868398,0.0647339065035974,-0.125613086559568,0.0220663436136131,-0.156292303787158,-0.251918268220667,-0.0155858499520011,-0.00396720713935045,0.496267965852736,0.0754328253357464,-0.100772524801735,-0.0407492741059302,-0.100806849406025,0.0709226158778204,0.0782355744341634,-0.14561997317812,0.0090669773031924,-0.0870447632269717,0.152047979238892,0.0924749192903662,-0.266610072848768,0.0252113738867049,0.190867176448938,-0.212429300577246,-0.0384057911223295,0.0680748561214006,0.198820770414121,0.109215990849646,0.0709988745126608,-0.150190554318223,0.162267070306744,0.0861345946523802,-0.197586258719681,0.056743813747271,-0.275364061412542,-0.0943440676067562,0.0135167341022908,-0.152352538168745,0.219361219518791,0.161094108598974,0.0809865542715744,-0.0722901311488325,0.263793693009669,0.346060837177398,0.0976659122684832,0.189228577008921,-0.125783467244991,-0.192636054389253,0.129993005990639,-0.162057125518505,-0.0275857171753053,0.0285333627244553,0.0651606917556816,-0.244848080743274,0.0192112654277555,0.185076476540347,0.17299940352239,0.318121085909677,0.119745536038803,0.088970520617387,0.167565798179515,-0.181084319712501,-0.10802445234812,0.00310446726164658,-0.0536466961822191,0.0510685663887393,-0.124765582530393,0.00753473293471088,0.239236024002674,-0.0264176774831334,0.20105195107575,0.125090701314837,0.0543443529027686,-0.176155791994359,0.139247218464315,-0.0402544701306046,0.147324734020733,-0.268029951658246,-0.121510221946156,-0.0376619741707639,0.232016813670844,-0.317408744795628,-0.317364387469984,0.0997360065748382,0.316550974565895,0.258831725156286,-0.297540904449819,0.21735432325377,0.176026531574839,0.310334109619313,-0.135710708713103,0.33379836806963,0.187204019180954,0.0804350109711886,-0.00193786053415828,0.563005254949587,0.061672900798444,0.387342126139529,0.0153498510092137,0.286818126353922,0.0481313297546335,-0.226056934260337,-0.168519430182013,0.266891080395087,0.126698088490771,0.219888452150421,0.240652507362146,0.380350050356915,0.497585033948334,0.0776730896037615,0.567407957026074,0.54853628784416,NA,-0.31657850646069,-0.0910199078898509,-0.317897760301038,-0.231849856978132,0.0567881207190451,0.270014905877428,0.0581344593852606,0.319463659733076,0.21009024620449,0.0471061447716345,-0.309994490628392,-0.092126554517651,-0.268997435341922,0.244967107293139,0.192546302769997,0.0913683676639403,-0.175604446266534,-0.0315578643515754,0.0430269331915668,0.267929785701192,0.221642882916721,-0.290315068354272,-0.144983320381284,0.0404558582757511,-0.202410610746355,0.0725781152475147,-0.132734231807826,0.0417884688638632,-0.357315230756094,-0.364458809221413,-0.158670650437767,-0.621042655742261,0.161803683465559,0.241603082533594,0.0497232717991335,0.0407149468687445,0.375892688246372,0.279460293873611,-0.103454138087719,0.0321583426685433,0.0710940020948978,-0.12098127722509,-0.0667799686398518,-0.12215231051389,-0.0636846032071151,0.309488310861388,0.259806903884678,-0.0162033682603392,-0.00570533777479393,0.12826473471959,0.0558139637327686,0.404433541213404,-0.421071300574769,-0.14998345241419,-0.157201667650739,-0.17497434873556,-0.315153381331451,-0.0828363214838032,0.0332420833200327,0.207202135287141,0.061898420694615,-0.286857328105965,0.0310664318143328,0.00317425778454889,-0.219631582146939,-0.0807201403853641,-0.0516381048223749,-0.124288196168233,-0.0143567711117919,0.296343513277142,0.0475239523753951,0.0634540354938379,0.00617557421090908,-0.112066437402774,-0.1581778776871,0.115856561638297,0.147892699930373,-0.189918553023569,-0.0949113827207489,0.00741448753287758,0.0342873161263321,-0.0682412167923537,-0.319947460734508,0.0770783756533079,-0.015365521700955,-0.20639169408768,-0.223746125122443,-0.29832395719676,0.0511074650629788,-0.142734316310683,-0.137782366043172,0.248937488329948,0.407682071046984,-0.0397852660029645,-0.0590316034761307,-0.157855435064867,0.0451603735019101,0.0138963714024563,-0.142058125569132,-0.239219823663606,0.168207141976201,0.14414217024511,-0.0733967171241754,0.0862017341241385,0.157934423920834,-0.193695112509092,0.130252674084397,-0.234223635858178,-0.149295540386579,-0.167527303773287,0.258804095945461,-0.0792004842905602,-0.0287451918739919,-0.029157857567063,-0.192900380267927,-0.264128888613868,-0.196537910454069,-0.185101010011033,-0.179196518165543,-0.19741607822959,-0.199856359722503,-0.172476076824838,-0.341676164991376,0.117389954765504,0.0486041977194845,0.0424552343550675,-0.164125136849358,-0.294313546986796,-0.37983977890611,0.118976613766526,0.00917187807964502,0.142528984005782,0.0424342586802609,0.0910337441795114,0.0646406124209744,0.22858088383917,0.309246389976685,0.252596500541936,0.0496347603928629,0.0679225037793977,0.111274478789664,0.0328737685104372,0.124278333003624,-0.0248278136835288,-0.015074666765626,0.117311961871626,0.013653077511049,0.179501176457941,0.254999175529717,0.0827159706265043,0.190574653078651,0.0716369836430684,-0.0586815574585639,0.00573480241063701,-0.0757715828947938,-0.148788181526735
-0.477871097911548,-0.170254218172584,-0.126155780486706,-0.175584678121087,-0.0456866229407406,-0.00487447211892547,0.0779397985691704,0.0357563902090374,-0.290790556350866,0.061449300632655,-0.0343164613104962,0.014899844646237,-0.234970980545531,-0.435235391552408,0.170820224504573,-0.284894048109303,0.0732449306110496,-0.0668484434342551,0.208914512094033,-0.25411006241704,0.288293889918881,0.260622239391481,-0.11694804707722,-0.0973892424148591,0.00685431819547583,-0.241585748146999,0.329035281221985,0.245555990453569,-0.23263600485178,0.442794754897833,-0.384243830271704,-0.3097070139093,-0.473220160324418,0.271652798447786,-0.144389821400679,-0.233845271263283,0.0409709322930883,-0.126528431443481,-7.67556657200757e-05,0.158922634976097,0.1603345800004,0.430288201524306,0.146588338042483,-0.520684688027312,-0.217875096824855,-0.190187888502841,-0.223780709553723,0.284976311386552,0.470238281605893,-0.0281049957988336,-0.0183722468380806,0.237509046355877,-0.286370417250297,0.0887866914133469,0.138318850207259,-0.0175216016388052,-0.0509918943769469,0.0635863536563411,-0.178508532336755,0.447387638600416,-0.0141741694112313,0.211326564097914,0.873482893393368,0.485204876076197,-0.123578322264178,0.125540920741967,0.191802457664329,0.135416165877025,-0.00548957297337387,-0.231126932002169,0.189635419815451,0.30974615104408,0.143751678551195,0.149337372253714,-0.229667847603633,0.658660355921519,0.0397751504644012,0.0330563412938052,0.0497393871940093,0.0933182214441711,0.483393584888296,0.680973813846161,0.322476246311327,0.636275640203233,-0.069454721887972,-0.343386928851865,-0.0239891622853989,-0.162040592103095,-0.158507079566871,-0.043597294417789,0.3376172639808,0.163265314200264,0.216681623172322,-0.278260369270942,-0.538715700231508,-0.203791767075487,-0.0522803934196261,0.0131535702317008,-0.281488485286673,0.0129582580774514,0.131022692636307,0.12328875036024,0.453397361650492,0.247599835398827,0.473632068587642,0.354878147812952,-0.187321572093748,-0.236534717657878,-0.180961019558256,0.146946490831634,0.451171674159382,0.409782239849183,0.0319804528704656,-0.271031380644046,-0.0415863769364976,-0.286187114155165,-0.333657114389203,-0.136789172652132,-0.388826160544285,-0.117789690961535,-0.140497927277267,-0.149718898552592,-0.0196347767471524,-0.0659112459114518,-0.390191815911753,0.0572705186764461,-0.0128889700683593,-0.2535929380561,0.360517290821757,-0.124333494953072,0.158529825673225,0.0425563355865318,-0.107614707517732,0.26656575576214,0.377364079361244,-0.0471427150253134,0.0779290633021404,0.223490328979855,0.0828823077563475,0.181843213650109,0.177243810351807,-0.20154781489997,0.0214407533612214,-0.382060497646785,-0.454978456798351,-0.485843591494082,-0.0786802888361454,-0.322572513573509,-0.140325861458414,-0.524159204797473,-0.512874595165672,-0.286961727832744,0.394178187393466,-0.735148894586183,0.322733678675776,-0.313847111501904,-0.303057504064114,-0.195808233516591,0.38673147008849,0.322531573456414,0.0923546927801137,-0.343128298409813,-0.0439760874013802,-0.133693414598231,-0.172524384036854,-0.0855430841042084,0.628295608377235,0.337502213656755,0.120615813678472,-0.12158626863939,-0.0496745837449526,0.304742740131022,0.0516198522747131,-0.42148001233661,0.0394126513053954,-0.211140428650433,-0.201281837199619,0.0279023746188943,0.0125011221776188,0.344618661136156,-0.0591084212874033,-0.103023329654655,0.257920146164382,-0.125490736678629,0.0670147324178161,-0.345754776025596,0.610086123052561,0.317779965358023,0.308358433978146,-0.33555667703575,-0.417693029543391,-0.0709908965275198,-0.316530283069598,-0.211833727133226,-0.29661641029269,0.243707009988878,-0.0721985271398153,0.0490249838154678,-0.0551227831792343,-0.306865982700369,-0.384825398518144,0.00396086806510319,-0.130333268476121,-0.0737987887577637,-0.352710186905473,-0.067542343117728,0.793955216945404,0.098441133288076,0.072825673240496,-0.0218882000679209,-0.0654968165653302,-0.469324934232714,-0.377790008737686,-0.266328353638081,0.0562942780028862,-0.32521135624376,-0.278863210149433,-0.31657850646069,NA,-0.0304831168166888,0.31309319937582,0.243398267509616,0.247889496059001,-0.22513518375203,-0.0250403201893957,-0.208524219757425,-0.0418721370782849,0.0301194326805364,0.383848863514565,0.118614539885005,0.104510748878965,-0.324038870040788,0.0742948100604583,0.141158711190225,0.198079346607744,0.486246181167023,0.17625955559291,-0.0366741279963124,0.199488424354077,0.377850699725245,0.100773645407223,0.181305786014366,0.4041697576405,-0.086919887592652,0.603751007909735,0.344929446203711,0.287463074652954,0.883421885025463,0.74015881924935,0.746388687970137,0.0357885955394811,-0.0889528184882809,0.0930906105143834,0.285828206799212,-0.0287655959607837,-0.00261065272782861,0.286428484157188,0.0918673437746214,-0.341646110480652,0.162976131656346,0.0186933992963065,0.593998505350187,-0.0159913486443617,-0.21452009937744,-0.165912894840267,0.382186797603317,0.284072308098597,-0.132996263367226,0.142775587525306,-0.218689099766823,0.578451496078116,0.831490495289383,0.319531858960585,0.514992201431565,0.932441881654169,0.0280351885955515,0.26495981956384,-0.321517555211023,-0.466581594136557,0.0874680775013047,-0.314259919986483,0.233499626289315,0.311358769614471,0.393520586111473,0.108844962063228,0.116256935152598,-0.154494642272871,-0.369507417244721,-0.00197204303720549,-0.283987477317495,-0.0426717862519255,0.0981222311035352,0.22061476159345,-0.129100859816359,-0.183902367538826,-0.329437451864841,0.146994151690412,0.0586722664951957,0.232610916323296,-0.0287012353624075,0.494187939337064,-0.256759457961928,0.270933781817898,0.338529896304948,0.473102787773634,0.494627489078266,0.025059575469751,0.114646934879659,0.140309562102239,0.0885310320909637,-0.311734020827217,-0.162152574658313,-0.130079036716466,-0.00826500245655719,-0.413214557603504,-0.167693753361169,0.116756489430134,0.498322623084583,-0.26708107018931,0.182898447535955,0.0597354637390362,-0.539838400896327,-0.571315573391029,0.0647022820842061,-0.454829436119502,0.0194446381829745,0.126246086962234,0.234837120335916,-0.142512091230543,0.29410066438695,-0.102166456123266,0.226374788373251,0.179415135072415,0.356840913400424,0.211319834370108,0.171206113583988,0.0924909279354371,0.057382722607861,0.0666089504445006,0.144131646121107,0.165926179365248,-0.268505624372136,-0.275843291771662,-0.245380420569881,0.243568579859135,0.352230574266871,0.361836446361649,0.259293504298373,0.00404711860606307,-0.227609841712695,-0.0392403063889696,-0.328511193784055,0.172111123464348,0.185627609555989,-0.0319858394745756,0.0242727500816257,0.231799745578538,0.228551633313283,-0.0758242923521023,-0.284535711543582,0.0208176007718802,0.135296762006845,0.115427591835644,-0.10361487520422,0.385931606234253,-0.145789999349115,0.107273215852806,0.0931069939972916,0.0700801065610879,0.0714439406796252,0.281124841016759,0.0576847540576059,0.137338200964685,0.101407088566604
0.541921805368196,-0.347998664572097,-0.292605036166398,0.122175750033146,-0.16160789416277,0.892303797146296,-0.136902055927917,-0.14227234946678,0.20879903085017,-0.209147584001405,-0.061095574528192,-0.0855108191436323,-0.153118542445422,-0.143077032906349,-0.0102864751189598,-0.140127415064463,-0.265691274409387,0.188753731628537,-0.0754750868225724,-0.12560020106849,-0.387459328289428,-0.292672039734617,-0.114162657841198,0.284736347037164,0.406650910149814,0.227972493132929,-0.3374617336888,-0.247863033367903,0.048236249838436,-0.14906491286091,-0.3052960533377,-0.137051233649883,0.00796929423846302,-0.544159739168829,-0.0512739869973149,-0.168429545167419,-0.395454084418335,-0.111276664668648,-0.290923056372765,-0.620519395609263,-0.622247018926232,-0.216588901114115,0.124527416841232,0.420117123735358,-0.0234391184214358,-0.255607504701907,-0.19840972009006,-0.446707369218956,-0.42882762585644,-0.432906397678546,-0.0045660697282948,0.279210298131783,0.117963705511051,-0.3378358429137,-0.00879768282659099,-0.376057803908469,-0.271273172105059,-0.208384001487859,-0.0451879977472446,-0.00596265863718003,0.253939151806911,0.645814200263448,-0.160223327383832,-0.370189597390534,-0.132717209404415,-0.0888964950544076,0.0447681367951961,-0.00688456906239987,-0.0838962480387348,0.0189882929982647,0.120548858880279,0.124423216789473,0.0127105526908241,-0.155772603509623,0.271025193750029,-0.235039856917759,-0.0837561067609873,0.0444328913563222,-0.0275078499952784,0.136107935055683,-0.291261822509224,-0.390003037649722,-0.0944815302057602,-0.153708814209471,0.223812916048635,0.283775068819205,-0.196820471735086,-0.0355255859588152,-0.0809707597642122,-0.131683481387916,-0.0718540432935057,0.160802129270503,-0.13978417339692,0.788886315807005,0.733721452526474,0.602300954406376,-0.0148744584855847,-0.00538679609968081,-0.069702985638079,0.127852144182322,-0.0922740899364231,0.0183016673568151,-0.470477676240835,-0.456012648868913,-0.405189058815393,-0.381033370682314,0.269159053734377,0.106140600453307,-0.0385473459990701,-0.178430536310059,-0.532888150397275,-0.345583153953045,0.295403340214478,0.530740672379908,0.342306720191882,0.214112272573637,0.100973012539619,0.217537021094334,0.0617711402685705,-0.281523053242077,0.190723874207283,0.388760529333779,0.0125772190713809,0.370833833302348,0.0390434728628607,0.382275577389129,0.366285045578568,0.441088151103924,0.276760740515827,0.121909610987013,-0.0689957376814334,-0.108534796079161,0.169262728451612,0.0617086674986043,0.0917214909395514,0.076229601572776,-0.0952144008780902,0.0179531576112057,0.0557718010097872,0.0627627560392841,0.186298029735121,0.134092736434896,0.19705858042959,0.118496970172351,0.324469664885042,0.346190213801118,0.40514336890918,0.522062415976515,0.30618934366243,0.253655131003441,0.410289698018407,0.0107145017298068,-0.122443328832194,0.0254568187359409,-0.251221931772115,0.301560961537715,0.602203903493604,0.0388963348907392,0.3232120454355,-0.0752222702861741,0.0817395852193959,0.71814288566647,-0.41700827917025,0.0108500801817071,0.62914250371069,-0.205351925783895,0.368804038276678,-0.281401345166014,-0.00171898461904791,0.899564975661106,-0.297550429462629,-0.039596061035504,0.146576807109543,0.20321821509446,-0.197614049960638,-0.188241357358514,-0.172547047917866,-0.131903785224464,0.0817978815538087,-0.517108968053557,-0.280953725910302,0.320733103057554,0.110529992858842,0.371732889254462,-0.660781702348915,0.129239074968174,-0.338193187633121,-0.314032670029489,0.0918883014157344,-0.215361678799679,-0.0838323379995674,-0.0402834279209774,-0.0419853080642483,-0.0479846565548251,-0.0451506473782946,-0.610288985631179,-0.259114152904987,-0.312066843450223,0.244575563570364,0.928816035085987,-0.0596547254131167,-0.423094559178455,-0.600032526290079,-0.109293931374888,-0.308973238983842,-0.414936367566065,-0.207150890367273,0.597901090892036,-0.135637618672936,-0.464271861363046,-0.161141549653556,0.213829788593225,-0.0757150536513223,-0.0795534501973603,-0.281626914000146,-0.119539189736981,-0.27897916915201,-0.0910199078898509,-0.0304831168166888,NA,0.332502642154106,0.967089169681509,-0.474121825063653,-0.169208473371198,0.788436366706665,-0.0150722579848345,-0.00866648636569295,0.011864414388155,0.335278760381998,-0.0416263424926055,0.576268049429602,0.143875416086747,0.0551986936704899,-0.143052124755044,-0.116108917150718,0.081988397607179,0.584359461952347,-0.453359179815376,-0.259469914107913,0.302452042636517,0.411344483334467,0.401750030789619,0.148639661714221,0.163248533298299,-0.560297049312585,-0.502166528247135,0.194789106023798,-0.326542850705073,-0.00490104328332474,-0.131511148197723,-0.408080245249997,-0.0692901445433737,0.371996340557522,-0.0582415834098355,-0.269574983621315,-0.11681156518992,0.253994588804201,0.133156904583706,0.832051429687364,0.585398610865987,0.745521741556177,0.0790053133750588,-0.0682992268259863,-0.110290273694525,-0.206107538880826,0.471996701792751,0.0942404377941157,-0.0174634249471773,-0.134430158733278,-0.172341728313598,-0.413149115236802,-0.0665710913949887,0.151194392107897,-0.463697101748682,-0.244100168722683,0.635037063185352,0.396499138419151,0.748198096614504,0.0499825686861726,0.347437894560512,0.194126163841622,-0.271868785886826,0.00325081695192256,0.233495584790486,0.0631068929256715,0.138432391565286,0.216392224667439,0.111194861023532,0.83525008611137,0.306016181478314,0.657062470387805,0.327657062451996,-0.126790225516763,0.0889040032743117,0.16448377377521,0.172704297685443,0.0290474248003576,0.0163145909657267,-0.0891167975385352,-0.0258077099333389,-0.184647352541017,-0.0967446752627108,-0.117170184037355,0.381158947787299,-0.258532547698421,-0.0709653369565291,-0.0389329346616255,-0.0476266470752098,-0.155350079839286,-0.0381549007523397,0.216727690491001,-0.0881059673148098,0.0739016033337704,-0.0978908188345917,0.890269496527729,0.655006098938004,0.130279311128955,-0.0511295074698807,0.914605408585897,0.328521056333639,1.01088914554564,0.525147770796501,0.777777892748982,0.513560039889843,0.528977339748972,0.665473423697778,0.943794967785956,0.734483089617658,-0.0117075413388368,-0.0569587641834015,0.24767914713317,0.261781798432632,-0.064943138623085,-0.330440136609852,-0.445346151050992,0.023151669257921,-0.0559853519391299,-0.215438040749173,-0.176110326846686,0.0145941529666755,0.0472596825019175,-0.0543427703245177,0.0720075964687131,-0.0928657257407186,-0.0975291139028058,-0.0963179673418844,-0.0917352817850947,0.0247591612069364,0.636859320698551,0.516900736163091,0.708467331812195,0.43423076079255,-0.0409796070071028,0.169279708030922,-0.168072348773152,-0.210080350193633,-0.0608407377227361,-0.149929374818054,0.493795272209043,0.316880657267332,-0.250358589247746,-0.208472800450027,0.176386411327206,0.100665456107002,-0.0862593257218445,-0.111585588904062,0.0434799534010511,0.111446161039064,-0.240971737882332,-0.282499809884744,-0.287612549243435,-0.377219761735142,-0.128427120377372,-0.363490139807687
0.275702775088585,-0.188183574938416,-0.190042185516264,-0.0711649662195089,-0.230724322651285,0.271365314653493,-0.110558656182868,0.105682689344679,-0.153638285443557,0.017184723506365,-0.196995435527125,0.0505041802751479,0.0241200238588186,-0.208124395137628,-0.335231920720994,-0.476227245800149,-0.214050617406218,0.274534105168111,0.178804312567659,-0.133127697745408,0.071534971049458,-0.135681631643431,-0.40128704923283,-0.389272264729794,-0.127052707444828,0.0636951439587488,0.00558369031535351,-0.0274228204991659,0.0430600909330229,-0.064535481472573,-0.252690841934523,-0.153269682364518,-0.228120811560842,-0.228836757100197,0.0569759695053745,-0.255046624226904,-0.209675445565118,-0.0698365351650467,-0.211608873209193,-0.178073880559459,-0.181822394360825,0.166752971515724,-0.175016241795849,-0.168706700156383,-0.117141885625442,-0.133636731853601,-0.208533000644163,-0.0154214639816871,-0.0151927937201879,-0.11226389821461,-0.34665149785041,-0.204120178411492,0.117941323447582,-0.313373938364364,-0.19964464545421,-0.115536227560418,0.14910978215128,-0.109548462124657,-0.0961821389988388,-0.0865225494377235,0.230468171466279,0.784517025594667,0.135386359458003,0.038296241972692,0.0764357112507754,-0.148698691806878,0.219322622118721,-0.044084391699921,-0.132161279483978,0.067150907505232,0.265396462442801,0.0949166992800139,-0.0138931850696357,-0.315365529679173,-0.0505637975355335,0.29467751446537,0.0546850106943282,-0.281246084814643,-0.011776906820612,-0.0507352520420622,0.0963008032729283,0.0496734549828253,-0.0970749807181607,-0.0249083778915419,-0.00588306509697402,-0.077034650173037,-0.157096490328271,-0.209914109462911,0.360259397084624,-0.103757885200712,0.112628417999794,0.157856427877406,0.190082211568488,0.102188375393415,0.185267457118236,-0.141543298759061,-0.244566765415422,-0.156434702991006,-0.0540543249063011,-0.115443873016614,0.120683908465998,0.0459396703023142,0.0556519222237192,-0.182005796868152,-0.162057225992748,-0.412060932593198,-0.174514326808689,-0.178420524709808,-0.189841432465517,-0.349915450932221,0.116784275668368,-0.254820386969435,0.0301107809055423,0.0164339045928235,-0.143641216163208,0.112369131717614,0.00293540954829363,-0.106325595885697,-0.197134209202491,-0.297866271181804,-0.182955477717985,-0.332579683948684,-0.0493308213503669,0.107602404203087,-0.126630694587057,0.11632735344005,0.48401773721489,0.0244123559158858,0.409048206003741,0.238142075762536,0.166263564678128,-0.115366470146579,0.0390129671364198,0.321370773902882,0.118648197877196,0.0549950603252807,-0.0446420779111857,-0.0930369998138726,-0.000754595018138662,-0.216915389017914,-0.117642657062099,0.132973670256431,0.464785655892067,0.210212045402526,-0.0970728419995795,0.0292250134528192,-0.0743532415833812,0.0216845471276223,0.0418258616031723,-0.0819576779676866,-0.0733009838431635,-0.0109690954067839,0.202175020194559,-0.238438344425722,-0.00852962154262321,-0.175902941212131,-0.235476848758183,-0.145758878879925,0.315881086823475,-0.0661662340268239,-0.0351351704652489,0.380232236954827,-0.110962236907344,0.0393360077776191,0.0208737672816846,-0.212580353172813,0.010598934200457,-0.437038365426011,0.140050327742468,0.0660458473593366,0.0902554003447959,0.352344999559531,0.337403110522836,0.203738147893994,-0.335104512245113,-0.238854295016195,0.0469801642450366,0.258094256189982,-0.0201839479444572,0.081505368343165,-0.0868335007157434,-0.386160629900559,-0.0844748715906559,0.0366595756596581,-0.167879115349566,0.022828752112689,0.143918919807465,0.0420269404717318,0.548045194170918,-0.352394637099039,-0.229501176363992,0.118993619949426,0.000529889719417332,-0.218621200886841,-0.264343506531262,-0.137317165232,-0.328837466921755,-0.338727620160025,0.046477441168407,-0.151327642608512,-0.347340464224952,-0.107817811034416,-0.403702644999595,-0.146012298080822,-0.330246668467241,-0.0749669114081952,0.0275810049843805,0.0865241617490924,0.130336589399821,-0.223821937937211,-0.224362442644028,0.111074927968455,0.0390114197210487,-0.0639259004791479,-0.00197254570926835,-0.165048745409652,-0.216885191939291,-0.317897760301038,0.313093199375821,0.332502642154106,NA,0.602344653591557,0.00457940891930937,-0.290795143035,0.120211972556454,-0.360502978958678,-0.0469721869392989,0.260697699670581,0.806808457383774,0.104587892851048,0.56375883563105,-0.0521367709243493,0.0201628785050951,-0.109699704773749,-0.18771291467148,-0.259263189592054,-0.0911526242702203,0.0340808555453795,0.105870303669637,-0.105137588925412,0.020408706215529,-0.204387938513951,0.0447452530886703,0.252998040105987,-0.00387772374761454,-0.0102131033121486,0.0198425188063112,0.20688153326854,0.244809081323951,0.33027801511279,-0.113732006975822,-0.148311231143952,0.209823897399255,0.23319160340996,-0.181800801816467,-0.224976792182139,0.485563141566534,0.16845237085094,0.0744667267900405,-0.182665154957961,-0.0691270284018402,0.248833953209194,-0.306801145388252,0.0152621520981087,-0.239514668809312,0.520064502060871,0.855788410904256,-0.0797762587519323,0.0579991842839386,-0.0462080056232122,-0.00107688688421669,0.0808037084664181,-0.0569483096098166,-0.00384387763635661,0.217092395655541,0.639290862385337,-0.338591735385665,-0.030864721294141,-0.096428266549305,-0.155584734372645,0.0162047394711774,-0.301451980086312,0.00084103981266342,-0.146336239315265,-0.0489200881572647,0.189378619562437,-0.0948632987433153,-0.165197876571607,0.0399428125915998,0.464756519778224,0.260045936823139,0.576358072719166,0.306164584234552,0.193015292854467,0.180671842378423,0.184800926111203,0.316247566602826,0.0621445083015344,0.173546228403524,0.0909824534130474,0.0478466103326948,0.0953316643692037,0.0966417077623302,0.15276398913145,0.037183044823111,0.228014253576819,-0.15688484608,-0.056596070037693,-0.0226768882753795,-0.00194440535955709,0.293497016381271,0.18859226685292,0.145306533560904,-0.074186038016036,0.0659250766331601,0.229451232819217,0.159730543171968,-0.00703995047866835,0.00685559855747045,-0.208657646723893,0.33138042580269,0.0977324323587758,-0.0841583530538723,0.399369354245218,-0.145842004691377,0.148389732534281,0.0721455227778772,0.122428911727656,-0.0112875428773469,-0.172225121829009,0.422588664278347,0.0199198861062879,0.314734962233544,-0.0228125437288425,-0.158314626262027,-0.171478375200774,-0.130178449002409,-0.307964711991519,-0.184301170101283,0.015904144975337,-0.11440691972668,0.275013068498279,0.382365980280325,0.0359085078792117,0.136901234687644,-0.0970438456202,-0.212968146780613,-0.0217990359087168,0.00558514769481918,-0.0635362364506526,-0.0217634294839177,-0.0156808986593345,-0.12651553761069,0.0231259352068968,-0.0104469319437226,-0.0114312070617808,0.000263537847952083,-0.0957157130210652,-0.0433596236015906,-0.205983534946786,-0.0697148894852397,0.068647576524731,0.154912535280205,-0.24280617043336,0.011815518601442,-0.413876216217169,-0.0362855390358333,-0.163285071679681,0.0622877758539749,0.0511578008084909,-0.247355426565024,-0.588570342717583,-0.217334577386242,-0.0984227960448099
0.452672815327904,-0.456191350050745,-0.359704030431616,0.200789107647336,-0.176865375107243,0.761766570830801,-0.00857733639883273,-0.149864410932934,0.225406930703282,-0.17240545560477,-0.2037620850415,0.0360795638666522,-0.123244564100944,-0.184313530968772,0.0263176039951764,-0.173236913333246,-0.294827269976038,0.289694788204633,0.102956982713142,-0.166554647631754,-0.312154269962935,-0.310153996072532,-0.0633019420853153,0.378260226131902,0.393780760319287,0.408401074975496,-0.132741083657363,-0.10761024176514,0.176078062500051,-0.0474235821678113,-0.399057337198123,-0.187435029358494,-0.103373245149562,-0.46555571615526,-0.0973319485618321,-0.2412284663752,-0.369480034106588,-0.263611513331203,-0.259972952008984,-0.33445619390225,-0.49254853426702,-0.0358380365682368,0.192412399305239,0.253682007152689,-0.205843603367822,-0.228578965424626,-0.217513454533831,-0.396857108078671,-0.317615592130499,-0.541889708596407,0.108877512985692,0.334318316640115,-0.0222644871351863,-0.422391012225752,-0.174475845411646,-0.458481611519572,-0.239617562021948,-0.411283249515624,-0.0649734579216747,0.0211561180302275,0.367844342368938,0.711281010140752,0.144941822377647,-0.0920341030906198,-0.0179320170685232,-0.2069796532645,0.130278108973531,-0.111818261484562,-0.112170871245447,0.111421485503281,0.220826577500488,0.0486778934054516,-0.0281614844319692,0.185842241651298,0.426291364307711,-0.0956109857219989,-0.210448327861683,0.273059161735399,0.212805313889722,0.347690997228006,0.0179628841670515,-0.165556174351031,0.0630994108510623,0.110431470170945,0.439828685275816,0.416922106168276,-0.295863969656753,0.0341765290727699,0.0665012967630671,-0.111551008364366,-0.0188161078518612,0.269511882188889,0.0336047412877996,0.636812366604972,0.541845247488254,0.485865659950866,-0.0672132442340196,-0.0351155441999767,-0.203557804027474,0.249221590128263,-0.0409858866569837,-0.00125507304338573,-0.324261826572207,-0.466827680250755,-0.271948019395193,-0.215565088277103,0.324106410038024,0.152258693394233,0.199868407067815,-0.128968934349093,-0.228306106105281,-0.0540528628568745,0.542616072816264,0.305198693332565,0.23600229351239,0.256959116262877,0.107873686051528,0.218548389687266,0.238462187224455,-0.0235214285922897,0.228596567684816,0.259964115850332,0.148685015315295,0.302097617954944,0.0289235257188201,0.186919207184546,0.166583590478345,0.118957972290078,0.144268068222308,-0.00408724322943283,-0.0668647876905555,-0.239217808995162,0.105928219726654,0.103507547714898,0.158790404355033,0.0630770224164637,-0.0796422697503489,0.00506273394501817,-0.0966687033941694,0.170378595261866,0.217338974322115,-0.0324360348052037,0.143320729852338,0.113905370236989,0.1319042413035,0.232768266355503,0.387373509405581,0.349644482285789,0.280469010851928,0.15751139949091,0.284325002455828,0.0568558286351479,0.00325226669800124,-0.0404577363043519,-0.0706484182119225,0.371633862308743,0.420225074030602,0.13942843900759,0.323286969348207,-0.0852962666423147,0.0197013854676546,0.370735538795892,-0.445725258058119,-0.0266956014808181,0.609694577028346,-0.307442176941322,0.282026134911549,-0.170327724617858,-0.0349175737698451,0.577401716956755,-0.173123100059058,-0.00493640578491995,0.20485877842295,0.0935541008482723,-0.187882815209618,-0.267102040541832,-0.164059831826542,0.00547092498840099,0.0637117045674757,-0.317038217164264,-0.110736066114488,0.271084132525204,0.215714816664036,0.292785819977612,-0.521675541138209,0.131256392974635,-0.0897555945345655,-0.14331157460687,0.0807463239483762,-0.395224249694644,-0.13718047286825,0.196330472975842,-0.10259498905901,-0.088691889671487,-0.240713966313516,-0.499162359507024,-0.418131951533449,-0.48724983468348,0.256202409130613,0.417757190467332,-0.210863571830919,-0.336872804207209,-0.647300072734977,-0.135838286518107,-0.393199790877764,-0.274417098801229,-0.191394926618548,0.312678360001173,-0.178990286839209,-0.430488835756453,-0.255123735711278,0.0355467662518918,-0.112559112348359,-0.127605568795029,-0.241103186584372,-0.299919100569087,-0.468175829299201,-0.231849856978132,0.243398267509616,0.967089169681509,0.602344653591557,NA,-0.480819304212849,-0.0824485346672073,0.47289545779774,-0.0624374545737885,-0.0157832961010998,-0.044648068461903,0.559932032685136,-0.107943682628355,0.517955742435091,-0.069332847273945,0.115804752474808,-0.0991842290641331,-0.0295992828570536,0.198518794208696,0.622882641175366,-0.433633278153549,-0.229759097965696,0.249709787023535,0.620345591797235,0.525144801255379,0.278192514892251,0.193490032654117,-0.365049677104129,-0.388074146168647,0.237067664772755,-0.0585621548199088,0.242287750450746,0.172079837541233,-0.435660260772526,-0.271882677535396,0.309760303381849,-0.0138010352563449,-0.264236945403827,-0.144765265583077,0.251753710237102,-0.00305336749763545,0.36073692070084,0.505821206078222,0.62627932045544,0.126566904204111,-0.115811642931199,-0.251973545912369,-0.350176103106578,0.460904801557424,0.201965700549949,-0.0317645725263928,-0.155667255782011,-0.220460928467235,-0.0825965898132167,-0.0325313072556576,0.225821436372318,-0.22244956588456,0.0748209005299732,0.820864924415571,0.221319193035939,0.275537865965795,-0.0510082593043639,0.179658501036699,0.267036959790646,-0.239245506625736,0.228537265051124,0.363024186042933,0.05930253934962,0.0443810788196771,0.124591626081483,-0.019780583252084,0.525886259739236,0.153796653589252,0.386654359416729,0.145655147731068,-0.15977830552951,-0.0125190341884846,-0.000966259224724954,0.0409569839104914,0.0719870192103679,-0.133689876713301,-0.203075494839465,-0.132436590637688,-0.00543072276519057,-0.399581189806442,0.014828963628598,0.307248939270829,-0.148742959970056,-0.072491430968055,-0.124036572996577,-0.0195696914717208,-0.167453856152391,-0.035988690886839,0.211074111531009,-0.12705890468747,-0.00252149582285966,-0.193922956783689,0.416401773714702,0.387422322762383,0.219913093960364,-0.125275013997323,0.393580484942353,0.21193763490871,0.787374926535645,0.228032613837827,0.331622461812426,0.49829503324504,0.283319804398211,0.432611154715987,0.593597918801445,0.780845628762578,0.0690752353928697,-0.0326503147720806,0.201407779439772,0.189584582081206,0.0568801467901448,-0.120008161118199,-0.107329053703939,0.157854319942531,0.0247710065828894,-0.222214237414517,-0.129093470916318,0.0214484358281844,-0.0277309607215073,-0.199148988661872,0.0193598645254468,-0.0797140989880161,-0.0969841846444609,0.0362875918572382,0.0418507501790947,-0.00285902353806077,0.413544177261301,0.418367150407667,0.408904808941621,0.422163958475438,-0.0701277176118607,0.154003582511091,-0.240737867199365,-0.334023566107153,-0.0935403622011096,-0.1570371439459,0.224411659232159,0.327380465088636,-0.322613748494672,-0.0899416978632699,0.0163399256046827,-0.017190189078901,0.116451234958061,-0.10438067135356,0.111230887679168,-0.0147888338760968,-0.22403653588775,-0.283580299337099,-0.197528846756243,-0.579821334323738,-0.0745848251201361,-0.282267164882713
-0.363857549345361,0.593430903189263,0.603039643014045,-0.191299875860632,-0.066916708026407,-0.126389355901689,-0.268274682219279,0.526478464721939,-0.0275189428382405,0.47228331909717,0.0769065370123902,-0.214699422801948,0.16015339407501,0.0849263987597378,-0.215185972756822,0.107099855145243,0.392616977231135,-0.257687550901102,0.0191184571785956,0.266446492459224,0.729102406943046,0.626598795124549,0.0215462790799166,-0.431535866648187,-0.150976457338204,-0.438303463050692,0.354531415299038,0.0949113899723053,-0.40148798944791,0.491236068367816,0.52171954838968,0.369088190454208,0.195242530621325,0.682383336824501,0.518265467315501,0.519612161671148,0.642395923530608,0.58186282353899,0.342842004094276,0.0766940334231987,0.564276929368672,0.351547311535293,0.0450534845036629,-0.160612890906758,0.264426687189961,0.282788769343813,0.302163821536155,0.328840224845947,0.856812309277006,0.767030598453063,-0.069080706472516,-0.170541089719083,0.449019945090292,0.600776643924113,0.505045183087396,0.514507644551433,0.794665055544544,0.668001053802214,0.0916887761222627,0.318328457293828,-0.0573861827286131,-0.0127466415777578,0.29669774588883,0.393070833521602,0.228854365873029,0.660499633397605,0.412728998035969,0.703647099746082,0.415044392008455,0.217828537577229,0.109442923159049,0.0439750589099345,0.0992862574315788,-0.184695964572157,-0.297617848209039,0.384250357011796,0.654319217815719,-0.0777487430285722,-0.172511042463105,-0.180194437982197,0.60168862106537,0.373917724088362,-0.0863879792409063,0.0108499963844702,-0.380098898686127,-0.369955774371456,0.311982859449539,-0.0228640633791793,-0.0897844652876496,0.4792428371095,0.308189119166417,0.0456924766201688,0.240600504935759,-0.260091154368223,-0.368405709553411,-0.323186987155827,-0.215127825449866,-0.288163466453774,0.359834797925021,0.0389386268804761,0.60578148237284,0.227454654693498,1.03808003940685,0.829509643253082,0.840071493575399,0.231657342858648,-0.260163167743516,-0.0461980566014342,-0.196983924881933,0.000802904202432512,0.635605524865336,0.334395172581026,-0.0319826774987702,-0.0495907157061105,-0.279271810977806,-0.474267934841418,-0.23372190021657,-0.263064071643204,-0.347639563544603,-0.203189993106454,-0.263532779742187,-0.335095166048448,0.0880901596603541,-0.127629099668631,-0.267397443969991,-0.0406484887518518,0.148074723864433,0.0305927977257226,0.151716413855746,-0.0882919830583498,0.394595900998775,0.337587851566367,-0.130545854999354,0.437488994619726,0.0984785008613838,0.150220132497426,0.248025038684686,0.105065914354037,0.141346280672035,-0.497843538573997,-0.314684955693712,-0.0888128132209207,-0.0422401226063213,-0.204692002669063,-0.0509015531752859,-0.0575368071112952,-0.275603814288619,-0.0320919909303424,0.00952777869012982,-0.178027399914848,-0.213207322561001,-0.392065426197891,0.247956386389875,-0.347305781258581,0.239143231079822,-0.364142933747336,-0.356516083770969,-0.320409269244153,-0.0331974747326701,0.71274916371347,0.295054526773516,-0.305043001020058,0.729407583139414,0.489117734243486,-0.493065949285438,0.259407297866383,-0.16972993919404,0.0840162773591648,0.358430339281188,-0.297109303388408,0.388267576308546,0.124091896333766,-0.278285101419136,-0.148572197547367,0.185004259239349,0.349378230456974,0.53354038940039,0.0248335921429148,-0.118365421455439,0.809959899455962,0.0757868410911271,-0.541442321724017,-0.38387354045058,-0.579856104130812,0.561944871156711,-0.321076786670535,0.346368081306063,0.515536846477408,0.602043264907762,0.465675184528923,0.179265963428438,-0.179149412450271,0.456875620380927,0.13313651486188,0.330121250925793,0.747939038104188,0.769991856627427,0.328451236903966,-0.301059581251687,-0.586769131083156,0.284111665316816,0.541764481670897,0.321553108500825,0.143353038212342,0.256175241987475,0.204893330640799,0.368475576394674,-0.301117126425413,0.721381584495327,0.694571328776571,0.266327046938645,0.282599548270935,0.368758780625798,0.304912822175132,0.388420424637814,0.504843218060271,0.729335263684764,0.056788120719045,0.247889496059001,-0.474121825063653,0.00457940891930937,-0.480819304212849,NA,-0.035955023726126,-0.0178068233042331,-0.0319270892176757,0.445360019115334,0.427071852355384,0.0736837694060102,0.796391897482083,0.0907474061530517,0.0329992645619959,0.408051037786256,0.4791686817614,0.254378803648974,-0.239742856621703,-0.377761071118551,0.648706500708227,0.600979357308211,-0.0851542637431803,-0.356247278979848,-0.482675179904417,-0.300260074891309,0.513479128622307,0.680097323346266,0.727662891096148,-0.357145362041002,0.323181943680656,0.103112844581278,0.0939297764399278,0.610375909095129,0.405473887871686,0.00797818851979576,0.305954422797288,0.666437582810264,0.237832090870081,0.152573802852534,0.330227896162505,-0.357414455913956,-0.520315686397943,-0.412691940428545,0.240280559588421,-0.343824833682025,0.517596352862832,0.25852664196315,0.319936528075852,0.41398782572845,0.554371042229826,0.63698191019701,0.549678982949763,0.287929583176961,0.271315181603845,-0.123341508812511,0.621335858992989,0.329985071815891,-0.301311633345361,-0.202496694278582,-0.250465375479216,-0.386977547516402,-0.466053836539584,-0.408194255351595,0.376427909009955,-0.244008448263233,-0.138842945404459,-0.151507228756318,0.133757808863676,-0.46359651974664,-0.313975430023638,-0.295709701555522,-0.0139425421453588,0.0145552692832704,0.260073392029872,0.353757772003329,0.0439850274213235,0.0996136425196087,-0.305782448246472,0.430098450132641,0.316967296584204,0.354501204114765,0.445414583507366,0.128492482235544,0.398873295119312,0.460740768727953,0.161200347171938,0.2106108085902,0.165652894566216,0.17774607647971,0.277851044489882,0.0439979913392765,0.152512478615954,-0.0917462782502181,0.221545132465865,-0.327533738223248,0.20314325549557,-0.56922517068096,-0.207004528441328,0.0532825716275996,0.0741568342264282,-0.485684803033763,-0.192348164282024,-0.367060174683812,-0.376062924346567,-0.415433972146252,-0.239619521931017,-0.363777201681412,-0.368463520207311,-0.44696321633711,-0.613931149942083,0.199245143864013,0.421018037122608,-0.124440081182423,-0.133206773554206,0.0475667250524052,-0.0841891160195343,-0.00206654271364001,-0.300683065999385,-0.158500073890491,-0.118573220195866,-0.0998545917618434,-0.0967329797868507,0.177263830600401,0.202658911976741,0.0067691945552897,0.00943545259258634,0.224896259224687,-0.0450500836602964,-0.164909091325478,-0.0851142311332417,-0.161930917523,-0.146210017189151,-0.237845215799282,-0.250611769150269,-0.240820386159147,-0.217664316696745,0.194217519121537,0.331676084173974,0.305153903376616,0.496544168532337,-0.288296267312089,-0.319354648549326,0.681443921816415,0.375426929266111,-0.0122330693776409,-0.20618356631629,-0.22303323342036,-0.245685447802297,-0.390488623598027,-0.289494708732205,0.330948358446213,0.607172649758327,0.543946384918666,0.476630059128167,-0.139087699016431,0.144743931399123
0.182777341668816,0.224643776713572,-0.0196221112010667,0.0171783742203705,0.138369296736483,-0.0487364829594136,0.104029135761214,-0.0647046257005859,0.254178438156737,0.236038720362044,0.0102235442526033,0.182237949301675,0.1450944240346,0.223111339650308,-0.107918390857061,0.30864217602597,-0.071118082530029,0.0639226729157387,0.0204760639829299,-0.0336073380515928,-0.0486558871671474,-0.0553279574146444,0.0735145665131073,0.319746917104285,0.262563067097981,0.0398071530197147,-0.0100490312256735,-0.0236647290399772,0.031287405630741,-0.0927707400235689,0.214921891255837,-0.0122668827252059,0.135847754897575,0.0542183685107586,-0.0907951294411498,0.278354198255237,0.0649292393949056,-0.157464866219718,0.166999607066114,0.0119044770927927,-0.0400919737116414,-0.0396183642438689,0.0380222475551333,0.181242010790257,0.0512000801237053,0.268266534636328,0.229274660547092,0.0721326413932476,-0.228989594587011,0.101408147396938,0.262733621368336,0.0943807515628037,0.0240052476860787,0.0237304266604574,-0.000512668369017804,-0.0565288176272262,0.103146925913614,-0.0878230397547589,-0.171553311269941,0.0136257113468125,0.121826081188948,-0.0282497562823909,-0.172971671050005,-0.040064155211948,0.245584958996918,0.0782865748791254,0.185715114480426,-0.0696927033897823,-0.0252741982842719,0.177512625030301,0.196930477558217,-0.0997978422863895,0.122411115185475,0.320186291205904,0.244445480678326,-0.268692115392987,-0.0515844104229044,0.189075888317512,-0.00115408616068197,0.110367053906512,-0.0422037853495741,-0.322290386011375,-0.0566312541426362,-0.0775104021886422,0.23919212685878,0.191841176436666,0.13579873218146,0.416659853677138,0.203312793255503,0.104360792220163,-0.0374632592849491,0.196572768787425,0.124386683685822,0.0952478427526322,0.120331252518308,0.0940052428195115,0.116749195327338,-0.0972833719326559,0.218900039937673,0.235857194876932,-0.00534181839996165,0.0267684669283936,0.0730381450493861,-0.0149887817208633,0.0357599785645727,0.0257401304404493,0.21645899808785,0.0794700332566568,0.226155258474503,0.194107427043224,-0.112890533629628,0.017606281924083,0.0856151894920177,0.224292986288194,-0.0466556637897988,0.270277564294914,0.352717534382957,0.197752151772655,0.61564060262153,0.358346243916204,0.0299258491672528,0.190729689958748,0.0536650794985993,0.147647109034559,0.393045215632762,-0.32314465972066,-0.066515935249692,-0.159061195862965,-0.251742008338433,0.0941345911734322,-0.0468093680256372,-0.130881851714852,-0.119306331073264,-0.282399306687278,0.00697577581161464,0.129440577344786,0.0493920143833096,-0.222829881770171,-0.105543472578827,0.00330517434625247,-0.190387674655771,0.122736186484128,-0.0969348646862878,0.179994139694991,0.110631802631056,0.167314946955591,-0.131103329685688,0.0151185549947963,0.244555340137039,0.273669508642529,0.264209344023046,0.130206911934431,-0.179497778502373,0.159731363204275,-0.108384050667386,0.322875081068212,0.0945762415261263,-0.0569511603306488,-0.0161579368415572,-0.0693402582390442,0.22553170862846,0.0273544523662616,0.183013214557635,-0.0368750621607011,0.101207552540887,0.0956102580592744,-0.376110141082893,-0.0654131049336445,0.00965825130866442,-0.0676983193585391,0.372729153509994,0.143045508752322,-0.127854638533557,0.0625435107777381,-0.102471520077517,0.137313200151355,-0.00402427864812665,0.188244292952496,-0.0993023170675282,-0.00911112853020203,0.0838926447346674,0.190349014975532,0.00906211722728163,0.207333625271574,0.295445873159712,0.094248961961937,-0.142616646308615,-0.107838530714817,-0.167681525224702,0.243869835507441,0.298246236774234,0.0706695784696195,0.166521221421097,0.275652753802389,0.169215557759467,-0.13635035557399,0.0723231317542146,-0.140108905088314,0.0276382559061835,-0.0123529842837827,0.265995678876775,0.156089279899862,0.0681738173010797,-0.246564340171419,0.263936120511127,0.306451811003525,-0.230752159614825,-0.195164010007407,0.0116910301657746,0.107789189231031,0.0889114433598219,0.111728077364726,0.293228853682685,0.275916587028031,0.0989599136089252,0.114732810328085,0.213468177249843,0.270014905877428,-0.22513518375203,-0.169208473371198,-0.290795143035,-0.0824485346672073,-0.035955023726126,NA,-0.0610076788250499,0.546034878068681,0.303399757631808,-0.165536985023371,-0.207529840317803,-0.253925739602408,-0.0224097378259331,0.25995309543063,0.304898426986049,0.194443538024026,0.213863949926114,-0.0979378944327824,0.0179030595155154,-0.139601569712028,-0.211351399623946,-0.373786513694164,0.125270767675035,0.0693762150539917,-0.0817265138292901,0.108833336023816,-0.183046059540607,-0.199006071392733,-0.181038239031188,-0.137538907447395,-0.131996924927305,-0.416952203284385,0.0352467330919466,0.0841224289528512,-0.0554616449072865,-0.106034570532396,0.182017054774713,0.137203160243061,-0.094052951476675,-0.0764236851451846,-0.0726717913945739,-0.0580398943921216,0.0131455200053912,-0.283342932239087,0.0444759518441548,0.0658307562963408,0.12011437046804,-0.219870183828221,-0.123306324115779,0.0248176559358551,-0.168883451770927,0.264585764238144,-0.0589186608357093,-0.263828715283332,-0.076312296058698,-0.109707408908153,-0.253992100918393,-0.142224526447054,-0.0664363937657439,0.170872843413618,0.256518549772767,-0.1535330787628,0.348153938153416,-0.192032251016569,0.0173570249969154,-0.145467187384183,-0.060407009013046,0.0431895126566075,0.142748192629236,0.332499510999585,-0.0425973033550534,0.02563398381972,-0.241228190253251,-0.136482037604095,-0.157144807698122,0.109582435085806,-0.00435425076779945,-0.18196284503802,-0.315156572622614,-0.217183275740966,-0.192704778922184,-0.231184558366648,-0.00342525062461646,-0.133965918479161,-0.178017015994769,-0.236346296521222,0.0172062548506128,-0.20840626016316,0.0097261155661268,-0.141092543443719,-0.368246405494609,-0.0340780642577385,0.0723555911798615,-0.170549950821949,-0.0674245700608828,-0.169036068777612,0.0802100863712619,-0.0437118226754656,-0.10092319353839,-0.313105672509098,-0.00942327111911416,0.126246358362614,-0.197586794406277,0.198934874377854,0.176312346734526,-0.0194563725310534,0.1581524346446,-0.230650514493683,-0.171555059813107,-0.198977001995452,0.0679646858495875,-0.0163191208404176,0.0981045990088964,0.220811177538189,-0.0319578114575466,0.0675317281838488,0.123890986682746,-0.0949799852553066,-0.221513630933841,-0.10689045983929,-0.231648424417329,-0.149132510803302,-0.219580220018093,0.059765202266067,0.0530265439532003,0.179066787605168,-0.25850244034654,-0.0346517403910514,-0.0453350123973925,0.170678319309393,-0.101067767588307,0.0366477350285456,0.022081682809719,0.257751697482399,-0.0150528605275464,0.0378789835619967,0.183262317872787,0.00800567391950097,-0.213776658575987,-0.160069643904122,-0.0185223962414132,0.153062763314258,-0.000577864383623221,0.0241431491263278,0.136080032696963,0.305640721470126,0.111548823083058,0.480071386428102,-0.125712505784099,0.01891670242813,0.0541735276151804,-0.0372322388829422,-0.0486605244259923,0.0939056446430366,0.0625324501599213,-0.0484018036708153
0.462558196497366,0.151381391578998,-0.0306115491498809,0.295582673246544,-0.121448509237892,0.955185254609989,-0.0124956645882481,0.195411046344256,0.283650728755501,0.116465065654211,-0.131526459951211,0.028203365340113,0.00277025389523125,-0.0390991303966812,-0.164368740274541,0.0977519449504014,-0.134798887392647,-0.052235080025109,-0.115433559819978,0.0199497607763446,0.0887960439553859,0.0216510050416967,0.204492709979142,0.246508504052588,0.67437883074664,0.223224129382813,0.0437851165182336,-0.0807571719624409,0.0451872482534606,0.192764377212397,0.148315511690932,0.273844125877236,0.289053308642575,-0.0188711325662193,0.391104012782174,0.36160628520647,0.189517358812989,0.346535397455983,0.152148615891338,-0.375313362185669,-0.0716481214542314,-0.113671450827003,0.190003520741842,0.612813485707924,0.215034551000657,0.0280680103298888,0.295700289343322,-0.105238312091294,-0.0330602817202584,0.0384341675017514,-0.0230114980676995,0.259851660716918,0.122918923490304,0.0064139467990202,0.265871928132935,-0.0216255871576311,0.266022383863425,0.123228445811411,0.131500713614945,0.0569415248918101,0.360090139502408,0.609890108461351,0.0213729933238062,-0.114474511559571,0.012104170766104,0.214897743045217,0.210472620419276,0.312077018367711,0.0967361696587873,0.268327532503907,0.228299105874931,0.0340983875358483,0.134856216936082,-0.0509378020700168,0.250092353816105,0.00353252078608971,0.271874388802918,0.168247687911347,-0.107463155624621,0.123177592968065,0.0264130616527057,-0.181271221155309,0.0358206218949956,-0.223450487687895,-0.00771243186836339,0.189832893910056,-0.0280704326665118,0.0549904464266144,-0.0793887732408218,0.212862707893542,-0.0905956555799006,0.0456436500589337,0.0211542519371599,0.644877477302504,0.529640067374278,0.362966978475014,-0.163873528280377,-0.193366512090003,0.144300534444357,0.180437083168849,0.105140614550928,0.0147047445124315,-0.00119769622199223,-0.0921787219866413,-0.0606797394664179,-0.208130547211878,0.272111965172502,0.396290098440433,0.0490240515639641,-0.139282842323168,-0.077062109388985,-0.0178536847162496,0.338660277119922,0.515949415793452,0.281993429278487,0.131844255260894,0.209083679754649,0.0610252078321667,0.0831014902637622,-0.173484142629861,0.0374021075503585,0.261279630215888,0.083641349942023,0.468110353742477,0.0363546765224297,0.517816512627303,0.515564480624628,0.685667999294769,0.185509788099814,0.0532770093687702,0.224727515777941,0.156771376243237,-0.0624574918128068,0.150011736264049,0.102802640816317,0.284898707811085,0.191932435138288,0.0380819385380877,0.16087212987779,-0.183455537370915,0.0644492073831029,-0.0679687058817106,0.0566804186531279,-0.0294672360869374,0.563680910322263,0.478017221371619,0.45441392350748,0.429735955400592,0.525009763705643,0.412852084310302,0.278606117134175,0.151362705129584,0.146275700041348,-0.0318243475544355,-0.0621964917235129,0.209501882287951,0.534440057209278,0.0511831078565816,0.339707850251683,0.425206175187961,0.411408122242214,0.385942673875017,0.0225290833527627,0.157473087374591,0.62091533030212,0.0522534136106967,0.0517174569879272,-0.193232089149109,0.145545234940377,0.500382755299132,-0.0872171200641138,-0.285869713088975,0.0528425564019634,0.0491996594349745,-0.122346612485028,0.00131616321306743,0.215350431823232,-0.295860377954207,-0.0470281491777389,-0.0271636467503256,-0.122839555016729,0.22090513937426,-0.102383818768416,0.251046646586187,-0.232982051618502,0.152447479436575,-0.154786783026328,-0.00316168328561231,0.269224159792293,0.257877213161578,0.223725579256423,0.046165877778951,0.288275692044247,0.367300615411622,0.359329811199265,-0.198572581057784,0.163842264277687,-0.152526845629658,-0.0517642988889848,0.435782156847644,0.324785123724253,0.0971410723407116,-0.138137292861298,-0.0992147479220344,0.0862648303843622,0.0250489613056604,0.020105810910465,0.1294661539185,0.186205995829249,-0.0153428745504894,-0.079919622687909,0.162210333709456,0.29482748978388,0.356767520856789,0.0145254628627625,0.246010424175634,0.119243899349196,0.0581344593852606,-0.0250403201893957,0.788436366706666,0.120211972556455,0.47289545779774,-0.0178068233042331,-0.0610076788250499,NA,0.315156578722527,0.36897429237766,0.12645317353258,0.165193970251712,0.494921335453108,0.527522545815764,0.322347115571756,0.53024434982062,0.180222881076557,-0.0326350689545449,-0.126979509803559,0.335441632003937,0.0054402147667875,-0.0348174182567446,0.087110888810756,0.108494751239718,0.200415168567334,-0.122087468789487,0.261569551404772,-0.232509116710075,-0.0719010784203169,-0.0775890832402791,-0.150123311626998,0.0818420033959023,-0.0870952095746871,-0.149256140318403,0.0926016120960237,0.136334754872456,-0.0547998339569443,0.133949770707835,0.144805140553076,-0.045668093093911,0.215949181641774,0.282210009159075,0.242447335470333,0.375175370308919,-0.16562663154094,-0.206125591994707,0.205516303264785,-0.125249442632326,0.43558752375947,0.122805683650198,0.265417805277643,0.259988974994665,0.130523148800012,-0.260427424516021,0.0540038524743748,-0.104227123911026,-0.177342608538424,-0.178802097635166,0.362172257052157,0.187293060983967,0.517847162632026,-0.0826183487260444,0.133527740122222,0.0372958648199791,-0.248614256059348,-0.152939488932945,0.168328131779751,-0.0748025807020942,0.110239144436144,0.11800893779253,0.0307585921779662,0.695755646773529,0.391100849948119,0.901562112699536,0.297753863331908,0.075559825449372,0.0675000317155259,0.0389069048300516,0.00679985211071965,0.0680112134323205,0.210241618655133,0.0518932689756207,0.134099302839477,-0.0635128453508336,-0.0901680327792865,-0.0756641337808511,0.263804208377388,-0.326534176571187,-0.193916696604669,0.213024468055621,0.173821851716663,-0.161335621510692,0.101698424536403,0.102144601611525,-0.174978528303085,-0.156794231025217,0.0062857556856591,0.481177126295574,0.762837999952268,0.463713635755185,-0.0915796903748229,0.35863242281485,0.0772810620749772,0.764772724822686,0.401613230107018,0.632036234707567,0.579485061504397,0.504758903298086,0.483311805322792,0.300928177351146,0.126015390239871,0.113562460038268,0.440757583680002,0.127112644056436,0.271370619517731,-0.0318013682150413,-0.30237272257793,-0.126980837171117,0.0232474095289243,-0.0475653652562702,-0.217274974385005,-0.145008786528477,-0.0557578567471108,0.0397161009049749,-0.083484485378579,-0.00715504330441238,-0.245628349765226,0.0116068533701255,-0.104236134648977,-0.170859361993541,-0.00879073419856679,0.466837497365253,0.479442619445036,0.454538158873668,0.423271300748649,-0.147683608202783,0.116031601521244,0.0917921251589871,0.0994722221490738,0.0264273729802479,0.103256802094251,0.0669377202440113,0.285994105558533,-0.0292172981157323,-0.0503710451917576,0.0352258851294948,0.0972028487027493,-0.350123261680586,-0.125080610003018,-0.0328667554650801,-0.000968395481247,-0.0203475348636439,-0.0229437140135432,-0.125932469845992,-0.201665425122199,-0.192299255462709,-0.215073065985253
0.352724226149919,0.261069716813919,0.108666216542975,0.148937458925651,0.114428958376254,0.0552156433546443,0.139025490373288,0.0968833106211925,0.070563008666153,0.261221077091762,-0.00350396958219086,0.112815338335044,0.150579573946537,0.185995554728615,-0.0830435588544663,0.188985921363533,-0.157621788874622,-0.0460478650011444,0.0676025663708312,0.0710798077274602,-0.0175735615150988,-0.00915600391529846,0.0889153672649417,0.209497521792364,0.340514466456688,0.148542800330727,-0.0535778162409746,-0.0120486626748566,0.254119703470938,0.0278761005270557,0.417441458324746,0.174906931682648,0.202138831831909,0.228218154126921,0.0191530753606666,0.327893342745368,0.152508763936909,0.169075422954282,0.490171479325164,0.288076798740997,0.165424658248434,-0.0848057483482048,-0.086424596943336,0.353409710091625,0.220050925581674,0.137880102122626,0.432921300821025,0.266378569486726,-0.0750786185413869,0.214769326787026,-0.0633147687633722,-0.0489878223033394,-0.0513604969650519,0.239367222863441,-0.0280316634138642,0.230635974568093,0.186277542356064,0.0479497191136158,0.187616448880465,0.0154983521718326,0.258939297298375,-0.0139651043431595,-0.179376766540694,-0.108065638787146,0.241088985648401,0.311501098293952,0.101134940812134,0.137320067681259,0.079927365957491,0.080690117855496,0.127986651546132,-0.0527413385413161,0.240125828155954,0.271552784142152,0.0993895856163015,-0.0967046398507192,-0.0390433009349973,0.10792856273319,-0.0725949264922583,-0.062226684264231,0.0586408694809577,-0.226941724418347,0.0491027639836368,-0.169795377434053,0.135384147351132,0.190817519514804,0.0187774457360931,0.254398125459935,0.0603934084598208,0.136692258367796,-0.290549214628444,-0.161715350203807,-0.0425332294103993,0.127877494012901,0.217260213669502,-0.0193959933601825,0.0819609766121712,0.0247823661814558,0.233458817560321,0.148137565064013,0.106511458925029,0.0933724118871799,0.0681219076786187,0.0973781204590096,-0.038721299053455,-0.00557987345009541,0.0501133669423305,0.154276510323814,0.12885873193964,0.148297215343431,0.0607185333381549,-0.0691494537254956,-0.0651546181352823,0.176731717523479,0.199873768636429,0.489970799325093,0.507078527301724,0.253465799792605,0.466815094517249,0.402840709479883,0.00290889729490267,0.0825705447124207,0.0344759681921107,0.38290928536139,0.4518965158609,0.0529999474139775,0.0658811892609799,0.101359879245438,-0.145430930149473,0.182498098549999,0.178220440497916,0.0938161001771967,-0.258304963731123,-0.211093035949018,0.0538522898015877,0.352873566775894,0.187036043058063,-0.0382826008153749,0.255155851682121,-0.031649743501262,0.057744731442898,-0.0192740831086491,-0.0488519187744859,0.136645747725956,0.381645259231758,0.221336779875681,0.0909725028599882,-0.00110646259709201,0.28827423076523,0.415876570334068,0.17820158316576,0.444838261562214,0.0269915837773063,0.261104166659555,0.00382165819721439,0.194474657893421,0.0728191210776824,-0.0584777728317788,-0.011962540599101,0.181369020317745,0.810411336799502,0.196397796330812,0.10699369487138,0.0372884598882064,0.304559629182721,0.14878764771853,-0.176464826541562,0.234144965453764,0.0263105997198072,-0.17520272523872,0.150096044474605,-0.226305127921916,-0.0123287881114324,0.240939989879944,-0.101174939815268,0.056085466986232,0.0185938499673877,-0.0600453681219152,-0.240398432559452,-0.021213524024806,-0.121643745325438,0.28166237862789,-0.00459151381405211,0.477404853269961,-0.0228113807339555,0.258613564961384,-0.225814896969266,-0.0697301241332413,-0.149397486915704,0.311647765831113,0.186832548210345,-0.125906440416165,0.0864331300538659,0.391143044309966,0.392260445245579,-0.154621095597512,0.257291144118531,0.0430914607492637,0.0605547460352975,0.102979096662755,0.577289723739836,0.241489276103713,0.288385890007449,-0.0721764506761037,0.498608662869114,0.371926361661407,0.0381214193176961,-0.248143954524661,0.0371673321575176,0.0222618852073733,-0.0326593023836153,-0.00110911336098274,0.298354157685126,0.287089979785806,0.189121315499941,0.209939725946723,0.163545539631979,0.319463659733076,-0.208524219757425,-0.0150722579848345,-0.360502978958678,-0.0624374545737886,-0.0319270892176757,0.546034878068681,0.315156578722527,NA,0.522921458996395,0.0651212851262797,-0.22290860296958,0.0724835356902808,0.166489956483421,0.492670270082776,0.475070287543568,0.13177736054832,0.0819886184487229,-0.020290033148939,0.166470983718044,0.111168136284714,-0.135110772050673,-0.0673709933753172,0.0305900128216838,0.283831018340094,-0.181200074786363,0.0798565751713303,-0.085816730462549,0.0114476536135153,-0.101204893730882,-0.112362089413401,-0.0289314212538791,-0.264513487255463,0.00231276799792981,-0.0204373687858801,-0.0940725413342815,-0.240095372615878,0.187650184599094,0.179125694893161,-0.289335669819658,-0.0365346309998819,-0.038459785631379,-0.0150175574785661,0.00156759499135965,-0.483777683653944,-0.0368157382897734,0.238780826746975,0.171549538141624,-0.170015042784877,-0.0535891940830431,0.0519025211864724,0.00937708570814216,0.146007546275058,-0.164431705079405,-0.110610106165861,-0.0404789184321786,-0.0245943905069337,-0.284333794774256,-0.041891060749266,0.0642098073616301,0.400759701596135,0.500021182155997,0.114835439543254,0.537235473668037,-0.147222402197168,0.114193308199506,0.0183337090750359,-0.0505868573564403,0.00300515583390285,0.522822697346085,0.639914226245448,0.144492793816402,0.112748692895123,-0.139586150262312,-0.18412457956878,-0.0944782553443907,0.150328340381348,-0.060431957714906,-0.00992921329606964,-0.192732764588492,0.0375901258770073,-0.0401517149378894,-0.188242826491578,-0.0766435226024185,-0.146995205551706,-0.207788059747219,-0.208281369149933,-0.184768306182844,-0.0198900847876923,0.168330828540506,-0.0161435015382179,-0.20794041131076,0.0112617427075849,0.0107325593837721,-0.41439195616814,-0.00854750888246675,0.0646073583535446,0.338126521306589,0.2662968611444,0.0675794381797753,-0.153129424558374,0.146302257125161,0.0636521229131851,0.20729570712927,0.431594939112734,0.472289660750877,0.136123218334212,0.542475653577983,0.0183020499465399,-0.0591149708612063,-0.0886379646265086,0.0632577339082484,0.211698493448456,0.04148238534136,0.331968390728837,0.123794127920596,-0.0682203674119267,0.0655450436101919,0.121029193100575,0.0522788186934657,0.0778137381658253,0.00342492871020208,-0.130411876163784,-0.0141565462107508,-0.197068339402457,0.0546479218239858,-0.273219938490905,-0.11026246585579,0.0655016252149838,-0.154242628398726,0.0289921780901847,-0.0802964740492689,0.0448146627349045,0.0313792121412456,0.182898922709977,-0.11628542226486,-0.0278759003450186,0.334090649534559,0.149783434077807,0.0258359571147716,-0.0330285777097513,-0.130249982818872,0.173592330473403,0.112327759913162,-0.0657800982929146,0.244791201210148,0.500945176389456,0.0216573792561122,0.537206623699505,0.0933289765413183,0.211457158170784,0.00823591426676606,0.0186532370580456,0.00488079065149542,0.0356851598087563,0.0505043295585826,0.0309644510613807
0.310633318519111,0.344696998204568,0.511291120901952,0.106729822298304,-0.0155237520829519,0.234955927825625,0.141363652512813,0.512358057187117,0.281709301796218,0.546917550452106,-0.040425043006718,0.238557342096295,0.412810970598173,0.249349523080888,-0.185370392965984,0.290189844101059,0.228500591497252,0.17946260239871,0.32819988690896,0.411674838988382,0.345769652680167,0.248475573288274,0.222547228613031,0.0701144491204224,0.364961460549312,0.0188083566740661,0.29888758590666,0.1645063989767,-0.0453131210542934,0.110922873281062,0.430680141401286,0.211413660483909,0.359495356209814,0.480553781888665,0.250996781750046,0.322879263066255,0.384883936432672,0.372766140028247,0.208684997638187,0.106518174790397,0.259053844242386,0.0716046163079846,0.122375804563727,0.299349620324147,0.380766001667232,0.300615776254846,0.638518966695736,0.0571945377525782,0.332027544708726,0.291121191819203,-0.0579684070370743,-0.0135913828020441,0.503158107600543,0.279286732442517,0.176320988961752,0.281833218106479,0.585681999269393,0.29184774824951,0.12093934573011,0.0829038639577612,0.489994984768492,0.250123462079625,0.151493254709448,0.0630511155950356,0.655882499253798,0.844996287895165,0.616743574663731,0.617637437268418,0.522549724763341,0.556002586669282,0.438951931616693,-0.0447317833749786,0.450431288844184,0.0126521553423972,0.0640408562971061,0.108772084424721,0.387710678530179,0.202003082230998,-0.109987824928129,0.0890336124509334,0.312624192311482,-0.000264078703175793,0.116461517720003,-0.101470073855547,-0.0317053720560136,0.0597097170336503,0.101629727956869,0.292254596487184,0.136506615434648,0.332907941918614,-0.0337718113223176,0.0384398494341536,0.286491015166049,0.131124303586844,0.199462014942914,0.00320174173455875,-0.391037248057981,-0.272433621230189,0.307845466609967,0.0392668652490521,0.646656715446557,0.103831221917179,0.50644683121219,0.233501439848202,0.315637996412522,0.048288145352386,0.048287785704579,0.116028881017475,0.127607205301548,0.0349131598817326,0.473783268989707,0.125602707525393,0.142650539630954,0.316988337969399,0.0999724497455003,0.0252664093740736,0.0876178149822138,-0.0914510501221209,0.165470099385409,0.125530497807144,0.0196955575946929,0.0850785982922933,0.0175000880064144,0.258665788138894,0.0976522500255219,0.0505547511331071,0.325905980142413,0.247230558039769,0.0686076473169121,0.118449358872957,0.607042263892426,0.301999649642966,-0.0270932768006185,0.0397742786025927,0.0354235614028212,0.551031023782301,0.422425287580976,0.12158872402299,0.210947402437501,-0.459091384238071,-0.140548337513923,0.0466279544065877,0.0455082581565162,0.110582962571496,0.342559936369411,0.275421736674538,0.14186612283589,0.208881028464804,0.404636452535478,0.231610000266824,0.139249838852149,0.062250480617993,0.235926063818962,0.0329244600371997,0.158231259783044,0.160954143837727,0.113191927732472,-0.238809694646338,-0.0402636051020826,0.624312953487477,0.825102917579728,0.185981374600429,0.327079350625186,0.4955844297726,0.101720595162033,0.266871679695752,-0.253236410346985,-0.0897440757877097,0.431777541255955,-0.0108868448871097,0.475147667496039,-0.0870364502087088,0.0326762787652236,0.194869900968123,0.0952575684921965,0.398234515817189,0.550676133429893,0.213272325538444,0.0687889131898981,0.306672488772666,0.119413633573252,0.0490469584111016,-0.175975579340893,0.0685778065413158,0.35094709090086,0.157562324369606,0.212510086515608,0.272162384636946,0.203739514475972,0.382757716479312,0.26709452559361,-0.0774727015909769,0.34608609553407,0.417722903871683,0.398344733004852,0.185098774982611,0.542956848724459,0.096285464988025,-0.126184683818984,-0.0730993077985426,0.665510012071536,0.528996444367747,0.214357856719075,-0.0710064614604611,0.350522963757193,0.302569690575143,0.149288698468826,-0.294204040518422,0.402856591410824,0.242800911686786,0.108584930280446,0.420330229128951,0.538454448766989,0.510296820258705,0.219694892991019,0.40456635781993,0.413048549866679,0.21009024620449,-0.0418721370782849,-0.00866648636569295,-0.0469721869392989,-0.0157832961010998,0.445360019115334,0.303399757631808,0.36897429237766,0.522921458996395,NA,0.329672631831249,0.0799155848519967,0.488842209258833,0.273841697921978,0.267025495398793,0.899091660184585,0.456794467330779,0.291720441946902,-0.349238452224335,0.118405004681145,0.405169332297438,0.142211027813046,-0.115190890374349,-0.124883406081013,-0.104175646125773,-0.468148087535216,0.635023105399064,0.15915551024738,0.448924118487758,-0.333700989929867,0.124378853359381,0.0391076111246046,-0.160279600445616,0.241190718338172,0.195209462439674,0.046673368763615,0.0517635897784163,0.659204035528743,0.353459368289361,-0.00319966567187161,0.196722504182019,-0.0117183507005956,-0.144823805948472,0.000348574561908083,-0.261469543925024,-0.399626569858565,0.412761941747548,0.0639400559888582,0.206793550486008,0.238494105608321,0.599390696705082,0.3960511232732,0.492971058258846,0.0145880514861295,-0.0219873805345403,-0.280655873623571,0.245780114684459,-0.0621588756157486,0.062809150390732,-0.0672775874422053,0.127233134097591,0.0326735093575621,-0.27760845311322,0.111379720377716,-0.0276927808672048,-0.342093559640299,0.04167476879875,-0.256803249249206,-0.011525883396556,0.0488736639802335,0.13191515848185,0.0918455885417816,0.191059568525948,0.135722407419606,0.0511316550267816,0.241887516712314,0.237050473449599,0.132812776751205,-0.188595228986181,0.381730932224791,0.413729661017404,0.147285008350049,0.256931984315922,-0.0671313884324135,0.0519806289997195,0.215114151920328,0.0929064032161858,-0.2228862298742,0.0233021648677349,0.266826849921804,0.299514869346261,-0.235645336019336,0.243494888402162,0.221172124864519,0.0624145679853533,-0.0501715884965947,0.442563539949186,0.00858320449876181,0.216672021735233,0.199678645890057,-0.0494537145248034,-0.0947900391709953,-0.00366996431153333,0.0552865806831458,0.0507329441676089,0.213939122588641,0.0232292715737746,0.152509242834633,0.0454891162555597,-0.142846831022274,-0.282656692450201,0.184261381251594,0.590186220420431,0.101987331356358,0.353038420884755,0.0316402914216024,-0.196355760650851,-0.00226937365337192,-0.0273938589719834,-0.144456182829954,-0.111522726366101,-0.109734600746034,-0.258792560672208,-0.0420712999367839,0.177355385106933,0.263609491288809,-0.067074090525047,0.272677217485229,0.0159702834722129,-0.388844467566144,0.235696274213886,-0.0503438908029653,0.123425586692065,-0.0956621271066266,0.103557646720601,-0.231139450608135,-0.0421050957397828,0.30016400285252,0.161394289153688,0.211019359848502,0.348497430840911,-0.234994836103562,0.0382627692482586,0.439329370131223,0.0798174090242939,0.0410881520279184,0.0964282931862932,-0.245296379680938,0.0936593502471432,-0.136604251028097,-0.0752749530077031,0.139294969808226,0.350043103506718,0.32534737840356,0.157037955722453,-0.0233340438617726,-0.0168597000056268
-0.0301080326653915,0.413847956442928,0.563022607934398,-0.250560371695739,0.381865012935964,0.125338039738397,0.0183858638086078,0.649331110598893,0.0659362421017004,0.197433979822355,0.192441972330571,-0.224857189665738,0.398803302885027,0.154808690565639,0.0404710696935062,-0.108484464118224,0.239799871665941,0.0574404953301355,-0.149944326535742,0.321092129361793,0.268016696358435,0.433229795567548,-0.024326885259911,-0.231415539624867,-0.124653465419934,-0.256911307666997,-0.0379271725208081,-0.093260295719864,-0.207654507512417,0.271410645931648,0.26794100631359,0.110196510890863,0.289847380367654,0.154043093362179,0.305199514856653,0.295984322355147,0.0933144162301853,0.450580202918523,0.0774409950412736,0.2002784815823,0.293619284423294,0.144988866600642,0.125614108261455,-0.0402137971040145,0.58115411467369,-0.0890689414462575,0.272531615693279,0.188819450533216,0.467376569164317,0.304651697657953,0.0245308227355335,0.0152085781550487,0.480655977071908,0.29782516790501,0.287228761742005,0.502833885284223,0.389385759030916,0.607733628937276,0.229329700815169,0.190329553132544,0.260481196322593,0.285752804840928,-0.0428149273502012,0.0758738131776521,0.397348608319702,0.49226814952986,0.16912602827948,0.238730057768317,0.184135392063321,0.130241596719765,0.130645409950675,0.000309296529404364,0.260482481062194,-0.409246011422999,-0.113572162256405,0.114877479516463,0.248105114473919,-0.0129458915403729,-0.315861807248037,-0.142190857753614,0.331862624745469,0.178969361637836,0.0643866057340804,-0.11147918862628,-0.316057651514983,-0.230206400695635,0.429449469639798,0.279786764707447,-0.0068135094977758,0.233485309388305,0.26586733165902,0.162696877484236,0.184112873205828,-0.0679441216261309,0.0972290097649947,0.0746303427155988,0.172259895241961,0.202519676137715,0.679027434137464,0.171408897478078,0.539901372005136,0.134116229942115,0.32228640732298,0.357485848461559,0.0571264202809022,0.223588725753393,-0.117972798566854,-0.0680746924948289,-0.0889693054766673,0.162047365360583,0.305712261320276,-0.0228976319137579,-0.0220462082343312,0.188192580050044,-0.000511242056212443,-0.151593533963774,-0.135390297465588,-0.199881948155037,-0.0552855063701883,-0.14166144677751,0.162081260587597,0.128778484698477,0.0458927518777244,-0.000583928575397526,-0.0169366766847505,0.175827401176494,0.246072196971189,0.0433980692964834,0.26913519416525,0.0449405784339284,0.523084597903912,0.380187523882409,-0.0949964167948806,0.354089066143063,0.111015751956856,0.367420779311229,0.590376415461513,0.288019737269348,0.543716268170182,-0.283120902388205,0.250633485575728,0.033405452535044,0.236131390334932,0.258644366591898,-0.00683816498057504,0.0351383312571255,0.0613582970777649,0.0418551697817284,0.0524402297298793,-0.116932759939567,-0.0556518923845635,-0.0988194164569014,0.339581657499439,-0.0239975328787352,0.283978986451415,-0.191027142417258,0.0473219312841238,-0.202655623533861,0.26278981927258,0.320874783570163,0.265442464378191,0.0431000446622444,0.342252653866647,0.37592357972409,-0.317974214104986,0.523143720149225,0.0192387234984038,-0.192021033600905,0.278127597262961,-0.124335858219608,0.15243286263814,0.0942789376371194,0.0149453352888107,0.329721673534678,0.170913065147599,0.248606898702802,0.499594345385751,0.0554003217160991,0.141533342387579,0.141637644178402,-0.116540961156494,-0.231823783913906,-0.236401827251639,-0.216458007454909,-0.0193390360570606,-0.194733715351758,0.195693056076589,0.175394454493111,0.485238337295477,0.162581525213743,0.0688584485009087,-0.0842257722785179,0.210916307667683,0.148003536172702,0.247704449628137,0.214537974774605,0.502017991243478,0.333602207804219,0.0242211945095082,0.0306950960130924,0.360371925974788,-0.00185229333926456,0.21612533229606,0.25455087185509,0.0722990405209307,-0.0856369041718733,0.179237452269825,0.0600280254908413,0.518970480518962,0.215001383914033,0.208223628636016,0.344316727398976,0.377730642655916,0.106510369961202,0.322054429966081,0.498965748842319,0.382115909160868,0.0471061447716345,0.0301194326805364,0.011864414388155,0.260697699670581,-0.044648068461903,0.427071852355384,-0.165536985023371,0.12645317353258,0.0651212851262797,0.329672631831249,NA,0.349257832920501,0.570285044379221,0.464600711143754,0.206033913887947,0.312998279450103,0.0855510268962403,0.116960433593778,-0.239306657734154,-0.192972016337067,0.328980106012679,0.374512784347595,-0.0542321840236435,-0.304859864903833,-0.343361180021761,-0.311222143566071,0.300931742267884,0.169671362376345,0.313589901333506,0.00235566676925683,-0.0153439423775856,-0.094303391116116,-0.0590618738393636,0.518506597403708,0.43117065274855,0.376425788298922,0.350848514878512,0.215496169157478,0.460523162414908,0.375192654632763,0.482867098526375,0.114188369773677,-0.182754670360532,0.00434139922511785,0.368712881221169,-0.0716035403676205,0.679102127207744,0.474804983395783,0.330125044817614,0.629674721146194,0.329287879089475,0.310337426979676,0.370603589381259,0.260571027729229,0.117696888476133,0.0542886997392036,0.151090463334707,0.0607890596064932,0.0578677981804726,-0.112519828877963,-0.0421018396885306,-0.0566306878108616,-0.00820295094639851,-0.0569975788071444,0.0838475975785236,-0.321007093708152,-0.181208265827683,-0.176960655753004,0.0401371035535643,-0.106099929900612,0.0157705029824756,-0.0789982837852141,0.326313445360976,0.0623444413181134,0.297821585501763,0.444996365871605,0.0829845221224143,0.0422074005711688,0.192110985238355,0.364691667338744,0.601683191353801,0.702027285376461,0.116681408511727,-0.0373936092932025,0.0837613316528197,0.134693918797043,0.177858226903668,-0.162653975674956,0.139693270427757,0.566681984243008,0.428134239817988,0.19087660449036,0.284279353082258,0.157583782416754,0.283790801789062,0.181708380471333,0.346388735218482,-0.102931755901863,-0.15581417136103,-0.165693064526425,0.246471364513117,0.0657347072357513,-0.0646078237216821,-0.147419536413024,-0.0359889400726008,-0.0191175900450908,-0.163703773647982,-0.148079916214398,0.0284397066299413,0.137682713009131,-0.0681642191842821,0.121378008573916,0.109213905572427,0.156896791927396,0.0586239926688879,0.210318133833866,-0.335534601355612,-0.397808655816951,-0.262207022371061,-0.173831967048565,-0.206586872409999,-0.217571562167138,-0.221034491713054,-0.138409972628559,0.35741629423013,0.397877864874998,-0.156962924721365,0.305545855638882,0.0742251584735199,-0.218536821975555,-0.0259997156279694,0.0573806408969291,-0.0472402739832119,-0.236024951946431,-0.206356545614337,-0.0712850306499471,-0.0127871633496998,0.408426965895938,0.414776785728237,0.686324135943236,0.544958076507969,-0.0378795743042633,-0.123181731162927,0.61636686603609,0.235181795681762,0.116150668751996,-0.213161385953732,-0.157806497949717,-0.13230492843052,-0.190621993025095,-0.142654465830882,0.255990457332407,0.342703396424344,0.107990872795329,0.144845500000719,-0.433311446960515,-0.143225955369028
0.190021155997544,-0.112876316626086,0.0209618031855912,-0.103190251633837,-0.183729170730305,0.176435108320264,-0.172871711836736,0.0822398153340097,0.0130546854140284,0.168834816074322,-0.277331061731613,-0.0811722969465774,0.111515989549587,-0.0742947391257451,-0.101854133500855,-0.269823127170532,-0.0992495237921157,0.317836396354038,0.0366560861522591,-0.0330901894667242,-0.0384925376895374,0.181988359821817,-0.0106406780547031,-0.216066853744308,0.0513037434889945,-0.0931465245509863,0.0436522874952916,-0.00554257534093092,-0.161016787899326,-0.00530763985653294,-0.215393030569347,-0.0867721405383273,0.00293962709628305,-0.0923855913499538,0.215699679537971,-0.107146001845252,-0.19631782169587,0.0444878634227715,-0.131935525482153,-0.280913353742583,-0.0153965692791316,0.160294609344049,-0.0804278687455674,-0.0733158455851906,0.136896761134337,-0.267737778411377,-0.198926558706173,-0.128932818227035,0.150451409281233,-0.147018247346943,-0.291628614502396,-0.189198109755171,0.167160692884273,-0.268155329328266,-0.0613210698846326,-0.0505767915155763,0.0654271526793022,0.108420816272545,0.114804253398126,0.205154130457091,0.311539197584824,0.786334287261909,0.0403803231061288,0.149510091521203,0.15433132628837,0.0934997976213238,0.432830217742891,0.233748568517563,0.147749506982426,0.196227668589134,0.175537981514578,0.0861173759755135,0.0571725597910255,-0.284808857493687,0.0348722566739394,0.0245741566753651,0.0214973911520514,-0.166779470396515,0.0194267885887162,-0.0266065369888272,0.126451636935087,0.101634648761223,0.0702562130902125,0.159626638859286,-0.00887796011714804,-0.0548722456402193,-0.0840200697974686,-0.0911286445164518,0.0147103358575998,-0.0687824710572333,-0.0741785785679103,-0.0450557870205667,0.011409636851495,0.0146365146380252,0.127038508411017,-0.110652997770507,-0.101855659938789,-0.0246217799253361,-0.0146218093267984,-0.0942938672349924,0.252948412570109,0.114461261545632,0.128400388549169,-0.0818379420876305,-0.132160240051299,-0.213327777585899,-0.00919807775757725,-0.233573855714156,-0.285963785718281,-0.300419667980025,0.174033375068776,-0.010350812504332,0.0632439545386654,0.149914583007634,0.0353194041062082,0.0816181398327847,-0.0589697142015458,-0.112872036914822,-0.178217139762424,-0.260598552695699,-0.112225738728898,-0.0849408011356376,0.0185899899276279,0.156293873003982,-0.135825371700865,0.323500199397298,0.593490255863227,0.0208019066830623,0.66777635797698,0.327274205914798,0.277940000566091,-0.0565954447041673,-0.0891646375023316,0.251105687891818,0.0752250426152365,0.214280361045219,-0.0633113127999148,0.115861519979275,0.174115265086024,-0.0453122580841265,0.0351213950809942,0.188150769376037,0.358607782835173,0.130053079883827,0.0329192944888074,0.12947191297653,0.0165308375864052,0.226360884976905,0.0693082994410039,-0.0609145458986136,0.0262096231563504,-0.185919973553886,0.166753397769314,-0.139657583109329,-0.0865060494527951,-0.164902013630596,-0.108562464776812,-0.130230820902953,0.416610058658983,0.0634425138226921,-0.0396837449544432,0.20810441596873,-0.0403333182795286,0.0571889703099974,0.133145634149146,-0.14617814576624,0.225053496433513,-0.215853881122932,0.290898022728334,0.0711076819754307,0.301617688262864,0.340509123798267,0.0850036396928782,0.1579219690206,-0.125507434848762,-0.115763810374156,0.0956025754981348,0.174057196085206,0.195998604755108,-0.0116659039275987,-0.122197571680236,-0.225560975680636,-0.223553001715381,-0.0537863688120672,-0.155232888316616,-0.220469377454288,0.16285657199521,0.101013030046014,0.33575573067834,-0.218007350015591,-0.0568374561012854,0.102394617500985,0.240659257173499,-0.20093047308754,-0.0949395163130075,-0.00278582939965692,-0.155466252829995,-0.0948262134817103,-0.148926492374496,-0.0813397976546395,-0.129589626791132,-0.0936024145244772,-0.213197878238672,-0.088613274651939,-0.281587681173435,-0.176461933086522,0.139713870418966,0.145148457675769,0.316906593439326,-0.0311226286922073,0.00652227351398367,0.0833062137136059,0.0327119130041195,-0.0665191820982094,0.093631815135184,-0.0471254078682787,-0.110742236312708,-0.309994490628392,0.383848863514565,0.335278760381998,0.806808457383774,0.559932032685136,0.0736837694060102,-0.207529840317803,0.165193970251712,-0.22290860296958,0.0799155848519967,0.3492578329205,NA,0.154204344368718,0.480230289195237,0.0564784581231607,0.190418010837754,-0.0445245809708558,0.0754341576222791,0.0174429480215966,0.186244445621762,-0.113529376899091,0.226504190741392,0.0220476759863747,0.134879957562885,-0.0632642812278801,0.167465491053013,0.271147969013921,0.0777718984044047,0.104181131215253,0.147060353025595,0.243517820591426,0.311731249244945,0.11900918796262,0.0197797809927812,-0.0268321651363993,0.300963213594144,0.162604868887567,-0.0759501537084512,-0.14559954594071,0.34008070687534,0.22579613090317,0.0578845080043908,0.0186093281446476,0.0987179832190052,0.35789546131622,-0.146302439872988,0.0684398241588267,-0.0130174663849378,0.421125174968068,0.654796375781102,0.115869287852551,0.192535158106814,0.0197563840085168,0.146497374247607,0.0857403198274422,0.0436807790990403,0.0957433447934214,0.409858754430192,0.623247564909763,-0.072559085808865,0.0698965788663687,-0.103674187314114,-0.0910526707751178,0.143740637771741,-0.143917796753891,-0.0141644784734926,0.0282582046540119,-0.0701394512386465,0.258589948529989,0.0249579753958448,-0.146799999215523,0.0810395031968568,0.477015887958271,0.308420579154332,0.607098003882293,0.170591892026259,0.153741342630838,0.360143508856318,0.0154661457565706,0.101330557619291,0.112234065174695,0.358162990658234,0.100616853597269,0.119697528911174,0.0931217947930551,0.164019406251138,0.313434681920334,0.137494180524854,0.296178932212902,-0.107713576622988,-0.00609639181768457,-0.144802208693212,-0.0643097979445615,0.126507580201474,0.301826332089497,0.101356179632366,0.199460524911621,0.0784046927764918,0.0929383768376959,0.000395930787526874,0.031519551865777,0.0945767198783418,-0.043187002752168,0.344485318545627,0.128369673217346,0.0132445538271169,0.348800777702014,-0.0271714329990049,0.0998963708303585,0.201336500576836,0.31086481949285,-0.0137858303480488,0.0696594141783551,0.493158953902513,0.190116613076077,0.378174802857313,-0.201688959539664,-0.294061542551709,-0.140946215845637,-0.0875782674711302,-0.2254621868849,-0.136785491497333,0.0352381540488525,-0.0122599135528847,0.265100532591647,0.343703138387984,-0.0703355320252793,0.24764745140374,0.0349943519947748,-0.0813780364484169,0.124247928366651,0.205747665331517,0.101585268971662,0.113697165028908,-0.0562257751438987,-0.114177064570127,-0.0374337099983651,-0.161675489046548,-0.163887046101455,0.0750074315568335,-0.0295983311824985,-0.0313266514271517,-0.230189710774187,-0.0201046707468177,0.0167901688242109,0.217274590534303,-0.193194746344953,0.0947539162112858,-0.298378850774634,-0.128687368532822,-0.140876058085633,-0.132906573686344,-0.0289297518928382,-0.027046239296814,-0.214962217333926,-0.132020144510288,-0.120933106719352
-0.0998477097295431,0.408885364351463,0.491916737921009,0.0830274021479587,0.0463839830802527,0.340605874482088,-0.148429696276179,0.69016259900112,0.123980707240064,0.37342132387942,0.0775170903063062,-0.377350454845819,0.285672591643876,0.213558036527445,-0.0376456001475384,0.185145005574537,0.307192333580633,-0.234620677040601,-0.13226561161917,0.313759979120597,0.376931204100576,0.452025446295841,0.251230236360848,-0.0665424771017629,0.215601636071963,-0.255955723043497,0.264144471915626,0.0474354913538488,-0.240398012811728,0.485385039391482,0.545955610778496,0.427467890913157,0.444701172621415,0.517895663985522,0.842358645569887,0.62072130441204,0.44564249301749,0.686453114369408,0.335252188556097,0.0993178286244594,0.319220908741262,0.20585642721243,0.342370566561619,0.226483456783022,0.443091460599752,0.268329656421443,0.46342501391598,0.094880890587738,0.574173294627857,0.310050107349283,0.0310386129043504,0.106057052852668,0.375315829984868,0.433899499472427,0.324297458626958,0.338715688124298,0.587282290596324,0.604455125455919,0.241927246982266,0.243425449405169,0.185453884148843,0.237144004657657,0.288265894225628,0.351606933773894,0.21873442769488,0.434375991029243,0.198060585123731,0.483744080286676,0.394046542005638,0.258932548378997,0.263338251500398,0.116669811675588,0.296779703685838,-0.15235495363564,0.0466884381502855,0.284618620830081,0.63331462579067,0.169295510505524,-0.110451025681507,-0.0947624265816088,0.537332918934711,0.307251128858294,0.059525797917495,-0.103669692220022,-0.218981594465631,-0.0397111288909847,0.168736252358212,0.0143621686940477,-0.213336963387832,0.446306639994878,0.184050056810329,-0.00589588910876814,0.0140009693826394,0.0603933836377249,0.0872641891382031,0.00414579503913023,-0.279368411087196,-0.216907454179383,0.300934471045109,0.058057506539893,0.398497568501712,0.304352369590996,0.5249102053843,0.501589794290435,0.389808100269743,0.22887972365889,0.0741422240776652,0.334864052295354,0.0891335367367245,0.0526130279583287,0.624533486294539,0.380775842701046,0.0952005972101578,0.0278068184540087,-0.135853944290776,-0.235055138183139,-0.0239173786294088,-0.219244487382841,-0.163623486503045,-0.18231589247334,-0.056120080422376,-0.00314652821580423,0.197766129491513,-0.0226884014935585,-0.211210866240824,0.294023488963251,0.365439680941858,0.387870323282906,0.199193429483161,-0.0598805434440844,0.512785540981702,0.443026063572411,-0.110224500769729,0.37469650789777,0.0525546877316779,0.213362001108208,0.548189635275718,0.361726593810383,0.209957929563024,-0.449633538933802,-0.0709495600575304,-0.10349160414484,0.0818445718523958,-0.190703148435787,0.298397845180158,0.262264752748597,0.232131401996179,0.089604423379113,0.262009444425568,0.0780907905551801,-0.01423118514724,-0.191356241245144,0.383481660192507,-0.2081330973319,0.325682870324738,-0.0666094987509668,0.134761094884922,-0.138847583401546,0.129353699719604,0.882286493710675,0.388204298002792,-0.188758917270633,0.447535888790151,0.462901919638971,-0.142607750366887,0.27605051627695,-0.135349256296779,-0.0392068821615887,0.404835552339943,-0.0251561175374619,0.214314925677993,-0.18320565887602,-0.365976235631949,-0.0317525597203297,0.261400997650841,0.341964745877883,0.727707612893632,-0.250060926078192,-0.114987728715249,0.326401144826367,0.0361529576658247,-0.27087153451549,-0.374013070511781,-0.377146152597213,0.18376574233651,-0.321935410402254,0.199354476586368,0.324363726661588,0.442313141075173,0.510640910478855,0.379493318962814,0.118424229781996,0.539502655379899,0.304248327561503,0.395235488926188,0.442277450581822,0.711246936934128,0.223400704636632,-0.237804424759572,-0.132591202951459,0.445846058361914,0.516525022272408,0.0446081282786554,0.147295603520772,0.231421675994907,0.235281523107276,0.332860760168142,-0.110186353177733,0.490258295630708,0.374874533362672,-0.0203524045550867,0.215486378373478,0.273860798148487,0.329381899861505,0.321864040402572,0.588163866375218,0.427665999376488,-0.092126554517651,0.118614539885005,-0.0416263424926055,0.104587892851048,-0.107943682628355,0.796391897482083,-0.253925739602408,0.494921335453108,0.0724835356902807,0.488842209258832,0.570285044379221,0.154204344368718,NA,0.388056571738704,0.0956728842382088,0.550806746815576,0.34461709623335,0.137544906424468,-0.251506504195825,-0.0879349180178858,0.527794212700027,0.413939943499159,0.0554200595985306,-0.185676892407927,-0.224147007984648,-0.384335163033852,0.345485959324013,0.429553414244353,0.538729850853382,-0.2049058927208,0.181709268012348,0.0984773429794241,0.211301390380309,0.315559080434598,0.262818990056566,-0.01791940235807,0.0744297252009013,0.455753824473531,0.327501424423475,0.0240271644904035,0.359114293459505,-0.0983423074724177,-0.186746645422757,-0.0645603954366174,0.0766334967107921,-0.424791532241879,0.379654064898687,0.148957736427395,0.3848824183221,0.341923644414076,0.6667404012951,0.88659282730922,0.455642754220501,0.318065052181383,0.267198885676949,-0.158004369890376,0.523342860630948,0.271177907509394,-0.0674060198948427,-0.0726985031989607,-0.0784172989297078,-0.302650934135139,-0.152259067442826,-0.187377755907271,0.14983961195868,-0.262391868930823,-0.029300168121397,-0.349008964667798,0.123151971824014,-0.213804464651196,-0.249695625772949,0.0368098322659203,0.240127144827699,0.347289122364653,0.308797714449209,0.543401837566809,-0.0306585630036519,0.035939251110215,-0.0149036258017213,0.462500434364492,0.459305083449087,0.384389313474147,0.344793578354668,0.0708635532210695,0.207457022853419,0.290024050795372,0.25272867848968,-0.0455914988226464,0.0349980829687194,0.460797990034994,0.424120028411249,0.0102678974288946,0.134157137100949,-0.0554614505053352,0.133610571497179,-0.130592408287645,0.22459161338352,-0.264276778574826,0.00517857393965651,0.247940591544028,0.0919658877805752,-0.179339877771346,-0.102428740287257,0.0627414704801968,-0.0279489412009464,-0.0540007661129503,0.015661491531879,-0.0912086886124797,-0.0133719674154064,-0.155244936216663,-0.291939798044048,0.102710547735735,0.71236334233528,0.0105207912482935,0.0145926044393051,0.215805915762853,-0.276872180425895,-0.0642561146271242,-0.114899340185111,-0.0108915897862253,-0.0959587014327611,-0.0909856802388667,-0.0213330532052843,0.112560403106067,0.0994116793183567,0.120426455353487,-0.0969761980881355,0.277948916728692,0.00693288169407984,-0.190745560074866,-0.189755394376239,0.175982886726567,0.173585704148348,-0.0313634426726037,0.0674104180127361,-0.339564210058879,-0.206152971370851,0.185029968685137,0.429910609474167,0.427393545523693,0.609193640508308,-0.237619821929347,0.0159331633604382,0.442534713538366,0.381370784018909,-0.0792569194799734,-0.234327025456898,-0.378183103976054,-0.160701680604437,-0.211403564683118,-0.378659200746657,0.198721190877381,0.456520962491344,0.335953755463696,0.303806924524803,-0.446836520988755,0.0332991508055436
0.318299027726159,-0.0371409408122057,0.0568034544156585,-0.0417434306949222,-0.218531046087834,0.609260186502816,-0.0527140776109274,0.199755920807946,0.151924982215196,0.193300100532317,-0.141461182216474,-0.105423557593943,-0.0393127457183018,-0.0985111956975065,-0.310989665422945,-0.259678838676404,-0.223677327420603,0.0224782368319533,0.15342980201661,-0.0856172669466395,0.0307193348415481,0.079336968853168,-0.120522099054887,0.00502411912528063,0.241724119751912,0.0783781626075579,-0.1026792701161,-0.066022805842977,-0.0792515989562401,0.0795728550238507,0.0713657195283366,-0.0371219906953961,-0.0197070558012542,-0.0213652327289417,0.203999974418569,0.138352597565096,0.0346042779862199,0.132473978954949,0.0612365003711458,-0.245150334005709,-0.0744638528216366,0.0885109239485899,0.168039537521299,0.170929164359208,0.261643723527464,0.0769267430111181,0.151410829829511,0.0575213304862626,0.0434359330859895,-0.0759069071598595,-0.0162233580364204,0.0951483072627668,0.356042149815004,-0.0936841457108267,0.0309259948913387,-0.0982160495261128,0.141382782094846,0.0859476401326115,0.264108427999336,0.173259637924023,0.344784205651958,0.742275528610978,0.067472412769287,-0.026785147081389,0.206574183926041,0.219013092286529,0.347068847331486,0.203847889085941,0.0078105746113047,0.2248847417469,0.270643563692095,0.121799072810456,0.0944533488340826,-0.273835454220728,0.0819267736061336,0.0571556581187853,0.288592172975696,0.000969068058634756,-0.124080880617863,-0.133055490864708,0.0509805878611444,-0.130971120614105,-0.0379152806744103,-0.223766623477695,-0.00713932667612679,0.0432886831420653,-0.0979916683374858,-0.0178061529757715,0.117381476411263,0.0197427229267291,0.0461847567129569,0.146099877885884,0.0326841577722488,0.404244604799228,0.512644879332603,0.338645962440739,-0.258098430304884,-0.232598139480449,0.13735647774833,-0.00701614979776585,0.233806752418171,0.301358638571472,0.0340787425983064,-0.0870668032564871,-0.0902668216697833,-0.185882475716489,0.101056435945884,0.21381179452299,-0.0637289915337241,-0.0414797178080412,0.0978745150171326,-0.219298624239035,0.118113141988458,0.280140227882818,-0.0775360411032305,0.156686268529886,0.130765367347403,-0.00671102015629131,0.0306245071922726,-0.20135460331592,-0.00391194973385339,0.135578798040913,-0.0375135653157737,0.251508154418172,-0.0647963717476547,0.26823042253983,0.408102779309373,0.368696199599257,0.263840076928294,0.153198847892605,0.330539691417893,0.0254396509737989,0.011238085425425,0.179849494573147,0.194176305448151,0.327024024482997,0.126942045418735,-0.0560335821304342,0.173955949150895,-0.295175347582437,-0.0342521165295191,0.114972565824488,0.221802373703482,-0.0113160602078307,0.170049532479433,0.249432074184779,0.127719859956135,0.189764573709071,0.24943232604262,0.104326708793912,0.152352101324235,-0.0559115977124795,0.214560793932042,-0.0344886535242145,0.00395404406588189,0.0980834565908725,0.251896297729535,-0.222186547037252,0.330610107961192,0.1444332877315,0.238521523059353,0.387504643185435,-0.0392882553222125,0.356681895252542,0.131667602611811,-0.0556626475402135,0.1133111167335,-0.432047639105925,0.19805405902765,0.181189821506154,0.125866121390679,0.106058973996993,0.116056086391714,0.192454964388868,-0.273431272168496,-0.0801113269071417,0.178391438426905,-0.15843917756153,-0.0445115707025311,-0.0964808087856854,-0.39905336587613,-0.209438110280259,-0.205941379437692,0.169320501414234,-0.204050571289477,-0.0623481524495172,0.0248981466284696,-0.0147030271678873,0.377172417421056,0.0192490346162983,-0.0167562941286398,0.00445132268900412,0.132759313895146,0.134237830641409,0.153391848283902,-0.122308602351765,0.137399936363469,-0.395247358978903,-0.0251302183796571,0.304370456499704,0.114984393298457,0.0506934677200479,-0.363058104502561,-0.0983997486215102,0.0202753930090115,-0.0363144809703872,0.15205109746036,0.279417884356351,0.137912405323285,-0.0859927301493587,-0.334703991082249,0.34466605909654,0.199920623955768,-0.0322028384527043,0.0274689805647524,0.0792915412257372,-0.0746832614006157,-0.268997435341922,0.104510748878965,0.576268049429601,0.56375883563105,0.517955742435091,0.0907474061530517,-0.022409737825933,0.527522545815764,0.166489956483421,0.273841697921978,0.464600711143754,0.480230289195237,0.388056571738703,NA,0.210910895133148,0.479748181557881,-0.0222675328019827,0.0412277628304987,-0.246637980571838,0.0287043535810923,-0.0393916273019918,0.167199649972026,0.0031828464348771,-4.29794286715131e-06,-0.0774523907501823,-0.153072757856865,0.627168709289938,-0.114669204668937,-0.105965840874315,0.0207786472847686,-0.0123473986082034,-0.0331677631294736,0.0454925544664859,-0.161013780690595,-0.0612128645014829,0.148604536995978,0.0523203748525589,-0.067503018148999,-0.0570569897896772,0.374800948836613,0.156342485905265,0.293670985684251,0.185143794829431,0.295221106811919,0.0570327385566796,-0.418667783603385,0.124113475936547,-0.239170236759097,0.393844069259474,0.411137632142428,0.23757130550873,0.201772969744998,0.0942006551021696,-0.123350164962022,0.000744782056289813,-0.142591898666725,0.0261898041549179,-0.117691974104558,0.377867503921975,0.0125193244184166,0.361812346844448,-0.0256935158966513,0.117190307448989,0.125312938515149,-0.141684427203327,-0.125026390343691,-0.113767649051773,-0.00638681008013313,0.231368364882692,0.0533875794782985,-0.00714352539626852,0.248656393537798,0.43941971564993,0.469363931192377,0.491603465508235,0.266954612765845,0.100100161732057,0.222388056285783,0.167751008300136,0.278381567734628,0.200007094578206,0.18396618693332,0.0603247007625142,0.115740648225965,0.0834694169055305,0.0468145339097331,0.173031595545233,0.0499437436629455,0.123841382785301,0.121818186682473,0.0312280484878517,-0.0428139385529634,0.0646471121098258,0.122031824373401,-0.00374467200982807,-0.017304194260159,0.0162673824833764,0.346447950422628,0.380138865642314,0.1416120547268,0.0375978426590884,0.323785499050926,0.165649354100203,0.522410173997394,0.29155677715469,0.243866810634656,0.393569164736165,0.21576801164532,0.368636189215292,0.366856254281265,0.16835342570718,-0.161837465673795,0.0298707388021207,0.275482624600095,0.161463493620715,0.0953378695606294,-0.172647951478022,-0.14868742058074,-0.142476495218863,-0.0431296531772001,-0.208854168089776,-0.156924213579414,-0.205609341225751,0.0234446393126505,0.0800891578444198,0.24021744005118,-0.0364200467314417,0.259848243929544,-0.0535253198617654,-0.183939653555726,0.00368493642429038,0.152478725254783,0.181412840770821,0.186787226716934,0.206320570438138,-0.258074939993024,-0.0381400688629892,-0.0216699753052072,0.0249840882742919,0.10429232241024,0.0982352256327684,0.037960926908565,0.169059262922523,0.132049583399986,0.226951180604888,0.194460574511431,-0.0433822521688799,-0.258325520645823,-0.156092592010578,-0.21401157868689,-0.103012370412891,-0.0501542537187232,0.136573829379019,-0.107066288735884,-0.138250312056453,-0.254504709446611,-0.0931634842003272
0.367275683743068,0.372577036407688,0.165470239545345,0.22236401482815,0.0206794505442517,0.192277743553017,0.0661700652163821,0.269634689495162,-0.0103814497808149,0.345111198782732,-0.0453138607304101,0.128627567510869,0.184257740531562,0.165725436428363,-0.275871454026797,0.0402103601756061,-0.194875733307371,0.0359380283634714,0.0297040261945183,0.113151349821456,0.103447837099037,0.198331558512641,0.197461918866184,-0.174051498444218,0.16116789534974,0.162673916302637,0.0326436378783395,-0.00474451701378279,0.255509979337828,-0.039611227280882,0.413654217324829,0.260683487023024,0.471589932545895,0.109658779535342,0.362695798182912,0.49615706554816,0.160669376387964,0.493402312423162,0.457931112686682,-0.0621552872932849,0.0520376439987024,-0.128407774749947,-0.212178400315101,0.336031955208787,0.51819797638825,0.066791431793134,0.428565075234465,0.171593665562158,0.00696414285364009,0.308032349969462,-0.347837393858887,-0.186051081217757,0.169381578946129,0.0591356649653383,0.0453776736492262,0.222578661796929,0.306964210925444,0.162511230222321,0.520488388895759,0.0962255199406204,0.306727217066507,0.324262266807524,-0.233484114464463,-0.0295382519965927,0.298147056799744,0.122140345048974,0.214727139358089,0.143647589131748,0.0893903178462559,0.249210971328967,-0.0875937124707988,0.0681443087001961,0.08770941907997,-0.233329714108915,0.0471171170356373,-0.213848076972223,0.168526289982229,-0.15014014604844,-0.204034808260848,-0.0286076286617641,-0.194693786746164,-0.285666319555135,-0.207120035907559,-0.355471606782065,-0.195199297114947,-0.0785057048829738,0.15074792379397,0.0104957356396987,0.147462929125261,0.211750883619987,-0.349606174149717,-0.246763296653773,0.0415207446119578,0.02261347404241,0.183321634447549,-0.0724823913688843,0.0426425441366975,-0.0355948695447307,0.448929116139951,-0.0574247764557707,0.051958371179791,0.00774184765422115,0.0516955982147686,-0.0209462769334684,-0.215067280647707,-0.311708719584383,0.0350602636916426,0.242882753290322,-0.207737900285833,-0.230754032558623,-0.101176919105156,-0.160013939243177,0.0222140966921725,0.419552261393547,0.177163531032783,0.379671738674876,0.479034584386681,0.229367707046442,0.140052443425369,-0.132185741328982,-0.148312217140465,-0.0166651362649031,0.067066212391445,0.407812783590366,0.299221547276283,0.373992028620164,0.361970613074641,0.473799317889449,0.109754008238062,0.210779803323838,0.125048106201966,0.122551289324794,-0.233324588043322,-0.0924626961995626,-0.254560706025268,0.372652343803714,0.111796187700459,-0.112563396523004,0.183975210145344,-0.303246733131866,-0.154655663061477,0.258207248951371,0.064229834628285,0.209142871606291,0.475764047221381,0.378331370798205,0.112826075748182,0.119640442339143,0.366493492299383,0.367214632849856,0.102152763207093,0.272022163596586,0.0804161570943219,0.152575232956551,-0.206738252657782,-0.193246113066916,0.0715871186235203,0.00338413139034565,0.209871110684228,0.142862815075537,0.322749458316811,0.272129334339351,0.190953680260107,0.0490696221302399,0.314854653720069,0.183675171785667,-0.111389527897953,-0.17835405335769,0.132090692740103,-0.11189863690248,0.185301048325896,-0.00198330411093777,0.0907135931330264,0.246217983612413,-0.143010735255854,0.159404172983419,0.192489957507097,0.067018159355839,-0.160687582542177,0.062526269245845,-0.0892259327571532,0.102603847580151,-0.198910393883861,0.311651753333751,0.00133586513278438,0.214743779222579,-0.0947211717408321,-0.112641622868916,0.0420549616528392,0.384748646945988,0.352955294096922,0.0643672506501009,0.393900600943597,0.362011571471422,0.500530837136766,-0.235931614354734,0.220311729723027,-0.0392873663381851,-0.136549235230015,0.0426694262413148,0.386202445852053,0.168470933868166,0.1828486569667,0.137179724135178,0.481148580010806,0.177942814312072,-0.0479944183163931,-0.0848395381917537,0.228780680972977,0.0576520602381284,0.00374304661549594,0.176233800934194,0.539642501425983,0.489743340377333,0.319572566738143,0.50948491932791,0.299353373718016,0.244967107293139,-0.324038870040788,0.143875416086747,-0.0521367709243493,-0.069332847273945,0.0329992645619959,0.25995309543063,0.322347115571756,0.492670270082776,0.267025495398793,0.206033913887947,0.0564784581231607,0.0956728842382089,0.210910895133148,NA,0.254542806074544,-0.0438076239636489,-0.0248268015921711,-0.314188410116437,-0.00737061609913615,0.140507588128779,0.0996047615643722,-0.0645742276072098,-0.115026743661453,-0.176475420098047,-0.150149519321713,0.132842949896096,-0.249548339798736,-0.0843513043500588,-0.0203819444143887,-0.270008037514773,-0.142839421295242,-0.273198708067041,0.0815395092169758,0.0714255789224734,-0.085275168987575,0.00322464858307596,0.187605269636766,0.151754640464152,-0.12214485095555,-0.053314891854349,0.0245514676597193,-0.250674440208047,-0.164281861282532,-0.38188050157333,-0.101450211139317,0.399012735866545,0.0552667415121381,-0.102873650947406,0.0813586335204134,0.0281378422950977,0.112148282171746,0.131189401694866,-0.317441319270162,-0.214694445587636,-0.311250964739268,-0.185882241698162,-0.297977115833429,0.102546809762361,-0.0801773592599772,0.397845224356529,0.219415282770468,0.083609296769467,0.205723292638214,-0.30793015627192,-0.109024405483554,-0.133149065976482,-0.278643024803456,0.259112431352803,0.257534211275209,0.403681715355677,-0.0347113413314585,0.378475324460363,0.26699130380374,0.253976170428391,0.0904031479319295,0.00700302281619158,0.00364073359738884,-0.047753781287433,-0.185225060866154,0.119952253480221,0.283221564682656,-0.198955041778241,0.0568793552117044,0.240309612820229,-0.444475064468483,-0.0842294975319329,-0.109769309390981,-0.033401125887628,0.0232685334536239,0.0403141192124659,-0.29685874861709,0.0918526915293481,0.245810441306062,-0.057301295595281,-0.122625869583535,-0.0188251128799153,0.324835764990162,0.3972144401554,0.215596435688004,-0.0211053514122075,0.139947760586486,-0.0818674777667814,0.216909620092247,0.411120095834,0.360742868068964,0.385535468704962,0.36757630013795,0.0741140950377184,-0.0731722666987925,-0.171656410601061,0.0958198194131963,0.0942943884048995,0.462184962808818,0.206054092195546,0.0638165964573473,-0.270026432944811,-0.169020650672797,-0.216531217889457,-0.254678686204684,-0.235637074136674,-0.165808631909887,-0.358711520043985,-0.0791580712690492,0.0282633509992073,0.160279841517858,-0.394209171459088,-0.0135989473506748,-0.0608959810744975,-0.309249656270435,0.0472089161345476,-0.0753066957278361,0.0648911132919023,0.0125826081237217,0.096210098186708,-0.15843150917994,-0.153524814575243,0.138927037129498,0.243857647687474,0.0345567435504997,-0.0777389874879487,-0.0544224836160062,0.0103886555317595,0.19943814354674,0.0727434603543706,0.0881590463359494,0.122337489702004,-0.187483304297421,0.017847708757182,-0.10360897344354,-0.111953198235996,0.0619196975308972,0.138703653617111,-0.191026025810089,-0.0195245640937849,-0.226215797403817,-0.145586922739928
0.196419905460712,0.438248416865552,0.379582982952283,0.170632294051029,-0.146249546807717,0.404838465608885,-0.0433187895001039,0.393428510626487,0.227245624610882,0.402401255627342,-0.311640615862097,0.0946468274301388,0.13586615503491,-0.0135213870692605,-0.434557782245006,0.17879314479794,-0.0213175618453963,-0.125390178811152,0.030386646755545,0.13965076116357,0.417763632135712,0.30790036465649,0.319778892422179,0.0618699771989773,0.439853844320144,0.00302530492814068,0.166037743857956,-0.00740585343896483,-0.256837142749193,0.409723888711764,0.365686473765833,0.34066152200849,0.391150806495167,0.542990022606743,0.426134070338401,0.535083718393975,0.49743813673987,0.451707009803401,0.428532417244939,-0.00403228960044511,0.419149175251009,0.140130510372228,0.152667946368216,0.288832927711973,0.295855626750747,0.35567457811735,0.63137347825423,0.151767535561226,0.372818044732127,0.325620062777142,0.0577220649787282,0.148467288154514,0.372090573792991,0.256354561489019,0.226591524411666,0.214421473581367,0.557968063047167,0.280228082507456,0.0944207624922791,0.318426416038803,0.451976368315493,0.425182194124498,0.237294481511962,0.108269467952556,0.475873259048941,0.548729678882184,0.709902505836522,0.615731555102806,0.446708278075697,0.459009006527951,0.229728701033876,-0.0557332540780055,0.161234748964045,0.0270518788769111,0.144266174897963,0.122899875073,0.439411795122639,0.174456915396475,-0.20976841832463,-0.0831410139090553,0.175343779014516,-0.0516627414461799,-0.0536337025268393,-0.151265722740409,-0.175254043512008,-0.00338304533936451,0.10317311570402,0.191478777320712,0.0541525068497963,0.461962551213235,-0.0362122904750291,0.0322677701482939,0.225612204856761,0.149470448392883,0.135704955806326,0.131911292451884,-0.392876379287816,-0.473481267258057,0.30033134641657,0.0408565272340044,0.336191878765578,0.199912342401089,0.434674587067224,0.192711395560312,0.335629593806911,0.0377281462493496,0.155817857795319,0.33723306616049,0.0211406371227192,0.00673764396039817,0.433015395391586,0.190049151236922,0.174387859269325,0.403899785889297,0.0557113909346338,-0.0664707838226193,0.0302404065679968,-0.188741610315088,0.0240901488274752,-0.0756115256420915,-0.0875675151526629,0.105335958867765,0.0251974595930029,0.283114535443628,-0.0774659027173582,0.147355045134721,0.297965283387467,0.389164323597507,-0.00645735609605643,0.0289842037297225,0.50505220294081,0.185861097922768,-0.056149930581954,0.00805134274158533,0.0314821639364019,0.474618249921158,0.295816352368868,-0.0232383274632137,0.0910148073066272,-0.517512055133205,-0.191748050901834,0.0357301077119465,-0.0858014609584897,-0.125048583352577,0.329086744817692,0.29973853859979,0.177886767506123,0.257987947084566,0.578951229721454,0.112044948153015,0.0657902769572419,-0.155920465114641,0.221679524112635,-0.197050932980065,0.0350343910455997,0.107547272073416,0.202742842896839,-0.226431510393404,0.0289961457887998,0.522904125338397,0.555886691844126,0.0332934206927238,0.459260124780578,0.463623811865323,0.273290219049995,0.126670001620344,-0.142735146262323,-0.181299439393068,0.432698429073751,-0.00639268307127481,0.437029616630755,-0.166376255296023,-0.0989681824609915,-0.125966566309015,-0.200248155711892,0.123227804957703,0.432786251710546,-0.0108976913017932,-0.206639317468083,0.389866224845313,0.0269148081222413,-0.0176198262443311,-0.442871163928907,0.014273764277435,0.224655061579796,-0.0654280430525544,0.0345499555417031,0.261281406604017,0.247655539828852,0.467787816071347,0.361542403895325,0.012437834262286,0.443942024744524,0.334553092891914,0.368377954360986,0.215160130001198,0.515913587643235,-0.0439928896880406,-0.218613013087791,-0.133185329425888,0.4775150588466,0.412664488031102,0.149147365291638,-0.071576008803297,0.213726985564644,0.380845756238563,0.205545596248049,-0.239473418062582,0.394713112775934,0.248975742506116,-0.0741784989064782,0.331042331132434,0.619638007926594,0.484927736508408,0.227664576767026,0.307182865514635,0.34297361550473,0.192546302769997,0.0742948100604583,0.0551986936704899,0.0201628785050951,0.115804752474808,0.408051037786256,0.304898426986049,0.53024434982062,0.475070287543568,0.899091660184585,0.312998279450103,0.190418010837754,0.550806746815576,0.479748181557881,0.254542806074544,NA,0.310377404666528,0.191028082773053,-0.266704274713246,0.0978057444597126,0.230282074928571,0.279573102965365,-0.115565900601054,-0.124638200784689,-0.0868612831844076,-0.371207394606187,0.553191346877099,0.0687696622868536,0.248765975590292,-0.356047241898535,0.0827723845510869,0.0785888701625115,-0.151427098635098,0.142956042422442,0.161667519079885,-0.0547417613752145,0.0527315695018789,0.665540065463332,0.222165669262025,-0.0307733336626934,0.050122891829841,-0.206808794530124,-0.0234610346522545,0.127279620276833,-0.154867572787589,-0.556753377384793,0.328375505989122,-0.0660914889573041,0.300997029825418,0.214898653017836,0.446045575060359,0.434536304613043,0.521697253248449,-0.0443716437535089,0.0643248141222595,-0.393983569520103,0.211523594605121,-0.0556326293656067,0.00112177454990773,0.0172036195496969,0.106430389722756,-0.293861494428101,-0.0965472474377801,-0.0137546880789871,-0.16272925492944,-0.25416918613728,0.107399490794092,-0.0830301919670525,-0.00924276035434557,-0.0392369602315858,0.0278867103290836,0.135844156917018,0.10323867170201,0.398278095077507,0.0684991356204409,0.206308315981365,-0.0426719100183245,0.0745157830587443,-0.370598636440431,0.202776366868078,0.24672242204468,0.154780852700464,-0.010949510179894,0.0622099372046637,-0.0023678146710231,-0.0298985985412018,-0.00874080144530304,0.0148150910271457,-0.0737474572818033,0.111098435351499,0.197857534033734,-0.210299193622885,0.190130109425095,0.0433863380863044,-0.0503257526513093,-0.183007296150666,0.128243914469328,-0.0593067946737581,0.303257104125384,0.394592787730933,-0.125031441163113,-0.0978448470354641,0.188583353163003,0.197356246990545,-0.0263082357870451,0.132153192768068,0.280285119738642,0.149324103988285,0.0901844433767003,-0.177905361580222,-0.26863724585802,0.124511612625212,0.546729324658025,-0.0271812577140638,0.208476377150619,0.0363214911881309,-0.215644918551368,0.0702549638746255,-0.107481244020544,-0.135785113284463,-0.18017304616213,-0.128037726403648,-0.19282740473746,-0.0778266054476877,-0.0362291649159351,0.0107376749586099,-0.076697310246662,0.152627508752289,-0.0534433110961062,-0.317467269883809,0.140472313287137,0.0989035423015697,0.246259250271123,0.0552431868606241,0.180805902474588,-0.214690570011265,-0.0229302855399121,0.112657715499662,0.244935217606637,0.118631112511573,0.364530030388041,-0.255442873389107,0.0991494039453297,0.47468090355942,0.270401142956,-0.0721319454363163,0.0012521118155724,-0.273378169209271,0.0433372945013361,-0.111337220255146,-0.0910455040485662,0.236224025378022,0.399290611931075,0.110222919852166,0.10299907001156,-0.15326070926424,-0.199111762346832
-0.0597164444296428,0.296973428184946,0.0650798114945344,0.107742079391462,-0.0987067853231099,0.0417596232143605,-0.104983338380378,0.158527855704241,0.148841860488184,0.301616730242898,0.117590711251751,-0.0846244825210144,0.134465245093153,0.105058560536631,0.0276088608498652,0.0142586800949696,0.106215065307011,-0.0761451922519714,0.0698649289388722,0.124526497574838,0.314676096583266,0.26989077760993,0.11572596925776,0.146477746432584,0.169142912876666,-0.00656975601106332,0.345946924961599,0.291847946303797,-0.0334679276830035,0.206614690320835,0.22119138236157,0.29457232638948,0.301599892212283,0.423713080433776,0.194128969066491,0.361749586975513,0.487397058812241,0.224010204106572,0.248734508052123,0.0801152216697642,0.248502267777208,0.0272274341180693,0.251074519008496,0.134558747523613,0.0404167813971768,0.235558745184125,0.275723998115012,0.0744809107207847,0.217635473978801,0.287496626338806,0.104408451973328,0.180277741287505,0.0515778005906284,0.515259432283791,0.289499707511238,0.165834027076867,0.280815520029273,0.277880065080519,-0.044186532808117,0.0389802962068514,0.0783538748344903,0.0251353274821747,0.221363450124774,0.185691714345961,0.0602578917989143,0.446610882619349,0.276680915966044,0.346536790495308,0.0790301291976261,0.229156612738563,0.509421973168499,0.113592433112569,0.0396174994114878,0.127705762067333,0.0841918672970657,0.304211898914264,0.285076803218289,0.349738017001625,0.123192231730631,0.312693890329368,0.30660349652664,0.168689491375087,0.278701022270657,0.220420363943946,0.103424485194019,0.0410897276840512,0.0225557001373288,0.0990030098781651,-0.118732983849161,0.100432968737879,0.152105625037191,0.09993535773707,0.114504058555983,0.0699436439662541,-0.0562376788553083,-0.0347524959847936,-0.110541134720412,-0.183870041464058,0.118817997752452,0.354259652277197,0.266155670301134,0.061034572886181,0.421030896462941,0.297883527226197,0.342053757122704,0.19228658933708,0.0630848894566893,0.0700257337721781,0.103283689451091,0.175665088276036,0.319358507869513,0.298261212850421,0.0891000424263751,0.1671371598212,0.154442204999067,-0.0816211564208555,0.180912192252862,-0.0803112581226118,0.0343244986042376,0.199835747034764,0.0885169443670951,0.0849977044674302,0.219208773495909,0.00192191426078236,0.0303680822121577,0.113731459993608,0.116320727536494,-0.052999969061545,-0.0220945822185268,0.0309643324152394,0.171874033855808,0.209256779125376,-0.0534990337446254,0.0474350705622478,0.18936685803582,0.162731839819036,0.144642542881504,0.17801229511645,-0.0103180513663293,-0.12782699632907,-0.122254656408973,-0.00413400368237091,0.152267987790073,0.116582903557573,0.0915574878901677,0.129702378309313,0.0757041741034456,-0.00991165457410508,0.166656576614461,0.139761893587047,0.0940563927393323,0.115270518147017,0.0418576005563115,0.00157290920280875,0.130779047649537,0.148019976425557,0.0336776007664114,0.189845280030259,0.198915698078909,0.681248798717619,0.280280847402439,-0.133398847736984,0.168968795109252,0.0692553788522313,0.0465560540851418,0.0511323410034609,-0.0842156558489354,0.22736165390335,0.248809638216899,0.142975549556865,0.0542739983339953,-0.135172307076984,-0.190908298794594,-0.0583787127040642,0.20225921101218,0.146646844473902,0.112008723853296,0.0717770646905362,0.0190306448845078,0.352288280249445,0.297948023682657,0.130310823282878,0.180551314966489,0.0148709370108508,0.351207380555111,-0.0875532940904802,0.163226742525749,0.390452402164051,0.170976020759704,0.370195060077726,0.271078771833051,-0.0306708306108733,0.20602948390394,0.315357953501114,0.311870584983654,0.299629888439961,0.330125654872529,0.0686902063904394,0.177837859070312,-0.0893710979666792,0.291922218699355,0.380133291314799,0.0734116197759843,0.0145831288252593,0.125886534991332,0.212577625198253,0.0760113099435055,-0.287560301921462,0.115939771023771,0.272712580647388,0.245031330292322,0.0343047615311798,0.248563852143277,0.150581837619281,0.215841405403679,0.224575407211114,0.31080047173735,0.0913683676639403,0.141158711190225,-0.143052124755044,-0.109699704773749,-0.0991842290641331,0.4791686817614,0.194443538024026,0.180222881076557,0.13177736054832,0.456794467330778,0.0855510268962403,-0.0445245809708558,0.34461709623335,-0.0222675328019827,-0.0438076239636489,0.310377404666528,NA,0.496623917053914,0.00700120074599943,0.0742605574815978,0.180691402204304,0.0528432697871822,0.112362887420418,0.0815722998403583,0.0192294130315583,-0.0313640778349784,0.210676648506665,0.336788311058194,0.361885063461138,-0.125387105647359,0.217357949009764,0.152132122878996,0.00576560196134768,0.187465571206307,0.0893009550809078,-0.00414184815072264,-0.0267290199682852,0.293755164929692,0.144635349029479,-0.0737718372415577,0.216849685231707,-0.0296205271761929,0.0141147342336667,0.0357677469225961,0.0832432498953049,-0.0321066103849471,0.187747569779114,0.0430852492529415,0.240746029270417,0.198616455748737,0.229656885597552,0.169301331622818,0.364941705348659,0.0822062421375138,0.198845612236367,0.0935571643415022,0.49158865598556,0.122669541781428,-0.0198594538998964,0.0197060528754166,-0.0675953522740523,-0.0104887213270596,-0.152328922414679,-0.0507964511490345,0.142801120735462,0.0602175421117819,-0.0638776852068665,-0.039912129234869,0.238533909763609,-0.145063185915803,0.017281672847722,0.145457103103029,0.0953743478968384,0.0407369963167949,0.120377023903917,0.164093429912168,-0.0211949961349879,-0.00231506113554232,-0.28712777486176,0.154640741807432,0.122672976367327,0.0606293939284753,0.274675027321847,0.0783593929440902,0.2109443442325,0.157189866710031,0.194208210076158,-0.0992025730245302,0.152315210669529,0.174086506281141,0.232810177433947,-0.113182711836839,0.0213663632455231,-0.0392793307403953,0.0960181932346406,-0.262193607215494,0.197893725480212,-0.19131325619161,-0.0162369856368057,0.197517177466476,-0.121815170377577,-0.232095912860728,-0.0918388599121214,-0.128085953018552,-0.0296591936852969,-0.0702131470402855,-0.0855721842155285,0.0320951484546671,0.00952165257040333,-0.120374069149941,-0.142042000065971,0.277922547143875,0.571439948202787,0.00526098592795834,0.160106727053699,-0.0513248508915844,-0.0838444835982333,0.141472749456977,0.00309370758829313,-0.156924120968561,-0.18182486565577,-0.243485921177026,-0.098464255301507,-0.0106616985497146,0.221712569086777,-0.00218970767588734,0.143355392151765,0.117659073661522,-0.0351364204006648,-0.00427197961014179,0.0961276424367315,0.186288285464261,0.161893306090598,0.0983896133657298,0.0653072401057749,-0.00428530152911826,0.0280448255900325,0.222158808049317,0.179452941924103,0.17629444347848,0.260664400962696,0.0592093875816402,0.0900880778786132,0.337733473287787,0.213991431320259,0.260358878034655,0.140258980392746,-0.0197261393546484,0.115820899190858,-0.133903322208383,-0.0245376077621597,0.254085201004569,0.274463951064431,0.297790214211561,0.243477857783036,0.0822571719150428,-0.158060409646767
-0.33187774077609,0.139091830022822,0.0383059167372475,-0.10260434650467,0.0247374247948715,-0.0490336165160164,0.0481739412195425,0.213999036781016,0.0354523029555677,0.293521682787223,0.0763740982529757,-0.0744929563584509,-0.0023328351129953,0.0162138092480064,0.297133815938795,0.125405466567358,0.199779471674735,0.040414264015242,0.233127466803586,0.102141999144479,0.0822558362920036,0.298666005667057,0.213897196711248,0.118592226471586,0.117760125593277,-0.20876181736258,0.399951660648455,0.428060605261863,-0.0595440510063833,0.0940515971818151,-0.0374722931087457,0.0569642454773956,0.192395077136447,0.184230174265727,0.0641005477857128,0.159969785382199,0.0314172930322924,-0.124403568008488,-0.0159775012303771,0.198221141298849,0.13680984664226,0.14675497982109,0.380266275621108,-0.0986527112635645,0.0201919860221379,0.0463923643902775,-0.0554197730444657,-0.0716922781982461,0.141426583463257,0.0664995484043386,0.256547565702145,0.237306474652232,0.03609627259443,0.330225642865434,0.169397441305306,0.116129145717805,0.0685792068137317,0.143147765379841,-0.052378439457984,0.296635432810202,0.204937604598257,-0.106722549813534,0.227720381762786,0.250568228621374,0.231893707208276,0.312203631961373,0.220509814109328,0.243307471727909,0.110804655781625,0.130139022797703,0.503303397522913,0.565253144903513,0.293750274049268,0.0540938314673742,-0.042513488525941,0.248318949277381,0.17942259644231,0.15222597783173,0.0441201812004527,0.161074905525267,0.342518656610547,0.348088629228277,0.463040472954437,0.292069706645671,0.0654300905767916,-0.132488460026271,0.132767476592318,0.206278388696679,-0.27044784394566,0.125105634493213,0.195176048651871,0.0615842566584259,0.0948111643023067,-0.149828549284868,-0.251349829159923,0.148521714515699,-0.0294908626500616,-0.0721676090670842,0.11695428892981,0.170570107655713,0.161816883790467,0.342124376432231,0.296489520833754,0.480562015032132,0.29248393114559,0.48941229791005,-0.0638122587251684,0.0409359505799275,-0.022483907102902,0.406012969782397,0.275570254444525,0.270022909253353,-0.00875568743581358,-0.0201658030600026,0.179772923191391,-0.205890032126721,-0.049223264644745,0.002892138384783,0.0202976956297484,-0.0996114507131202,0.295061768553071,0.218290728686849,0.171935579892496,-0.203215769717931,-0.135091582903056,0.0286070412214957,-0.140322190490385,-0.122354385937921,-0.0410958932594068,-0.0471444047780376,0.0489327357126561,0.105996243159255,0.0491043630302441,-0.131566964551175,0.173346893453172,0.0634556729299245,0.205572363900317,0.296004964489801,-0.0241942922694219,0.0572384974384491,-0.0778657134356546,-0.00885965653767572,-0.222732065227122,-0.134357635946405,-0.149241773090321,-0.107198235602336,0.046228710886189,-0.079028607083866,-0.0663064328316704,-0.150059370431894,-0.0646716303849857,-0.130419002472085,0.107557709963454,-0.0596889032876247,0.185001199734586,0.0305270448730769,0.129022094813739,-0.000866282154167517,0.23115935325574,0.334748858041482,0.0697614518677503,-0.313876940544291,0.0961261609750681,0.20161056363674,-0.084043834141655,0.124717068891774,0.121903325495929,0.229921040436516,0.0853719732707734,0.0346441158226018,0.156321953364422,0.154801071759931,-0.235469935658639,-0.304913677949709,0.30894475748498,0.243154458582442,0.0541860924382332,-0.0192990873978046,-0.0633457875886758,0.0461359924023348,0.122273104668594,0.0240657814930783,0.195896906360543,-0.0559292186581327,0.332499399693562,-0.25194212456467,0.359206380353407,0.287151585737964,-0.0352320222267199,0.153085095388361,0.0939058664223572,-0.0310144963721333,0.031034232677989,-0.0146318874071332,-0.10800206081283,0.22697784016684,0.056947054836606,0.185137662108916,0.104377557211913,0.0656343205068155,-0.0864329469316811,-0.0753397885072763,0.0877438110057687,0.00589326996117854,-0.125030664244671,-0.165798349864756,0.242700954907616,0.106021314988948,-0.0202098946903774,0.178012529311205,0.199043857072624,0.0142416725440875,-0.0216164453035201,-0.222909192906471,0.211654454308499,-0.135210807337858,0.0158623511487529,-0.175604446266534,0.198079346607744,-0.116108917150718,-0.18771291467148,-0.0295992828570536,0.254378803648974,0.213863949926114,-0.0326350689545449,0.0819886184487229,0.291720441946902,0.116960433593778,0.075434157622279,0.137544906424468,0.0412277628304987,-0.0248268015921711,0.191028082773053,0.496623917053914,NA,0.162279645201752,0.191577030118798,-0.0380316079144441,0.0254376247406847,0.162042315541376,0.162884732700706,0.0264583294488948,0.0316876855598077,0.196770612144601,0.394741502215038,0.206848949379072,0.18054659506503,0.309453272508511,0.179191556330063,0.168202681657106,0.267740970812866,0.142744151285528,0.024620063897371,-0.00911991852670095,0.18023266248215,0.157662453609933,0.109552920267958,0.0185116962339472,-0.0796870590618456,0.263191618412444,0.229419236917807,0.277483742054989,-0.00702244778584468,0.121339684007417,0.0375912445690602,0.039873764467795,0.0394677948324981,0.20710771824224,0.143531086650723,0.0664651108316287,0.40966250379343,0.200753547446251,0.155211755773914,0.311793141919139,0.365085025329664,-0.143727391938468,0.307583915088524,-0.0193283295616429,-0.145081215683933,-0.090204351422894,-0.0901897837501168,0.395358829877575,-0.00618521173809166,-0.0605611254128899,0.0455676338266477,-0.149877092728602,-0.12045158206846,-0.153335128705447,-0.0155269498619947,-0.145238790647412,-0.127576564577965,-0.125254500821455,0.159510368379813,-0.113771903871346,-0.0174306166497317,-0.0849548142637326,0.068347897920514,0.0969174268328782,-0.0429123567290023,0.000863221723324163,0.235190248156638,0.0287305275449679,0.0029449106082991,0.151620107069147,-0.0372509956541079,0.337755685241435,0.167127429305668,0.286304545267987,-0.211753264319747,0.0633985739557952,-0.152472834010429,0.184644181527955,-0.21824341855494,0.293558467653085,-0.15946877476625,-0.233615533609106,-0.0604930378297095,0.26907910404766,-0.0633450123504613,0.177705346669841,-0.157165468784751,-0.229529383805136,-0.189530962171041,-0.177527121254325,-0.145673596264891,-0.0855067299183828,0.198834561608226,0.0805829576091941,-0.0267144413229415,0.347635250539036,-0.139346755117281,0.190539788598057,0.0332729281544819,0.0224661424931706,0.187154509652808,0.044692844908063,-0.136773183554498,0.0604033932786277,-0.0464646135537479,-0.110045848246778,0.137644166316612,0.00737750117327403,-0.0762790794685631,-0.0604700954474466,0.363218219055378,0.191473384322889,0.0129053810178444,0.188694884271442,-0.0111377661067418,-0.017426306341161,0.0570547890602358,-0.0536709367449321,-0.1336081127007,-0.191190569715465,-0.0139112249967462,-0.138937167264315,0.350191290503362,0.249942433429475,0.113905863110581,-0.00441913118996477,0.275483306058479,0.0979234822589666,0.136690772313143,0.0877534570593882,0.243788809133432,0.223516157627583,-0.410572686182726,-0.147399316475716,-0.0369582236615396,0.237650677549195,0.383669605736077,0.449406746247768,0.141986461762995,-0.190263093137591
-0.389946570879099,-0.402326685185443,-0.212157484401011,-0.140225222304949,0.107849665348411,-0.0987734178526525,0.0912298137544469,-0.423748013121041,-0.00382410414360558,-0.32526686287428,0.0674000250986332,-0.197095437271747,-0.327804120527278,-0.215871977355045,0.52772930754678,-0.141822620128722,-0.0961387690101253,-0.148082394293527,-0.188884484827004,-0.29756995064532,-0.332863670552139,0.0360883098037609,0.0839370998388362,0.316757618049269,-0.0420669762405324,-0.0551802619793306,-0.142583872577224,0.053859435522908,-0.0363243804530466,0.0472694622815254,-0.600698375666523,-0.301282360095138,-0.229929385701885,-0.175488639763536,-0.394689895972346,-0.33702807172368,-0.366720194719568,-0.344984781622138,-0.0181008689652066,0.121254670391545,0.00545073660472932,0.0292487423645623,0.275892764302244,-0.207238619634321,-0.412380572948305,-0.364819350171366,-0.558938144883246,-0.247137307047453,-0.0250942430129888,-0.294437692281247,0.316924040754398,0.387523345295295,-0.40644281253937,0.0213792282132882,0.150613340310576,-0.0823649284205419,-0.665184620968517,-0.0542402569888509,-0.0540808167796694,0.364743863146822,-0.186203705098794,-0.214948111775387,0.28739188286185,0.173915157415702,-0.30497310659643,-0.0423898088047328,-0.269440882190813,-0.134763684419909,-0.220301070482501,-0.412585624793333,-0.00757592784158985,0.25177900061696,0.050320921677919,0.487176205643849,0.0766682294244504,-0.00338846437412878,-0.221570586039411,0.202569840919933,0.254657244330736,0.0909486005050284,0.10450323547623,0.313246656678207,0.287432998625886,0.458374867442797,0.215290579588574,0.126346573077803,-0.126079952011791,-0.122767869501654,-0.4750683755074,-0.25555563260539,0.103966571122783,0.048794102350011,-0.199018715077444,-0.0669527622596312,-0.278832332391304,0.187741017566071,0.360030046065195,0.272292413847536,-0.332356268157473,0.247126699860518,-0.194988821547746,0.02770194455467,-0.122990020338458,0.068198505875346,0.143515797861676,0.497370854609596,0.111114427716801,-0.163015397544348,0.0209795084545839,0.41635168331063,-0.145062903756548,0.326981029411764,0.0601722114475267,-0.215125654257528,0.154645553236586,-0.0845048675863112,-0.0737496792962826,0.153889293950082,0.0195377238549698,0.154334904304587,0.185071995387192,0.155701742779449,0.13224727071595,-0.124445219188242,0.0895831889711665,-0.103481555816086,-0.275533857793965,-0.341833541263176,-0.0119023132011626,-0.235665498018618,-0.306552540454455,-0.231157176443873,0.0658485698055921,-0.195432404721024,0.212835738950462,-0.405080775996837,-0.166992975095407,0.0436002818205211,-0.0761838244017908,0.658046933441344,0.299775639200723,-0.219265188793566,-0.253056131462517,-0.30001386391016,-0.28293531149857,-0.320105830425231,0.188812928596217,-0.129106368928153,-0.169690207447405,-0.278225310363001,-0.0681752081528685,-0.15837007547625,0.0113419240168517,-0.0978826793200427,0.184835662859188,0.07183350036218,0.0946833977948593,0.204363922757664,0.112048507526864,0.0751532537191818,-0.117089440263699,-0.261246072988523,-0.372163904914379,-0.22897744466867,-0.00183949166055949,-0.177396311812414,0.594053621979385,0.755032715375256,-0.402381335343508,0.118900053519005,-0.401188364971633,0.100058921597363,-0.13665026621042,-0.30320896545925,0.131506430563076,-0.304329622107958,-0.576481816521725,-0.308306412424956,-0.0334971897126409,-0.190595090013487,-0.0266755061073091,0.393760811636496,0.479104647492375,-0.00690083247684475,-0.313575509813606,-0.205493921472632,-0.0133208156601486,-0.0240426951923657,-0.2588005050679,-0.588339023413503,-0.341010452705298,-0.183982449543723,-0.427351766642474,-0.377703413023845,-0.250601341613656,-0.0355100396562661,-0.209116401117328,0.15126701873956,0.229917732600415,0.223994197468148,-0.274962652988811,-0.333387311582215,-0.143707540694939,-0.0148121820142367,-0.40206386574141,-0.298187019215298,0.254839197044954,0.276773320508474,-0.19125300165138,-0.205599538558081,0.0719715539919124,-0.493926867717766,-0.560071837262407,-0.440480615155295,-0.104768053221686,-0.331628893435603,-0.241273061506689,-0.0315578643515754,0.486246181167023,0.081988397607179,-0.259263189592054,0.198518794208696,-0.239742856621703,-0.0979378944327824,-0.126979509803559,-0.020290033148939,-0.349238452224335,-0.239306657734154,0.0174429480215966,-0.251506504195825,-0.246637980571838,-0.314188410116437,-0.266704274713246,0.00700120074599943,0.162279645201752,NA,0.460771071958588,-0.401976676161137,-0.209198784691309,0.516828333399556,0.398345259905676,0.676284818616972,0.574507019997543,-0.480782976534618,0.148244899116514,-0.136196015633387,0.483902448229291,0.162841394296586,0.230377913922836,0.246377381678726,-0.152855779803841,-0.133461187957684,0.0516334008436466,-0.128479432644178,-0.226595626626019,-0.105654879500001,-0.0691256976285568,-0.094888878871975,0.0386450514464939,0.540387297097126,0.3316527185131,0.398988563312436,0.315332325825795,-0.387562324708628,0.0375138227387521,-0.00331786003317012,-0.2467525878639,-0.226147546166168,-0.267016771266864,-0.320824534716737,0.266972215852836,0.348809309390913,0.715851206476876,0.0676339653776363,0.336768812559094,-0.0914245377455751,0.661168348711634,-0.0357089603293734,-0.0451184815923951,0.255192451816168,-0.00989096743761065,0.218754945738238,0.480673984957523,0.507358625605597,0.262805032360199,-0.124292989246921,0.127510259475756,-0.00557988631680482,0.214253147322152,-0.485365499275909,-0.288381644811261,-0.194099372759416,-0.440232686518844,-0.293375866774259,-0.302390667162868,-0.0545805410218947,-0.22193499576502,-0.289302643903797,-0.176916697833155,-0.269582682475499,0.192166091729118,-0.405964857806759,0.0142883309552014,0.0909632099621894,0.223198876696455,0.199412573333389,-0.0696060687853262,-0.150401884540717,-0.066522805172077,-0.102100868031687,-0.250529054945119,-0.174591405345542,0.00157208123219244,-0.0413728468563238,-0.0541469598069667,-0.329855568318997,-0.233632237136201,0.348652146382954,0.176916679904888,0.322429676588643,0.0610130494688247,-0.209345288840534,-0.131563151797832,-0.153450561531857,-0.148182619052785,0.0110721620133674,0.518866150864457,0.680507023867241,-0.161840667946986,-0.00538751566446294,-0.220905944555895,0.110227213138091,0.000485837893512169,0.104926192632762,0.0118919609041611,0.350577510943145,0.216592468224882,0.356226906006464,0.269379204791417,0.315111299058142,0.32466273284808,-0.457258339144789,-0.456024538304131,-0.200956937819167,-0.2772425283246,0.308946129182187,0.502160442034595,0.138523968371485,0.227669084761522,0.0640123221980519,0.18897327823854,-0.0435157593165033,0.381080605819635,0.225258410178171,-0.138974825964677,-0.216751644569413,0.0934061199698208,0.0286454423402409,0.323730937421456,0.196190934323489,-0.191938433321604,-0.0281448986660868,0.024836357050858,0.0491754494408041,0.578190501429727,0.254239319814151,0.270634412201804,0.352162905823892,-0.125087809606008,-0.201554424233845,0.103963965160777,0.110791176580874,0.225175423473744,-0.0336848510871698
0.260059802440598,-0.319040066649058,-0.298429236283312,0.407953745961291,-0.0115466343877313,0.470879273257163,-0.145826723333695,-0.156985649823351,0.182482076375422,0.000721533192234132,-0.0306164968360888,-0.157548508801367,0.0285166792714044,-0.0471661737677363,0.370762425941384,0.0375840688893161,-0.01066314496114,0.177924584087743,-0.00468602390480722,0.00750190263096012,-0.407336475343947,-0.124181561815436,0.25977903687832,0.631617411049558,0.64926807508018,0.246385487640943,-0.0548609934658558,-0.0332085805137784,0.182288315969163,-0.0874908614091209,-0.271059270143391,-0.0022145369181664,0.235447687789652,-0.290794119707014,-0.0126317446803484,-0.0865120152880079,-0.24873272692325,-0.153388384842889,-0.0561631963062759,-0.134942542309314,-0.377650855063449,-0.333244989071664,0.188504531134311,0.429473076144266,-0.0313743779912482,-0.284593820833957,-0.124154982926474,-0.503405782068661,-0.332623404412304,-0.438775219735051,0.117254774090405,0.333219663007676,-0.216620708305637,-0.0481096400654242,-0.0658430736491532,-0.249035264698645,-0.423736483685612,-0.202026336634891,-0.0814406326596961,0.231359819338858,0.320886563333357,0.315626410006857,0.0515608285219584,0.021968716181569,-0.0516550921395342,-0.124594428471625,-0.0483498832422568,-0.0746191276120039,0.258071106301311,-0.0601722502784164,0.0463986256941652,0.149326896981088,0.0760296161661764,0.45212252451378,0.618231178375523,-0.228136262518996,-0.232133724433414,0.376332519059034,0.407973126227307,0.564873494712258,-0.0716453675309233,-0.190987391124449,0.119955248494057,0.311361152120988,0.67168022103653,0.563690172317795,-0.137501314760893,0.166846704337621,-0.243997721246386,-0.0169318501826979,-0.286406645978156,-0.0921345808088175,-0.123720606224357,0.265884233066251,0.20930962978331,0.332178963555953,0.129014701185739,0.107182426109111,-0.107436783381495,0.236948443244619,-0.204966365098458,0.1126149087724,-0.308183362835636,-0.168645931204262,-0.278684134835469,0.0300700049589685,0.548994571021781,0.151334650980616,0.239397630052553,-0.135614061343305,-0.257999425786246,0.247688171923093,0.467260539615314,0.252844404177061,0.473368897276569,0.197015043844096,0.0280098760034197,0.356069913351063,0.228953317245263,0.0506152770719184,0.313157997163078,0.277952623160585,0.244292085368529,0.174402313175055,0.0394109606022528,0.318016681479518,0.0545242560055012,0.0422543610964492,0.0935955582227439,-0.182516676117653,-0.17689749908083,-0.0961408147648675,-0.00956590130054938,-0.0712861207050453,-0.00248398571624014,-0.029597162754981,0.0557738942647694,0.259060591475224,-0.0866410352022428,0.298532473673947,0.186863248928525,-0.160805783772198,0.0358437271697588,-0.123868197942558,0.338849123096845,0.338867965261602,0.66153800428536,0.425395175257544,0.482135347200146,0.301889144636773,0.357613977857571,-0.00952575147575974,-0.239411103088429,-0.00254491872405066,-0.268759299645279,0.399499151941468,0.508432361140316,0.199640439691568,0.233565052837649,0.1019214590851,0.168581794848536,0.060673245498949,-0.294219405660861,-0.194817921116452,0.714804724304516,-0.155513454982177,0.37704563678633,0.190969891604403,0.159840421434983,0.494082552988584,-0.201150063202684,-0.200140187434087,-0.175216375807757,-0.0891402256409295,0.148314961955968,-0.0223308998492781,-0.170774266037712,-0.112925403227096,-0.0624829343802359,-0.424972343635474,0.0139140375671676,0.679197305403694,0.222329161152067,0.312850679656768,-0.339959164139532,0.0398832806415131,-0.111215933887545,-0.177683087123592,-0.312132904466065,-0.140684377480955,0.144458475362938,0.115158956128381,0.0416032533092186,0.0908053903085462,-0.0578065292120926,-0.292184436167319,-0.219638131709864,0.0197753443338344,0.0476044287021179,0.383170741596279,0.0382283334140552,-0.305835039954549,-0.234379303008155,-0.0161428150647984,-0.156550241311788,-0.259090174369835,-0.109466044563798,0.174926909624753,-0.0689973279529849,-0.200643191407283,0.0250276088803709,-0.137044060491611,-0.208244191778478,-0.0488768633532305,0.0231883166630037,-0.109542486235843,-0.207949460771829,0.0430269331915668,0.17625955559291,0.584359461952347,-0.0911526242702203,0.622882641175366,-0.377761071118551,0.0179030595155154,0.335441632003937,0.166470983718044,0.118405004681145,-0.192972016337067,0.186244445621762,-0.0879349180178858,0.0287043535810923,-0.00737061609913615,0.0978057444597126,0.0742605574815978,0.191577030118798,0.460771071958588,NA,-0.401911750967393,-0.0744753431098539,0.494484030073129,0.994361176862527,0.929181675260158,0.34511237322592,-0.00700460634870513,-0.167456461058862,-0.27190679917584,0.171006212553028,0.0657808809617699,0.401359530969019,0.159906133882642,-0.171119714358754,-0.14586662085596,0.169154158840248,-0.111608508809028,-0.0294484034189392,0.0383971091699088,-0.109057852838567,-0.0639436568760053,0.201335562742001,0.489280801863069,0.481111153201163,0.0496836960200335,0.0503289079383088,-0.234072177979587,-0.0810542700131352,0.0997544709942308,-0.104672888485314,-0.0769254027032192,-0.0914634597969402,-0.0609900390849812,0.00958585621546265,0.00697310386844154,0.345794120265611,-0.0528102169590783,0.247009375317446,0.514377667486898,0.537766787077518,0.322287482950589,-0.0235234204862555,0.24683321999554,0.2834383836738,0.0194000060138751,0.248818815934962,0.728804357469073,-0.0583499258727801,0.0406728850306804,0.179955991740892,0.0569264578350136,0.443056706131821,-0.0662596907400233,0.237869518998251,-0.0538261396700423,-0.254990046432971,-0.102608465648443,-0.0746998607111581,-0.144891722699283,-0.137561443881936,-0.0849712203411025,-0.230414626641149,-0.20153779635429,-0.00637979158829815,-0.253494958400748,-0.0849603037493533,0.371450371984945,-0.211217932427414,-0.00753159128745837,-0.0563579217055668,0.0388013063598942,-0.225026287023399,-0.0717273241050423,-0.041429974973673,-0.214273818057644,-0.0651601678454889,-0.0474811215551489,0.325224756088799,0.258728669053276,0.270654213385375,-0.0642006059290938,0.339221831947049,0.364017941545195,0.695638310548667,0.237713399418272,0.369333386821961,0.366231211845276,0.276195867589613,0.386360669372828,0.491298953476912,0.762773682070328,0.00747160793617044,0.380968264549371,0.0539449439721597,0.373568799067451,0.000282993702537372,-0.155756293274959,-0.139264981431443,0.434711062397715,0.157563747900946,-0.0149167667882477,0.00239393705272172,0.122154638710853,0.00752747319301811,-0.31387542875157,-0.262926918163584,-0.219145307380025,-0.172636858085486,0.275631857028431,0.107800480034966,-0.0347338669270422,0.449593813068637,0.495475690525157,0.531164950113459,0.401282316442717,-0.132840019299564,-0.00948054418445456,-0.254118465545146,-0.338045245083483,-0.0823112842895199,-0.127266329346073,0.212819893001467,0.336545927470507,-0.368297431650554,-0.153045138964555,0.0462668579631005,0.108878722813809,0.0540486482241463,0.140498532254596,0.158406374358157,0.0985873691402495,-0.391289769275312,-0.332209240096566,0.134175067487348,-0.123525448759091,0.0856255779477582,-0.332197571738877
-0.0196410914503514,0.444021004593395,0.438781264936303,-0.0505558504894158,0.0201279182695054,-0.144218204398761,-0.00646487990224189,0.497579976579977,0.00399410222809632,0.479720822002544,0.262176150763434,0.115772843678559,0.409587838649501,0.233700020169614,-0.0836808423136311,0.223403924979435,0.28888764816312,-0.069384943641579,0.0442554602857398,0.306358011682255,0.431202470025596,0.289918442354621,-0.0299661709848313,-0.535555407764664,-0.311089215156374,-0.00790034424645765,0.17554501305163,0.00939916429182196,-0.195787067935774,0.175302490925726,0.459234169084158,0.253890834525792,0.159277223121458,0.465355659186151,0.411007944925026,0.348452012997009,0.438504099501085,0.576736281253639,0.240980033185805,0.367197186172641,0.345915569314318,0.130537746270932,-0.135226135586363,-0.0232715927919754,0.263049181093426,0.22787257775599,0.559865030585342,0.294525595271966,0.504956395109354,0.468367381403978,-0.361078943981589,-0.411040374003912,0.263133324230299,0.415924705387077,0.138518391104601,0.320642097466535,0.744490899794429,0.320490587750864,0.25808414166381,0.126410802855043,-0.0208281224644004,-0.0468879544995649,0.115191693142826,0.296425854412415,0.277178534561537,0.38042416867402,0.0598894274248861,0.250856290877651,0.341562505235288,0.287187081963067,0.154928200346309,-0.00329940199869514,0.229374644904132,-0.166334729018851,-0.20860992841777,0.382363995902245,0.555564293798942,-0.134304146971925,-0.180386849014203,-0.230971247106287,0.423190224912868,0.28852413495068,-0.0992576547649862,-0.162387492035758,-0.280932124993357,-0.201839527907479,0.0208823829664723,-0.114023605909405,0.153254629887566,0.390683225278994,0.0323085419397798,-0.200571380060227,0.213219986703318,-0.246647057735043,-0.250872995018819,-0.420337472387238,-0.304351759700071,-0.263655782031829,0.23005390792915,-0.16111932962504,0.458947500878482,0.245563920982966,0.485570863488903,0.506163724714008,0.172847183056165,-0.0595222473336424,-0.415261305234262,-0.041216713658739,-0.0812734328745748,-0.17989311717373,0.504978057646663,0.122710153992076,-0.157675286931067,-0.11933044433719,-0.265079285374118,-0.246421562741365,-0.196614227402021,-0.0632146524223538,-0.0948048046671919,-0.0366410066836232,-0.228246233821073,-0.340350055433469,-0.20355313189491,0.0091505324429351,-0.128241561452518,-0.12689723558167,0.155198479305445,0.107563181457059,0.135103881884361,-0.110387958744107,0.218849044614838,0.274450257620761,-0.0145677974615017,0.252741950880969,0.144732441346339,0.169210755685043,0.283748378279764,-0.00313169539211834,0.0150819520858413,-0.447707960504984,-0.193197351632117,-0.14718840548315,-0.109151541905761,0.0315445661190017,0.142367285458692,0.0732875611104874,-0.200823174755616,-0.0994583027983658,-0.0554402732572176,0.0151941162100685,-0.123063847784375,-0.0428333197854966,0.226543768049564,-0.145810067646927,0.119216456407354,-0.277557208907485,-0.3474871657242,-0.311882271677405,-0.265284473235123,0.372457860800568,0.364806687004219,-0.0643428002033772,0.325692117503449,0.382363863965356,-0.355677945170126,0.162675735964355,-0.430924818440223,-0.0570563508162648,0.145180484184313,-0.43964427134578,0.475542473640482,-0.049301593957578,-0.0233753347010978,0.124083057512946,0.149144900280347,0.415098083560606,0.512088498876259,0.138424702075574,-0.1542084057941,0.495087275161476,-0.0449300585948239,-0.445797323691965,-0.310515543292204,-0.417566486194183,0.299744297778888,0.155339765843992,0.255123242038933,0.129858574984566,0.271209424083515,0.310931177997263,0.253679745633303,-0.0690327885417743,0.30839576614941,0.306708326936434,0.316386414332097,0.367505143453585,0.478762983677863,0.156604934860093,-0.199403291741057,-0.595464206790645,0.310959775215513,0.457885001802453,0.35327141654549,0.0961227697404584,0.549948026836514,0.418941417568037,0.254114521079406,-0.404846910352123,0.443391026231935,0.35135523720567,0.0117288191460128,0.170671153732113,0.371368007749507,0.440962438631191,0.496019989669363,0.479330620756249,0.44780706165742,0.267929785701192,-0.0366741279963124,-0.453359179815376,0.0340808555453795,-0.433633278153549,0.648706500708227,-0.139601569712028,0.0054402147667875,0.111168136284714,0.405169332297438,0.328980106012679,-0.113529376899091,0.527794212700027,-0.0393916273019918,0.140507588128779,0.230282074928571,0.180691402204304,-0.0380316079144441,-0.401976676161137,-0.401911750967393,NA,0.35261933044698,-0.275768215963029,-0.591952040061088,-0.365061781160652,-0.71767041799183,0.202475032798535,0.480591317558949,0.752588477961716,-0.437725018195224,0.166014873361955,0.120254817315983,0.0687477357841514,0.176904760743731,0.049663012457689,-0.306579943908249,0.0309684663522342,0.507843815076196,0.165097500600553,-0.114662019589875,-0.0678027796484407,-0.390268544575641,-0.710819508721308,-0.566489855008284,-0.135797338580071,-0.405776140331697,0.342005182535794,0.0614429305628372,0.0650213148804896,0.38221664745744,0.468298442477518,0.659143259360139,0.577771660351082,0.116213818072088,0.0327383168436791,-0.434645506053349,0.449683164679628,0.0861298124974572,-0.134314885831713,-0.430842421241468,-0.176658378973921,-0.0490008940512592,-0.453585608423025,-0.159489079134115,0.141021541734876,-0.445331440662212,-0.175458669388105,-0.317551840368756,-0.0972871798947569,-0.232042196449997,-0.134262085864969,-0.214164100463136,0.2296304501495,0.0162651883245985,0.105075835483213,0.278185541026263,0.112280350270249,-0.140015931168673,-0.189443598296692,0.53990350276688,0.169706529710729,0.195078576682997,0.454981263981795,-0.0191278063399903,0.312907624474387,0.320642388164105,-0.109263858567134,-0.0274800289404022,-0.058983584963687,0.115046664573159,0.210006894170686,-0.11390928499771,0.146513711587234,0.128258825384581,0.0686110135742478,-0.0354156459384992,-0.0609840436590919,-0.385625827289906,-0.0267906991006912,0.0723053521751942,-0.00152065536814821,-0.389912201359044,-0.368386931082238,-0.218234247924864,-0.116829850566877,-0.178548825064426,-0.235606986493449,-0.16566653198151,-0.373689792802168,-0.636070022704233,-0.666610917634925,0.0470900134469683,0.189984364839759,0.0215957975700565,-0.0444825011674154,0.0971390945722841,-0.0999741050963736,0.016001171257241,-0.21912519161224,-0.119095681262547,-0.0527987203222112,-0.0326424108916456,-0.14474450549566,-0.0550044444322159,0.116916292743363,0.214092691895179,-0.178390694309757,0.421061090777616,-0.1341539678877,-0.356625659351564,-0.0137387790127427,-0.293389184062219,-0.15428552581635,-0.459509759833197,-0.123978666568541,-0.206407358278014,-0.0952973022313842,0.299684379931304,0.353162421717966,0.207626583782298,0.272522244881767,-0.529140659027279,-0.178063494960611,0.308250589158603,0.137574844208416,-0.0651236024016958,-0.105969099909027,-0.375756974789225,-0.212293114854447,-0.0326132290239643,-0.117624562485555,0.272343565598255,0.563103083024202,0.130150306628173,0.0781995160105302,-0.115986457256662,0.218712781717685
-0.110061007163438,0.578207628987542,0.582927364338999,-0.0372398691624541,0.0452568826928461,-0.147095138988969,-0.120370455746261,0.559776197029028,-0.167889092737465,0.387661637582262,-0.130529840629211,-0.0757008703540311,0.325297750865254,0.066848836476949,-0.162619831213992,-0.033008470462709,0.287426469403058,0.0165946663390827,-0.131680477077214,0.3662709413315,0.586755502567757,0.515417257842898,0.07865821087112,-0.333562546638962,-0.107181512251472,-0.174850453199123,0.141851217270384,-0.132257394502414,-0.308538110323433,0.334111029886465,0.259227269998513,0.371363521305621,0.2149384392153,0.320664653302326,0.65932355225536,0.534124311628441,0.443870912177347,0.658588506118752,0.309931574328076,-0.0329910804662307,0.400962265090926,0.12876471049877,-0.236813183567701,-0.233303803439377,0.50560705727219,0.0344997009628197,0.279028553775689,0.159157799624881,0.569620601332536,0.463607162489166,-0.169683119002767,-0.23436904427057,0.294520228982211,0.399147580423655,0.246528959273281,0.350320389774077,0.408328620685261,0.562959369220584,0.349447005782014,0.180404218009977,0.16041099439875,0.138711316448306,0.124352668314937,0.110373055065059,0.354671733137701,0.200385152798864,0.295259992449963,0.367768811761793,0.413379283240338,0.21814520029366,-0.212176311354528,-0.129554242533641,-0.00518612929211856,-0.224462288173156,-0.146851230686848,0.112155852408025,0.554120023070409,-0.136330798125756,-0.0108927757704765,-0.0815299608619527,0.158608296482673,-0.00896460915935791,-0.158381546922626,-0.137100418042478,-0.3106355995732,-0.335784423689461,0.369178863165302,0.0413981954341971,0.187640557989226,0.607722613908669,0.0727331998132995,-0.0563720766838288,0.434144575008275,-0.438887278106886,-0.341397277975912,-0.167578534520964,-0.114038621542392,-0.211255612812926,0.327695238065648,-0.238751742927276,0.21812902553995,0.282759426707201,0.257677151961526,0.324996494902855,0.110754976111549,-0.00254795305234853,-0.0469947766732013,0.0367992696360557,-0.145505897115645,-0.235870311337784,0.298692051268707,0.142142429189513,-0.0413673007302025,0.0990128380944899,-0.243225480836735,-0.35296461390661,-0.309004381647837,-0.383575240313773,-0.453380801020112,-0.241851791495496,-0.313395348501417,-0.29051343661448,0.0391126822638042,-0.178415972547893,-0.318460813461885,0.102402095025442,0.0263075059874059,0.232891345799585,0.178892062135082,-0.120833458570558,0.483234855203727,0.359321626335902,-0.176884698579498,0.425965129666143,-0.10312466593684,0.267776859507338,0.408918741036723,0.199751313781414,0.216151348178016,-0.580551807619125,-0.237895354298204,-0.170916726274475,0.038527293956465,-0.130764539531695,-0.0833479906667053,-0.0531317862574116,-0.109560938482764,0.0075932469324052,0.172777129049824,-0.233506664555081,-0.28321971413609,-0.482185183057258,0.145205464707673,-0.256267740666068,0.0102968390750545,-0.406388512291507,-0.257488735490359,-0.20269915795044,0.0772073347794638,0.156464795330269,0.0558240073961241,-0.173024584207378,0.738736713441286,0.279232975146686,-0.196411153646364,0.358537953382587,0.0379099035953795,-0.251051101749669,0.491807772719121,-0.352770776200985,0.231188660821161,-0.0192287312216284,-0.0596838979944877,0.00822571591424989,0.190631828195,0.373913645543969,0.574249821517578,0.0223657839489409,-0.16490466136166,0.398990986732962,-0.201257946062544,-0.445341537083567,-0.499795992571884,-0.302065294021436,0.285499871508016,-0.206418611465459,0.393967543726014,0.270628313157522,0.444658336102715,0.362540620173727,0.317131974066816,-0.140051778659834,0.517304760129552,0.162647205717424,0.243264228846071,0.425471952934389,0.51220249302208,0.27236565227595,-0.598817177378762,-0.453044807693964,0.296476705121816,0.164857568364155,0.353322689725901,0.186675132421516,0.130939574840335,-0.034134459456156,0.330080485465933,-0.108385753814038,0.652342485640835,0.503773289919501,0.0561980333351062,0.237692848920577,0.292385306623666,0.272741281868615,0.375437115043219,0.604998720321563,0.418472902877253,0.22164288291672,0.199488424354077,-0.259469914107913,0.105870303669637,-0.229759097965696,0.600979357308212,-0.211351399623946,-0.0348174182567446,-0.135110772050673,0.142211027813046,0.374512784347595,0.226504190741392,0.413939943499159,0.167199649972026,0.0996047615643722,0.279573102965365,0.0528432697871822,0.0254376247406847,-0.209198784691309,-0.0744753431098539,0.35261933044698,NA,0.0550430480353775,-0.20996722527183,-0.416854819311198,0.0567140355741754,0.433324918937584,0.233185966855446,0.409641901185206,-0.206742276817099,0.216279718243686,0.16559420362331,0.0816429797099923,0.453102731809659,0.240982871687507,-0.00810659946865771,0.491014386324958,0.495689201256415,0.418137330405361,0.11196362254106,0.155486162562089,-0.351510472659325,-0.31195088924464,-0.370952101917452,0.113396631046858,-0.309402230517207,0.404896183149263,0.070811252555976,0.0664584856355476,0.309865925557749,0.215384769202029,0.480782985028289,0.431999500532637,0.0676251116641545,0.239530716123568,-0.25805042178182,0.266883020611956,0.252088559654838,0.00500775757173137,-0.147943368944579,-0.254810023630435,-0.393348002605917,-0.309548317148082,-0.281473204675853,0.205852206343872,-0.178367328997202,-0.0703685558167429,-0.196759328975148,0.161457654612072,-0.393171341586865,-0.28096837657329,-0.368714858075362,0.0478483096413349,0.134687642220779,0.232939911342308,0.353465596881637,0.0605694690533884,0.259370162056442,-0.247863909420376,0.209082838474686,0.467834537859621,0.526350331130275,0.163313621523686,0.225839034247562,0.252916289768573,0.223406649374976,0.12676230390991,0.102759489445526,0.100034352555406,0.232639302222188,0.354517022488289,0.23835686581525,0.485402582189208,0.18461352203683,0.232135510183621,-0.0642011707974858,0.0788683685605627,-0.351553451053736,-0.075805564781647,0.169986002986496,0.183346787064002,-0.275132389549096,-0.0341607005333789,-0.0958825263720024,-0.274589024540141,-0.411258408310363,-0.0508202939603743,-0.329702328213032,-0.13770771012573,-0.350822791855604,-0.340673029366718,-0.039615931109288,0.248713450385359,0.00861770156939405,-0.0760389024249268,-0.0141602115314886,-0.179963031623735,-0.105595646486893,-0.403519316915499,-0.268569947206006,-0.236140773285438,-0.145976979523392,-0.223743798703884,-0.24603105642532,0.175052208693332,0.0268864316474191,-0.114131378604092,0.342007131877811,-0.105584322864797,-0.302018564458292,-0.0887853549265416,-0.23867005114784,-0.195919390682074,-0.289841993442415,-0.345524751853573,-0.286726298830676,-0.135589550700493,0.0736781036046831,0.24893340102318,0.288651823591951,0.301326856503682,-0.311077315819912,-0.370725841853895,0.365385034894388,0.39676352555313,-0.0897858378974943,-0.385264614042287,-0.244712880645455,-0.416341155110219,-0.249757423698506,-0.326816216813178,0.147082203082467,0.345536136327753,0.308509868995336,0.296877131301323,-0.216001685946075,-0.0484050538081326
-0.174395280331411,-0.256304760907001,-0.03889216794614,0.281029347939321,-0.02054225790425,0.187459990284157,0.00067802783548716,0.035557312510188,-0.0698731181692312,-0.167196279700048,0.177595932079695,-0.257530789755231,-0.142171726908292,-0.052470041336789,0.436684122618828,-0.165650022515003,0.0760507808668099,-0.017824556577315,0.0693412325922954,0.0233304972544307,-0.13518986449781,0.190505948472763,0.191100059586069,0.265913439298152,0.182531279074008,0.0607590054027232,0.0225153459484164,0.0991797748145341,0.0929842470560513,0.112093059807211,-0.280411328878934,-0.0327594064624998,-0.0373431391981224,0.0608160987039386,-0.0581169621657977,-0.1322042828381,-0.185087345843535,-0.07432581421653,0.0984224408974742,0.0828305923423347,-0.0907455582881374,-0.10072111868044,0.27140822179156,0.0735241912865795,-0.0923049111840263,-0.200942813944297,-0.198030108697021,-0.171144464947003,0.0956280299193502,-0.294834579203771,0.0502763063481547,0.332742647518208,-0.100578670413046,0.06867062273452,-0.0261405498668454,-0.194749680516281,-0.422757564093304,-0.111022138729414,0.12110467429918,0.107996747581226,-0.165245870679079,-0.0172895466068439,0.348461740133077,0.108350927659122,-0.297797152219651,0.0683619655512902,-0.0734932842193709,0.0977662908728305,-0.0293004010250174,-0.39297474550185,-0.0873989365206746,0.250611519819497,0.0585438425156457,0.16429112310399,0.0761788489503913,-0.044570906892242,-0.0489670126133211,0.314931484446634,0.365501141280034,0.350232755472894,-0.0038384862152487,0.125828662292297,0.17515139164398,0.182144775762787,0.0911356320741435,0.0588396400436641,-0.186818513796053,-0.153549350363901,-0.545386972175043,-0.0729038011326724,0.0555026725088165,-0.0892882904838545,-0.240115166304841,0.0115789232736369,-0.0659487864936569,0.160601505117393,0.00165981588022525,0.0890541453790786,-0.131135433975202,0.0243679637579893,-0.160644625253959,0.189967553054096,-0.10225971562966,-0.000531111715688421,0.0370308571503133,0.252884259219038,0.175791694018483,0.119795499174167,0.050542788620234,0.213557571480418,-0.0116458754783845,0.174967894507846,0.154376915035294,-0.090610912693946,0.171607428685112,0.0507534600270423,0.0678158581180368,0.221194265052539,-0.158885992015741,0.0360933972693318,0.234159683592052,0.251014661205227,0.317781053989065,-0.103428213037147,-0.018501715272442,0.43096659286075,-0.139137683604272,0.0326819808914744,0.0943003325632605,-0.174790961344823,-0.0801317965946469,0.0425008394703983,-0.083177266679709,0.045500585849801,-0.0830313205885458,-0.135407405278941,0.126299675092809,0.453495129131022,-0.00787039188026931,0.202223104874227,0.202210412668237,-0.0811317482906427,0.00835967081389793,-0.0933696415735279,0.0497601764963038,-0.0241361710485729,0.47531346170123,-0.0774096321904502,-0.0299335659373914,-0.0550143908962708,-0.0811634755312526,-0.0246101634526202,-0.0260284174603293,-0.0983841575148921,0.12749233626839,0.147779246188688,0.250049441437904,0.145883765113072,0.192167750325757,0.214803374695949,0.072493268510446,-0.158433546983298,-0.267114302122504,-0.0370571148437119,0.250296681649138,-0.0622925510117432,0.713423295037641,0.418671416112038,0.0292635081762937,0.290666059399048,-0.332543683802459,-0.0384194444966046,-0.167341308803192,-0.189235045440532,0.293701267558178,0.0050370666231103,-0.17926969122859,-0.0978494931628757,-0.112354859310552,-0.172801226247464,-0.0896521758721016,0.339054999667951,0.5169393597757,0.25143936623744,-0.174998157909573,-0.113040345472013,0.21000421406706,0.251192985425746,-0.210531993228491,-0.143168063576057,-0.0942426422686778,-0.0904995824523624,-0.185782476509532,-0.116367475438785,-0.143693063779457,0.071420783434112,-0.0701812268517302,0.0768389472608642,0.0902384255556593,0.269537503095456,-0.139772872168488,-0.163883951963121,-0.295171794443888,0.150060801697832,-0.280778650120329,-0.207032540243474,0.287531113639221,0.232254715084163,-0.216538712792356,-0.329889093809445,-0.22876783512486,-0.162406247299173,-0.384856661137033,-0.256365675649164,-0.171553359905492,-0.166034726908605,-0.273641801328552,-0.290315068354272,0.377850699725245,0.302452042636517,-0.105137588925412,0.249709787023536,-0.0851542637431803,-0.373786513694164,0.087110888810756,-0.0673709933753172,-0.115190890374349,-0.0542321840236435,0.0220476759863747,0.0554200595985306,0.00318284643487711,-0.0645742276072098,-0.115565900601054,0.112362887420418,0.162042315541376,0.516828333399556,0.494484030073129,-0.275768215963029,0.0550430480353775,NA,0.517158252080139,0.448290435297207,0.513078420688126,-0.131080714468481,0.0772897178643948,0.0076446355346874,0.475819356603724,0.215271640402833,0.204940598636726,0.344798793483728,-0.173449915629526,-0.202258812427944,-0.0459768751755557,-0.0991159172385681,-0.144370194385931,0.0466027721957155,-0.110249594486484,-0.120653649284503,0.125039833489745,0.470306377192796,0.251764286490366,0.175528176480534,0.0489962312771155,-0.196584555653616,-0.235862329514155,0.108871473311538,-0.177233062328223,-0.0596551239315035,-0.0761237416298028,-0.192978062386256,0.149420101290116,0.319517612371715,0.324029220587925,0.224409388850304,0.262522987636404,0.0563757953530536,0.578065785699868,0.0644800901563214,-0.0342173120247553,0.584164836367229,-0.00847101802522811,0.233357679038017,0.55856923109738,0.548364987042275,0.126461679673336,0.0849005202559673,0.161823967328326,0.0559469336631358,0.335159719517587,-0.309773740571753,0.0657542110411871,-0.0177102768875826,-0.124182705978904,-0.298600196332021,-0.149581200960886,-0.102292813884132,-0.0181517792949119,0.0688576904347054,0.0576188484038526,-0.140507875068356,0.346975060247692,-0.137552136157019,-0.0608409742703653,0.270841834961501,0.0167510267411878,0.223839968350574,0.0836358783742182,0.301006981301322,0.0324437433702248,-0.0154394528200105,-0.216683782075741,-0.0992429081054445,-0.0264003435542853,0.0363740661618443,0.0743577470940004,0.0564495355673487,0.162514310068797,0.395066313110097,0.130550315753633,0.216491658652224,0.269672524765619,-0.0429075818723508,0.0772029574779642,0.0883848184495707,0.103931749732942,0.298460720696115,0.420628434089715,0.591671645878287,-0.185464234928892,0.261565239323735,-0.0588025749279148,0.0810560035118724,-0.0161610323054239,0.0380393674940136,-0.00822275331235789,0.267110125773184,0.0127371872447004,0.0774327226251356,0.0253407028578672,0.159923492755313,0.307793229824854,-0.289533123254916,-0.243971884241635,-0.379334605823901,-0.027990542339428,0.178219662937231,0.233985120404706,-0.0169847218913373,0.303557353424529,0.1763412355114,0.221317176591411,0.000672691185447832,0.134216014045794,0.000843173920898261,-0.174557089019997,-0.0213160406140552,0.314542871176765,0.200424442101947,0.188252601890462,0.210321248160835,0.126626479442657,0.0828729527669199,0.0199184901097805,0.0750835288737694,0.220328681324562,0.0930650295317941,0.0206183276539677,0.119381437503742,-0.0404732705769662,0.102047214040727,0.271150155277226,0.138446517468424,-0.104797951455347,-0.194346683199638
0.254713723378096,-0.39460045314434,-0.418811734420149,0.42706410840577,-0.0996881782482229,0.396221554055318,-0.264910144535424,-0.283884146508925,0.259737383207857,-0.150322599267842,0.0724467541462527,-0.193427833560917,-0.0569370688091327,0.0433392451781064,0.344474164455109,0.0118018326106505,-0.069546114912436,0.0265065257106634,0.060540530297161,-0.0800592949109879,-0.437038062894926,-0.249240894610515,0.168793412811657,0.71686598428708,0.62171365628967,0.348135513522559,-0.0369152159263793,0.0342685434555027,0.269206406263128,-0.0564923400913968,-0.285020231551559,-0.0266029111855365,0.157558994696109,-0.42570345379806,-0.039020409526156,-0.120983262817162,-0.281036376137458,-0.404966960861533,-0.087453163212839,-0.128180560922652,-0.511458781101169,-0.231306908648726,0.302256857063639,0.440424266142657,-0.259423746043413,-0.158670544133795,-0.327968988738824,-0.535237309282284,-0.410698185073103,-0.511323711756019,0.212949137622157,0.327404541036365,-0.215121478144507,-0.223273398275647,-0.232594952034677,-0.465657104970863,-0.474856712416668,-0.422650202863213,-0.122597029187392,-0.0279438304932848,0.0621540586493724,0.223984697110517,0.0113057925605893,0.0489596481401608,-0.232757696191337,-0.34067605940614,-0.147495858353075,-0.226018099047368,-0.122522324674448,-0.249631618664583,0.0413873409011329,0.0992261612165967,-0.10749369378613,0.68057351727174,0.697983477950681,-0.32745104912672,-0.393174765335974,0.418590190399956,0.689971801646392,0.656364379873238,-0.106361177605066,-0.246897296519307,0.119959227477594,0.295409817783687,0.959754808439191,0.750874530910268,-0.216054316794649,0.168277128138152,-0.182950935621213,-0.131388801678629,-0.149048012748709,0.0659615060766302,-0.181999416006494,0.391304062518694,0.306486113792028,0.320584686294096,0.115329309230616,0.101413008302855,-0.18307521614761,0.385275035187719,-0.325318513332433,0.0794972199634477,-0.316870022643736,-0.284432930701495,-0.199368441007161,0.0174469986991036,0.651575382198046,0.159578348543235,0.426096969199239,-0.0583589319673015,-0.327433780858534,0.280538744386247,0.594731635146465,0.135318381321975,0.276494489797828,0.414761101706098,0.260227266498889,0.388864377656127,0.40573583989936,0.236806048726544,0.338862844908747,0.204599575780779,0.495934009992846,0.135186598151842,0.224432282222691,0.220777317459376,-0.0145441052252882,-0.13787933250784,-0.100134450739751,-0.14417357037243,-0.355848378257294,-0.280658043029957,-0.024396247451671,-0.0243235131006036,-0.105618196688674,-0.205058204188045,-0.0949653988250856,0.145152795915642,-0.302902349717978,0.44110141369367,0.0863341457790331,-0.12799606202926,0.0820588136672504,-0.0181620647981294,0.300148936460507,0.361560115522906,0.580397539254689,0.318237241060921,0.320830522739194,0.427663815068223,0.499430342003421,0.134768294219373,-0.359638618155473,0.204172363553373,-0.192319709404033,0.555079467477483,0.445697049226097,0.306790202131628,0.228462428388742,-0.0137714023872335,-0.0847187501500628,-0.006236405958721,-0.323582463395481,-0.217067531352478,0.581673005074412,-0.28018575126801,0.171385487155948,0.218629541505428,0.0811363445049319,0.523921829972222,-0.235557257133334,-0.0711538591672682,-0.216205967016291,-0.0833409893506335,0.12668193957012,-0.0884283095547691,-0.216589019719357,-0.0957090451807991,-0.106811111336372,-0.384408085458547,0.0870378545776851,0.481652295744142,0.323952152207207,0.308512074242722,-0.207739648361405,0.078245438459677,-0.136132994314726,-0.10021034756869,-0.267395960844944,-0.198306028050344,0.116872107204539,0.285235506491093,0.0614044850106967,-0.00243338327439866,-0.179649239029661,-0.234056533437257,-0.372421891587064,-0.198564404780803,0.216902123901089,0.300786054969263,-0.0946550971023569,-0.236644977401477,-0.43947298924123,-0.18818842406558,-0.137324348200624,-0.224884470175742,-0.300797493740825,0.0788004111463786,-0.244805274236085,-0.251924494458473,-0.10473976026503,-0.122862239051361,-0.344765722352319,-0.165384741207816,-0.203054006115738,-0.253241382932726,-0.312847812981586,-0.144983320381284,0.100773645407223,0.411344483334467,0.020408706215529,0.620345591797235,-0.356247278979848,0.125270767675035,0.108494751239718,0.0305900128216838,-0.124883406081013,-0.304859864903833,0.134879957562885,-0.185676892407927,-4.29794286715131e-06,-0.115026743661453,-0.124638200784689,0.0815722998403583,0.162884732700706,0.398345259905676,0.994361176862528,-0.591952040061088,-0.20996722527183,0.517158252080139,NA,0.757773221913583,0.523484244769093,0.0226593605840952,-0.151990487867256,-0.486925473712622,0.245950900655325,0.086699742783526,0.247450435227001,0.162835201641571,-0.246191384166812,-0.234669717402151,0.169584837781303,-0.153689881677887,-0.228599412692454,-0.135946873239733,-0.031111289259271,-0.144578451150577,0.202954150553097,0.382388361788439,0.362141761072757,0.0368766242131061,0.143909020795676,-0.33473158782819,-0.11886523516468,0.0594812337143715,-0.158469031689826,-0.113028246190311,-0.314675262800273,-0.149562017863163,0.0417609266038452,-0.11863920347429,0.355596710339919,-0.0189995070820862,0.225694736481409,0.50963644464983,0.274095026361807,0.242516547995029,0.0829249992631515,0.216443851695366,0.388349668734064,0.159485217139826,0.509620503827538,0.444789409469951,0.0736920139779082,0.0876603343792467,0.163165505605756,0.0835073418215558,0.32160947258575,-0.0452249406599406,0.103839836761405,-0.0237284986963973,-0.34086675269253,-0.144688998133216,-0.0498667712279992,-0.0774942052700961,-0.390523783228075,-0.323290743808143,-0.328657383051341,-0.235769580406892,0.0506799256445112,-0.171421788320549,-0.139213648802323,0.296545086408264,-0.121897359779684,-0.0761842848812155,-0.181885495413766,-0.0857240153871186,-0.19403884416963,-0.259411089054734,-0.108362147608727,-0.152657683637741,-0.234959808879257,-0.207484633988824,0.29773752830213,0.0833982809551294,0.157277645322533,-0.273478755337894,0.203949821024172,0.11690793879044,0.450059077394861,0.273359784135746,0.237276516186033,0.38266806162454,0.248392131606012,0.140882856883757,0.374119875251126,0.677107210283392,0.0883313414809357,0.148703448315244,0.109610641831199,0.0424997997599153,0.0760984239130047,0.08837909752402,0.0871657764830325,0.47583967912496,0.211129488265704,-0.139548614262119,-0.15199826161376,0.0688646023626429,0.021767906506176,-0.226105298794813,-0.212665016589288,-0.00458424107526707,-0.34931363818449,0.218553205814777,0.233800869166225,-0.150913972829586,0.479255554112043,0.596137545788035,0.606909140679971,0.621640568795316,-0.159593514141411,-0.147069139556347,-0.279783904595439,-0.354617617591074,-0.14979541726176,-0.169602768339537,0.312940450411973,0.510047052644886,-0.388185734939865,-0.00750831239456957,0.0611422275828075,0.221223915326132,0.194502391456247,0.272738989942461,-0.00823934747445608,-0.0510571751452282,-0.382358847151891,-0.284395784590917,0.235220820171292,-0.174720313803822,0.0205856192782181,-0.217480283713808
0.0554163751166381,-0.475517514651687,-0.417293086833291,0.196671210947119,-0.0150395365454794,0.293344774343203,-0.020057241863445,-0.364731253125986,0.172769819244078,-0.171742928455695,0.11036361175474,-0.194282758234992,-0.198609939416669,-0.0581202112015538,0.528829603917722,0.0481706412003399,-0.0719252635656082,0.0604102757125115,-0.0125814285992429,-0.166836968610382,-0.613127582152612,-0.275283897872858,0.0592134475691486,0.653953672230424,0.364757050746106,0.296391592818735,-0.175892868769861,-0.0942756664729874,0.202677348655574,-0.105639636682042,-0.340969750930856,-0.220414157389884,-0.0711301465825549,-0.276969723346104,-0.332767471182948,-0.230477742416115,-0.350809886355936,-0.354530604427135,-0.0589471110864837,-0.0352752209697607,-0.412474135736046,-0.15863760818749,0.263915563676608,0.316930562373148,-0.220014642970519,-0.357597280613375,-0.224166600884278,-0.301134389069713,-0.314593233797135,-0.530944745528362,0.247654037451116,0.353552716944464,-0.489166288153229,-0.0845160024527153,-0.137018864031783,-0.320827784725187,-0.594687153359796,-0.336867123497308,-0.100629552960933,0.226807886346909,-0.0425371085583511,0.0262159404389036,0.144567045716994,0.0688164070135927,-0.294665143313736,-0.107109805202716,-0.242839453649863,-0.137714905256244,-0.016754715596627,-0.187012867249864,0.00869202190769643,0.165196111516295,0.100067679487459,0.584177446844813,0.426370158254487,-0.166102574267819,-0.474754409435036,0.535827947689467,0.3943298359882,0.438440264963412,0.100278223733736,0.0132037989768287,0.192207005684832,0.479899860214377,0.72936300156377,0.576182047723002,-0.297629625653307,0.0170015906683916,-0.33679870980294,-0.184393414295271,-0.183343924064446,-0.0201170437992004,-0.298866344239943,0.339507072856858,0.153977694524189,0.281889546594592,0.235032476333375,0.27580883658561,-0.352012787810545,0.349671860658443,-0.158324260433625,0.0650218257876612,-0.317098198424772,-0.114441214062181,-0.197259410880973,0.119647856188971,0.366671357270578,0.0133373502825998,0.236757543799205,0.0917600081172046,-0.232840779417233,0.21003118252715,0.328393552222146,0.0391405426634282,0.291181217578958,0.215165377007082,0.159698473282962,0.560513302377345,0.392594889472048,0.280299439047615,0.234161297180963,0.345956102860425,0.264793598923959,0.0602567902285545,0.00162736865085721,0.0171805756430595,-0.183800022161752,-0.224824163849489,-0.048454164172923,-0.177825616697792,-0.394075449329426,-0.163517564580424,-0.050157611831335,-0.0238062126766774,0.15054230517611,-0.212707959330097,-0.123970227354143,0.169441559120034,-0.128810210818647,0.601659954947642,0.403033388749953,-0.0949887869289629,-0.151838429991733,-0.0370924712645172,0.162444601019591,0.132495259570403,0.408071473246825,0.226061993568392,0.16880289538561,0.228280006950221,0.3425700303325,0.164162158541914,-0.179375851486001,0.0789560032249538,-0.100620246308586,0.396785902452425,0.367273658874602,0.210470321899613,0.0997656137402776,0.0587635707063207,0.128918643270278,-0.0619426753504221,-0.627171855923765,-0.273953275273751,0.492263095554755,-0.332234033340173,0.454140866311382,0.474299107216116,-0.148405279730837,0.337783104845779,-0.269667767597798,-0.116462080311764,-0.168176860460473,-0.106161021138976,0.168932710302668,-0.173769329905936,-0.445143094811935,-0.118440630093635,0.0127618030614527,-0.49819188990963,-0.0689387583369676,0.70024309552439,0.484420437871013,0.269705998256732,-0.517220684100079,0.0636692646852692,-0.195142663680351,-0.29388125216649,-0.470783621199961,-0.296032549840421,-0.142752303523434,0.0270444905264693,-0.316352472559688,-0.0517247070755953,-0.231229644445571,-0.441601809364702,-0.287974249864816,-0.138621009211291,0.255337256223268,0.382479993774487,-0.0762448551184663,-0.286955791569603,-0.358012675009779,-0.0724137057038944,-0.173547662445449,-0.223456960413971,-0.105067308592293,0.159900920359539,-0.38836937644704,-0.333244547377019,-0.114514470002875,-0.423991247879611,-0.458579444440238,-0.227477597723872,-0.179520279174921,-0.288245528694663,-0.349005678733658,0.0404558582757511,0.181305786014366,0.401750030789619,-0.204387938513951,0.525144801255379,-0.482675179904417,0.0693762150539917,0.200415168567334,0.283831018340094,-0.104175646125773,-0.343361180021761,-0.0632642812278801,-0.224147007984649,-0.0774523907501823,-0.176475420098047,-0.0868612831844076,0.0192294130315583,0.0264583294488948,0.676284818616972,0.929181675260158,-0.365061781160652,-0.416854819311198,0.448290435297207,0.757773221913583,NA,0.382679816592221,-0.243937909239232,-0.100738894382535,-0.231308810802547,0.344270810802581,0.0375892015728479,0.328605625925623,0.147990712956667,-0.433989480729884,-0.325783645168976,0.0284413048946109,-0.304411898161149,-0.292968081490644,-0.111757050377594,-0.225889612288506,-0.13130544965169,0.149718025636854,0.627673575955581,0.499705872555671,0.0554402239613097,0.194056307440854,-0.463493029331524,-0.131756661218954,-0.028172049969971,-0.277158061253295,-0.136178303547712,-0.195203017245972,-0.290873694439498,0.0516213402766407,-0.0407831505930537,0.558666294507344,0.0123308588782802,0.188083787310726,0.272348820659043,0.711758066942805,0.345226738821472,0.181450452410206,0.283073818202415,0.34651573445818,0.00684615459270904,0.58923212505802,0.679917470008627,0.102546790140677,0.0307525205243861,0.260541424531798,0.112887869824059,0.492994065061778,-0.222821231329071,-0.0328140821782888,-0.189222485350087,-0.43207597463805,-0.0556327728115251,-0.283280923753427,-0.0350639166216378,-0.128680703080288,-0.335205195786432,-0.405398082773688,-0.129704882237758,0.0656183839394959,-0.444618488326969,0.0450484309391401,0.156682561014421,-0.0404399345194093,-0.127631427611117,-0.0797174753836982,-0.0507531786186332,-0.16502475075261,-0.23346716426332,-0.215966538654237,-0.454639987394161,-0.10136366416117,-0.334277456656481,0.275429155769665,0.0759451693752249,0.0176167463595574,-0.052976895111247,0.378004887233528,0.428468609196256,0.515772404264923,0.226049479720798,0.355932539440429,0.174808478160046,0.376998022980547,0.243868630481908,0.49362389178689,0.848657893789145,0.055046939806558,0.194242223893758,-0.110719443431274,0.22525577102584,-0.0199532961263232,-0.00550277908506785,0.00212440196473217,0.587765624778353,0.354638031033525,0.239520955252237,0.168475711516164,0.268183420132435,0.211063392196734,-0.426230401321323,-0.281414715263729,-0.180094177331719,-0.326297747169539,0.287116270609978,0.424886697198563,-0.0181992929228844,0.425099704180762,0.414364165701758,0.437301399062533,0.373478298803691,0.226780744450906,0.248148898351181,-0.129808574989733,-0.253327220607318,-0.0868779897244556,-0.134184078226337,0.202474549754995,0.471959818486385,-0.487432811874114,-0.233532095346304,0.0665248615021403,0.280931815984006,0.237835842730769,0.334054479527737,0.497645414056982,0.32354299102542,-0.302172272512837,-0.294658328015368,0.0140820279004507,-0.164331834779642,0.210946706515867,-0.204049616637153
-0.162496984172585,-0.168785076045839,-0.353245595886501,0.0160728093819893,-0.0154796774737857,-0.0824511634541379,-0.0286885163560184,-0.249867258438207,-0.214916960850064,-0.242989744584978,-0.217552656854004,-0.0304794966207633,-0.244362601498145,-0.238510911844724,0.281412783900954,-0.346180260699595,-0.156170949250588,0.185490083446543,-0.0577113370636347,-0.164801224400342,-0.164760106620961,-0.0580946317978837,-0.0766895351622688,0.184148434815361,0.0998805634080391,0.065712602649484,0.0267052379395386,0.116857899438448,0.246836683787881,-0.0902448963824852,-0.502451345131145,-0.258375830284426,-0.169260085773692,-0.31978995880979,-0.163945334356275,-0.18374395621519,-0.261131016145239,-0.249404677658422,-0.0672419618184951,-0.233897128267771,-0.169977998123204,-0.0868948749125766,-0.037630370726619,-0.197624759165676,-0.144676953202962,-0.484412072225511,-0.50855269203754,-0.200464024628751,-0.119672414773055,-0.210191640001876,0.0713613072017222,0.19104197993798,-0.452188857117548,-0.015360113667354,-0.0164804646848456,-0.138438160061576,-0.486959584005673,-0.10392772729573,-0.0308716312728079,-0.0164543916094466,-0.141784608559132,-0.0600496753753252,0.125260323691134,-0.140721140654628,-0.2657641849695,-0.302244669009816,-0.0522073969428222,-0.173219026205979,-0.270547575545655,-0.294642770838946,-0.166383562329602,0.144413638639872,-0.14630548548057,0.127535843846649,-0.0811606427232118,-0.0790344248777942,-0.332801648117712,0.0539693589428552,0.239568174462593,0.411204156304223,-0.0632015291670489,-0.0228377789196016,0.265141465115852,0.290052663372857,0.168808529436524,-0.0820028148871618,0.0602915765493076,-0.0890542508946447,-0.112147501481087,-0.17083977253463,-0.0125161559153462,0.0795196244012462,-0.0329104691528442,-0.0954466170648157,-0.190077833105799,0.0364599738377325,0.317932678235717,0.182348577074643,-0.255433887197003,0.102520854991939,-0.299661820107043,-0.160303221394906,-0.229416246632654,-0.206204971888637,-0.0657565800756434,0.0750094838402979,0.0816940636559405,-0.131828234172042,-0.129878380182139,0.105408559502804,-0.178837608469853,0.0170027669943839,0.0827443763132501,-0.0916926871006712,0.222360175399605,0.115698696649626,0.164526116109087,-0.0472500854466886,-0.136051301526319,-0.0115326682252612,0.090872806267353,-0.00479872030748701,0.29809072749114,-0.145101472676028,-0.0197739012578341,0.141950649403539,-0.240464496401109,-0.255059255388969,0.0322212449953784,-0.022401902065453,-0.0928649519410636,-0.105422249936652,-0.225050478661875,-0.0308743302122959,0.063962475663684,-0.173196088418888,-0.0933746240429148,0.173215246220446,0.0373774887082981,0.386989505938232,0.146738709165153,-0.0170836481083948,0.0915220312620695,-0.0623132202791371,-0.25307765087974,-0.21625982341561,0.0690466603710569,-0.11795787140557,-0.100428933885595,-0.124959568268199,-0.0945851958884609,0.0450628595096293,-0.0619696697910903,-0.0368452638621316,0.00808729930747367,-0.0930636188285213,-0.104316248808853,0.106357930512545,0.338792098966738,-0.214886553720347,-0.316913963275849,-0.095221888806617,-0.176551525198685,-0.487294159342319,0.222963630486487,-0.150040935587767,0.538430489966488,0.297450363683879,-0.0297735911727683,0.178355578579777,-0.33703964895617,0.121524728100733,0.109445123955192,-0.151326440580454,0.0910694268407334,-0.26838208326404,-0.330496033567314,0.0193513520654308,-0.0146641717968284,-0.139754615739341,-0.113449807073474,0.24789728936842,0.453786175346099,0.383661381405773,-0.158103139478846,-0.0491920035476846,0.108743806852338,0.0986533728059412,-0.0698977515735373,-0.336648984442992,-0.216048410699151,-0.0791513010661644,-0.189678398903593,-0.319019294242947,-0.27374612910692,-0.151823045253029,-0.441162881113023,-0.0075352018490669,0.0356982739714035,0.129892975879338,-0.334515829093759,-0.376952954094228,-0.228060601316991,-0.0672401253124101,-0.503873051566024,-0.441057387728243,0.0528763026940342,0.234556283069333,-0.232969722931639,-0.22439649820307,-0.011846602724628,-0.443367239722995,-0.498050650164531,-0.273470601921647,-0.240210714688419,-0.282563941930199,-0.323053242792071,-0.202410610746355,0.4041697576405,0.148639661714221,0.0447452530886703,0.278192514892251,-0.300260074891309,-0.0817265138292901,-0.122087468789487,-0.181200074786363,-0.468148087535216,-0.311222143566071,0.167465491053013,-0.384335163033852,-0.153072757856865,-0.150149519321713,-0.371207394606187,-0.0313640778349784,0.0316876855598077,0.574507019997543,0.34511237322592,-0.71767041799183,0.0567140355741754,0.513078420688127,0.523484244769093,0.382679816592221,NA,-0.264456812154471,-0.12905523580693,-0.279449283810421,0.669302143560303,0.262144163206724,0.374208296565232,0.218509020769358,-0.0784445464778354,-0.123397717940179,0.0958828745810574,0.124775192517699,-0.320700621572103,-0.0909183422461778,0.0937133907573112,0.0562332496840569,0.00750158312569636,0.418464141238484,0.116925557640226,0.168930486896937,0.304780364535005,-0.286851099802743,-0.0687773290490512,-0.055837136703633,-0.186797608778146,-0.556934670530729,-0.447936792803921,-0.43282082471033,0.00699146180083453,0.232734273408664,0.463701050579311,-0.0795782937850204,0.290625852142334,0.10283484539757,0.421233159341751,0.0247324112864689,0.00818448643221546,0.134138506771053,-0.0280601084019166,-0.0724576529831653,0.723070438930837,0.190528880349282,0.317738597393481,0.273429110088476,0.0142820266787482,-0.0927196098201087,0.0865125387016691,-0.230525215585192,-0.144297749142802,0.0405163907424939,-0.140351078005639,-0.0662558122400659,0.00150682579773494,0.0506091716850161,-0.319977540859853,-0.0879405603422546,-0.0300304968460976,-0.208311454114908,0.217484415646913,-0.316517299566409,-0.178197230550154,0.15284851388357,0.157431431111647,0.125961647580303,-0.0776512922252025,0.0633202120373816,0.126203554215021,0.047893903493062,-0.0611454705974972,-0.118731453526049,0.0042385635084431,-0.0808019210608006,0.137114338026837,-0.0257709239975309,0.0716243854955213,0.203480701008187,0.131774196374874,0.149955338955893,0.145238553219331,-0.0511559411299192,-0.190670937990586,0.245263433033186,-0.0154343547181331,0.192584408765761,0.308725715109992,0.48560294196326,0.0027082113805645,-0.00042844311598671,-0.00566721484181606,0.187257270333092,0.0796808076095573,0.305463148413268,0.139827056449067,0.202332447070625,0.0220154460807633,-0.0682724696899402,-0.0607486737280252,0.162376660822631,-0.0804227636871504,-0.143101929305036,-0.244233731204658,-0.173086681868493,-0.243435610084813,0.216078154255843,0.471020274801882,0.0963955960322703,0.143743444498884,-0.0197862017473269,0.20650635435449,-0.0777378864567577,0.327494443902947,0.214251347361869,-0.0773804746911311,-0.127129398119908,0.0205464493422684,-0.152742134160183,0.337666278014654,-0.0154464108330545,-0.205294812211961,-0.0235693739698239,0.100155961425174,0.0315872455292827,0.446079065428501,0.0404369979123695,0.120184846142548,0.140435780640844,-0.0539266760685864,-0.241834445908311,0.0997486301196237,-0.0105883027107287,0.149470949929152,-0.181689681843247
0.288737846355607,0.2870590555321,0.431294706290083,-0.000279975035268233,-0.338025426608339,0.306373866597415,-0.20194508073377,0.36979544285525,0.292592525321964,0.404846493224859,-0.181047262504951,-0.0130631148924955,0.169493301682915,0.119697352798025,-0.38609149904658,0.149062772533369,0.098064125213659,0.0820593004098372,0.263203387477093,0.322085275246993,0.3476976956596,0.197849896475119,0.00677341498798939,-0.036383936554978,0.18189676354234,0.0776578421206117,0.0787466954455268,-0.0662988583806138,-0.128148953124179,0.133926784005393,0.298873749155978,0.281023001454232,0.234979590797055,0.128749077422556,0.346410530824698,0.340817408920942,0.356079179527936,0.283826682479462,0.109973073217467,-0.336662431487983,0.063788305963277,0.185183625389496,0.0637302373282856,0.203240646553223,0.244045558656583,0.314948127242273,0.367153139573617,-0.0706230441256872,0.271790424842687,0.28407632770368,-0.00554538092529789,-0.126640189804102,0.792803878703762,0.0777726297388879,0.216833780500231,0.0678478897973733,0.560981636688111,0.133112885499404,0.199043421494208,0.0662337259583204,0.414429407784763,0.382574254292667,0.0177809959319381,-0.0369941787955558,0.452454035279298,0.437599239299221,0.591006209113569,0.52908741957825,0.370904806959731,0.540689896560259,0.114882488990592,-0.0871161599518987,0.00584937226099617,-0.132204235328733,0.0736169826483462,-0.0173278345532396,0.423809572113662,0.0591565103357742,0.0127941885066037,0.0308229458077046,0.169321387095556,-0.216634929308914,-0.154758754747248,-0.22228329875176,0.00312812094031722,0.0409651654942909,0.0672097531201007,0.142243694862846,0.236341445419356,0.469103330374993,0.0615918212959136,0.196249784079557,0.310310428091133,0.287581272565385,0.290160105251948,0.179717404801247,-0.448618557155092,-0.496467014475131,0.26561518002414,0.0916890836805805,0.497990538771931,0.21980398970154,0.282448840034165,0.139827758421616,0.195022493480292,-0.194113222903266,0.0485485604866934,0.169469009904935,0.0129056962291877,-0.272563471483463,0.163097553533603,-0.0150873851374324,0.334520581755812,0.363714312237066,-0.148307635382929,-0.111418431812737,-0.068589966353157,-0.164834910152494,0.00625812703724668,-0.179228561072087,0.0147802621119219,-0.0813763613504331,-0.00413438759980241,0.193164572481545,-0.120774200551391,0.0296383717470017,0.1948220399617,0.289951345775333,-0.0351598324059169,-0.0557926594985935,0.337462506228118,0.069844786463931,0.0516667415259407,0.30382398773431,-0.09376496278149,0.312572410046222,0.106542423206826,-0.0478142269305336,-0.0343871231729199,-0.648081395020625,-0.343124465772646,-0.0564028686698276,-0.0277842687212431,0.0340002696628573,0.177790121071328,0.277925644604957,-0.00133024538975698,0.393685816538396,0.267575105157688,0.13896273543858,0.194294033118469,-0.180130033892457,-0.0450785240122588,0.035937049621134,-0.0182867036728644,0.100895971863119,0.0915252960864339,-0.227505132024559,-0.0631391773762211,0.198669673466275,0.260700081639714,0.234818972679643,0.317687533885116,0.747133778464876,0.0467817487508932,0.0355746502478172,-0.144668763349582,-0.459769544801757,0.322230362661707,0.116893110803721,0.37244802859654,0.117160349775205,0.0124535465899552,0.149688526389657,-0.0209076129754325,0.291108755176231,0.453572819338345,0.040813870689231,-0.0085328162849689,0.2741395636665,-0.152886300285451,-0.274613594291729,-0.323607590344527,-0.118615612169955,0.209203852774791,0.0655805106221758,0.14212914682176,0.177630819538344,0.498534259421073,0.270921431727302,0.155384033980481,-0.0936097411489238,0.445868669153507,0.195245891636006,0.205628752189019,0.138536916215698,0.383973305369146,-0.213140098954435,-0.120386724375216,-0.0349526920611332,0.326083792047096,0.252393165223867,-0.0236718938239064,-0.0959051069212539,0.195002955233695,-0.0470280233033348,-0.0574191411270855,-0.0553231952830767,0.374979008548329,0.318854222987031,0.0754557193175119,0.812402723898769,0.500446371108589,0.272183753772696,0.112519335480743,0.307566787724411,0.354547293038844,0.0725781152475147,-0.086919887592652,0.163248533298299,0.252998040105987,0.193490032654117,0.513479128622307,0.108833336023816,0.261569551404772,0.0798565751713303,0.635023105399064,0.300931742267884,0.271147969013921,0.345485959324013,0.627168709289939,0.132842949896096,0.553191346877099,0.210676648506665,0.196770612144601,-0.480782976534618,-0.00700460634870513,0.202475032798535,0.433324918937584,-0.131080714468481,0.0226593605840952,-0.243937909239232,-0.264456812154471,NA,0.00239994061330811,0.148140649294377,-0.353470606343944,-0.0133694752474213,-0.0286185912598753,-0.182698410601232,0.16662559399782,0.172332580089732,0.202012520489209,0.215682582345105,0.446147561230039,0.0950686077359851,0.363565940099032,0.190881893988766,0.130613748427286,-0.103988448334854,0.0387827450949556,-0.0557012949283325,-0.590767362232342,0.396712046532574,-0.126401433450128,0.391288041495832,0.355442693817017,0.619823442324187,0.359576080576124,0.374057914364666,-0.151680131573883,-0.209720779020137,-0.287253742444368,0.151238561413905,-0.0720514725058657,0.258690763554271,-0.165411332104869,0.162894589876184,-0.202011611533691,-0.378232225242665,-0.0512692842109812,0.131924891747219,-0.310774665542907,-0.112574610334444,-0.128005208320743,0.0757309509865501,-0.292064031828701,-0.15788239570501,-0.0211184318454528,0.21476659977627,0.267474842417189,0.21462149494287,0.0630396141688546,0.154274696258915,0.325085849832684,-0.117001927622959,0.39288655707795,0.174858890561367,-0.00905599480308998,0.393828165142355,-0.0664379967355263,0.208163919261346,0.292628494729577,0.278980680933501,-0.075906033874447,-0.0248238095121028,0.0435147661827421,0.147005971381596,-0.127552050464386,0.18734575395292,0.32316072308042,0.22613745082921,-0.372094732862311,0.149263858326525,0.066711740142989,0.23130934157265,0.154131312503083,-0.242047976389478,-0.0586527619706862,0.015605674223296,0.0890830567133981,0.0109841860979062,0.0649699970199998,0.0985869933369897,0.0937240034131468,0.0299511635335336,-0.0597965784356077,-0.18875546369075,0.263700825067067,0.0923529120031665,0.0614428624571767,-0.0747504893223529,-0.108176263238084,-0.203459014274405,-0.0722497744557652,-0.238702166394342,-0.190272902602153,-0.353455436100438,-0.257871693846884,-0.417473699230232,-0.0642337417021,0.23411111134795,0.176677782796185,0.204411127263474,0.246445884862185,-0.218320345398284,-0.446046711789293,-0.0272684558393153,-0.0913439623217047,0.195983145786249,0.0293254115101387,0.146819943678628,-0.449393089895655,-0.181806756913057,-0.0858891678250885,-0.0902112196249512,0.031723204648533,0.17059696105048,-0.103376633834284,0.0428851142180837,0.243563196340069,0.14822885632941,-0.103017878492196,-0.166284763457955,-0.321388661981379,-0.274887029560694,-0.426970185839811,-0.334721329188254,-0.0535124809563152,0.303444528902925,0.286977819230304,-0.0095606232063043,-0.1341661135031,-0.0706673784821648
-0.704275164220632,0.135086783555419,0.14522782821224,-0.207436448389293,-0.0128761602872783,-0.388370732497855,-0.0911132271400852,0.221434845898933,-0.277661883421506,0.254845394656914,0.239747842894777,-0.190765841322962,0.029344681411108,-0.00806424856133967,0.259000411824265,0.0614925237199651,0.313202263104438,-0.205626478171112,0.191597839746617,0.0549646198382776,0.30044978420322,0.492327697079669,0.0823507032082194,-0.283584967978503,-0.226462258986856,-0.407031368302889,0.511512429814724,0.366812459584654,-0.232855779673439,0.352573893038045,0.0226433993209551,0.0674097167965636,-0.133899498277027,0.561872231209372,0.116307146055653,0.0227641998509361,0.304193412085804,0.11403766284865,0.147157692959114,0.501000123349961,0.448602653536152,0.339000739964131,0.0811501401991561,-0.420741670596426,0.0289859050213045,-0.00180189683053871,0.0169881723205214,0.413143520983288,0.570923490396638,0.269078290887549,-0.154248274112035,-0.152075169095947,-0.118447405466421,0.349006372352563,0.115949277574671,0.225280016004829,0.216257483848973,0.330825198509952,0.0478406701910551,0.439260002606616,-0.163738818356871,-0.134828523887504,0.472839693709368,0.778801912295305,-0.0642444330692121,0.353620528273947,0.149365951493222,0.335083884126518,0.125285014714257,-0.140601582566501,0.267964076139252,0.413326108371247,0.15231703782361,0.0664021450971139,-0.301520955966849,0.746237331680304,0.300467306894055,-0.0351999794153729,0.0767526416300478,-0.0396695097929138,0.732056229361327,0.938870619809206,0.412507264967393,0.489674143368587,-0.13871042048879,-0.335406046427051,-0.0509405629865871,-0.216812877614437,-0.348000956884329,0.145932586269985,0.154596331443486,-0.242181706662943,-0.0541004689175368,-0.530987677419238,-0.7518027282271,-0.52274820420798,-0.211824306368661,-0.0859677699803129,-0.164561782281825,-0.0477893846572653,0.267468183659617,0.183805628299432,0.57662986636159,0.723108656152759,0.528575241316003,0.371627732765462,-0.305734704784123,-0.325049415345797,-0.244776091277829,0.0846131881896711,0.772321477932146,0.569740331937734,-0.203552662790319,-0.551573966046697,-0.191890683659743,-0.329276959699289,-0.227937244264243,-0.107060370020604,-0.337246321310433,-0.0321756628805983,-0.202823190532595,-0.267445614531751,-0.107308022218224,-0.241128050976824,-0.350428991564812,-0.0261992317482808,0.0627135208898055,-0.270972733285878,0.0878344799277017,-0.0582284483397925,0.1847901852222,0.160948194225534,-0.177994472181792,0.317736934358988,0.127744297275898,-0.0331424212312986,0.126163271158495,0.254307623033163,-0.00316606764692325,0.0389384127740529,-0.0708478863789895,-0.0994917849354977,-0.0676394130815313,-0.268226980931292,-0.288407990099215,-0.361082615691904,-0.148842369478747,-0.420651545105611,-0.347631804423073,-0.381054390944264,-0.467625666912782,-0.147315610487648,0.274664743336182,-0.343396129209892,0.289089906119619,-0.399730373431412,-0.426811004523022,-0.124446779799276,0.0430046540417374,0.55608520755301,0.182566635715603,-0.653262226262869,0.157720561012675,0.0363854775027971,-0.450319070199771,-0.00901870618538581,0.0895839362213639,0.314162554412133,0.193340697209106,-0.340602869664721,0.20373788088659,0.307653906343805,-0.303401515800897,-0.306129713969793,0.288695835703168,0.135032549298761,0.063864987844159,0.0126980138802173,0.0168546045456313,0.358935400929746,0.11576936189807,-0.337952640436886,0.0736695001707583,-0.389818375392181,0.436720913366125,-0.421985067521982,0.596597870504242,0.315185148734281,0.142442096009131,0.0401015887606123,-0.106625560702023,-0.0295697863160895,-0.0280773810478303,0.0197605922516334,0.00445652087890173,0.63716552524662,0.160756931737626,0.282877819540819,-0.124783626096521,-0.568674989030084,-0.088266493539774,0.273551466631553,0.270829255930613,-0.15231640603706,0.152094100140937,0.158190794792106,0.72354474908551,-0.201828811213623,0.155122171142872,0.33465150980438,0.0857347352657108,-0.318934292254179,-0.200007080991286,-0.113612483258533,0.264837884179643,-0.0340287384371405,0.116334479565504,-0.132734231807826,0.603751007909735,-0.560297049312585,-0.00387772374761454,-0.365049677104129,0.680097323346266,-0.183046059540607,-0.232509116710075,-0.085816730462549,0.15915551024738,0.169671362376345,0.0777718984044047,0.429553414244353,-0.114669204668937,-0.249548339798736,0.0687696622868536,0.336788311058194,0.394741502215038,0.148244899116514,-0.167456461058862,0.480591317558949,0.233185966855446,0.0772897178643948,-0.151990487867256,-0.100738894382535,-0.12905523580693,0.00239994061330811,NA,0.88017192991366,0.0138589355951652,0.782018545740905,0.419671994234006,0.502201161643896,0.187328702272092,-0.0294287310880086,-0.212307035057125,-0.036212872993315,0.201288369162151,-0.0108250803863647,0.0125709220635289,0.00765718779436526,-0.493501492986304,-0.225318902982284,-0.308780515623081,0.342077768361741,-0.157714130362095,-0.00152686649239159,0.16881073915771,0.11762377468235,0.228329012195102,0.209928748790903,0.345127602583404,0.108861433396051,0.618317354092177,0.366175785512303,0.0247499441241484,0.946915071824227,0.802210342671844,-0.310613894057607,-0.0840137359765296,-0.410652232394129,-0.19795862225065,-0.182365463165445,-0.286290589341423,0.616519876213427,0.0623750976441952,0.0894819733073903,0.000631917731131487,-0.0696109438960325,-0.183624737489941,-0.251066384073084,-0.25081242538028,-0.0371882826747161,-0.150773039198023,0.0212611283899719,0.282880579032144,-0.0709826047497399,-0.0618958251843863,-0.225295247483198,0.194128220428841,0.0501484039544129,0.301852340171843,0.20318209851234,0.367300448916385,0.265968014018049,0.302449904936829,0.159236128178268,0.297133644499501,0.449599823613979,0.12791758585086,0.13030145169752,-0.067611033387748,-0.128332233100066,-0.474237609323549,0.158006281688624,-0.159730455828777,0.186814958928898,-0.654421599179355,-0.394753760875251,-0.086620441990775,0.281371761282158,-0.526391026738798,-0.182876000126621,-0.341859323986077,-0.479131740360238,-0.640441245881513,-0.224629762937734,-0.458662255376058,-0.375792920680898,-0.237662541929862,-0.177772251641102,-0.00542090676317554,0.401439311744929,-0.165521888058483,-0.0806185748602125,0.212335072691075,0.350878536707871,0.389569889171482,0.195007594203066,0.182657980960879,0.237245661015062,0.136700338556949,0.131053121084048,0.217308397334626,0.0604736035327344,-0.0618380943391411,0.0187707492813776,0.418300968558485,0.272466896359152,0.120297885686529,0.136519554975631,-0.135232721737381,-0.207470910663226,-0.202049749122459,-0.341415047976737,-0.0268117037281561,-0.129157885673099,0.144563130464301,0.155800072513501,0.3675917763171,0.347405716022715,-0.254295544885765,-0.306024904214928,0.208758844612891,0.149268978182528,0.00689028099055977,-0.0306533250400767,0.157135888700154,0.0755829991636452,-0.0064378584763466,-0.077905571146974,0.206417697936436,0.464960020823795,0.524451544885801,0.383068396472631,0.0861377404346167,0.167774320079899
-0.387161698382388,0.448866745227951,0.5890458617742,-0.175932624948912,0.13845380232481,-0.350116316161358,0.184454352264889,0.629021108871897,-0.156339155350161,0.370351800121617,0.125682614662792,0.0161370429832927,0.296698185861845,0.157486945378768,0.106801281320998,0.20376792597177,0.525667641497527,0.0975854593060972,0.15365623634393,0.425871000338738,0.532552912773009,0.594343654654324,0.080394456004673,-0.375188930396914,-0.213256381433889,-0.324238616165511,0.421811579441384,0.249067401859155,-0.235666704546497,0.341596330845247,0.253477644076647,0.177538501469523,-0.00384916229174466,0.773334719883939,0.224282861667252,0.198670483474085,0.415743068615711,0.45057027382154,0.125045772777772,0.32362309991722,0.508751003604159,0.418068489775296,-0.0424024126643508,-0.301410221235687,0.321570965668916,0.134106930779164,0.391088987393212,0.444853340667229,0.887938711629327,0.466004312501954,-0.2488279193518,-0.314537172541629,0.173972913010923,0.368060859381666,0.161087793125658,0.372817833345935,0.53067218108959,0.444111559588999,0.166409654797455,0.177718359597633,0.0427959325290474,-0.0825940156731271,0.382604412785135,0.392734679598758,0.141619053664525,0.633202727471273,0.270034393687662,0.589086401826222,0.427575238641052,0.225160016676422,0.19641752284871,0.124977498757216,0.340618446953712,-0.205154007984819,-0.381684359374996,0.578253582070034,0.461796763144716,0.0368641657285377,-0.0965342352038066,-0.0822774273957218,0.65502988575816,0.697440239980453,0.242486126271669,0.237379157960093,-0.377234413480098,-0.414922652445734,0.105528350328134,-0.0795498821470291,-0.0737290794609941,0.423573040931833,0.131946152854082,-0.196424257875765,0.21165037337397,-0.49354593185897,-0.537687390386519,-0.513774306216606,-0.263279090584588,-0.0583042947105947,0.11390361061119,-0.195982257692361,0.593216797837767,0.163102659878863,0.674112041611401,0.678105391512929,0.356097117800046,0.218979764469872,-0.359533743731041,-0.232874955912849,-0.217352453621773,0.011539731691446,0.875648110161834,0.239663010072112,-0.198704878401279,-0.244812126805107,-0.304158065974452,-0.508289740602892,-0.310030120537194,-0.202753255777472,-0.360902363331419,-0.067965119629876,-0.300405672438206,-0.200015822144412,-0.209766853960134,-0.23736765597093,-0.397568105401757,0.0802476236064474,0.104546837649055,-0.077628044962385,0.184520842041045,0.0702499225572499,0.591948514280338,0.502094534117587,-0.306582254446551,0.343802795816269,0.088880591677433,0.260693005558347,0.394728512199355,0.301191093594281,0.263311274455393,-0.324162091879732,0.00024996906877384,-0.00388626529514382,-0.0284947612496609,0.0158008638296076,-0.150427611765965,-0.219694273602857,-0.230970138496707,-0.292606614484122,-0.198630791006167,-0.308240803510698,-0.477175031340968,-0.10993534116343,0.393678408092635,-0.225327736830325,0.396202731749065,-0.385465551922457,-0.400029480222118,-0.167041472251026,-0.0575426027409364,0.569533404884605,0.3769338430015,-0.364727043065386,0.354531968677628,0.330436165154968,-0.360247147130218,0.287506763572816,0.0325828486886143,0.0894216615383761,0.245058892225161,-0.435926305882578,0.469432800143195,0.158377104852653,-0.150541747513701,-0.0705963149719851,0.365426246719292,0.387112036016705,0.416580769751657,0.163074579483328,0.131205089048858,0.544296506137779,-0.0114972503698069,-0.304599841033511,-0.0486500117980395,-0.383990435376538,0.528260297455953,-0.228834994752262,0.614875095095531,0.38995697551704,0.271227922781125,0.257889483440834,-0.00664486458163051,-0.105123638328047,0.122538047658036,0.084802479531615,0.0895075670269201,0.569698103820841,0.481878823972821,0.486970646742106,-0.277249207067527,-0.561428188196823,0.223600408375357,0.399875997607027,0.496040115140367,0.0701289299543246,0.171147211825047,0.219674499855088,0.650050863107358,-0.255400457078896,0.356281913254654,0.437705143880185,0.127844756620267,-0.00705133892145874,0.0788782358151461,0.173466206577978,0.274973326639909,0.251140098057295,0.286628386805444,0.0417884688638632,0.344929446203711,-0.502166528247135,-0.0102131033121486,-0.388074146168647,0.727662891096148,-0.199006071392733,-0.0719010784203169,0.0114476536135153,0.448924118487757,0.313589901333506,0.104181131215253,0.538729850853382,-0.105965840874315,-0.0843513043500588,0.248765975590292,0.361885063461138,0.206848949379072,-0.136196015633387,-0.27190679917584,0.752588477961716,0.409641901185206,0.0076446355346874,-0.486925473712622,-0.231308810802547,-0.279449283810421,0.148140649294377,0.88017192991366,NA,-0.0741119895938312,0.553030838196917,0.339411548337211,0.163342530307146,0.313984896913443,0.161037384744726,-0.16596428044241,0.124916396840493,0.494208125008526,0.321585361580555,-0.0699126667109894,0.185553154240701,-0.434602003546509,-0.300111887646584,-0.361358838046005,0.135994488258039,-0.194989783849975,0.342866176696619,0.138742866879882,0.0518245816409852,0.343828233480519,0.46042136863961,0.640171020745201,0.253449023551832,0.409536405131925,0.306217646836645,-0.176992148166333,0.796771493759876,0.472368804685293,-0.255685830559319,-0.0755344700992133,-0.296317120171915,-0.206994739757389,-0.258145780662758,-0.292816732285466,0.240118806167815,-0.180211118549701,0.0232784865633068,-0.175920928916875,0.0487883223129476,-0.233630433879057,-0.274757749334851,-0.152237367346704,0.0308149476842193,-0.110851839014971,0.052563022969181,0.451560637699218,0.220353218450185,0.0128972472971445,-0.210137377147092,0.574557258550107,0.45534273499128,0.452908697403307,0.451490168322721,0.283499753984451,0.144486698606632,0.433513213292302,0.142699262702108,0.106241116037256,0.19451322691196,0.389005878003235,0.390435552165376,0.0786019969878226,0.182542666007667,-0.0918318612115808,0.255106471856515,-0.0442004035096356,0.282228564783352,-0.600357469740626,-0.20446337170492,-0.0136139122483883,0.352996879879716,-0.495618560050152,-0.110673321760051,-0.339897079510989,-0.373389103989786,-0.393926411037801,-0.313721099476971,-0.225702333695286,-0.290045043887062,-0.397668709255725,-0.320847921681563,0.06148881783331,0.43121961539083,-0.137363252247696,0.00846584904519517,0.121167449580454,0.0705931104448363,0.109536124921708,-0.0524458637969561,-0.0237869692451903,0.152218233694546,0.0637616413110517,0.0653682946155779,0.0172098305677508,0.262365203907949,0.249461592241998,-0.0116667496852682,0.556283313754742,0.0787708842277015,-0.111393439552155,0.211722605888015,-0.21473218442634,-0.298668308972551,-0.432539394078498,-0.490764072127002,0.10164686419789,0.0426581547681231,0.295608415506933,0.33690380545589,0.473340892424097,0.466833500639317,-0.476520772814075,-0.423105733735143,0.414730258918465,0.0262897083094616,-0.0377255224415623,-0.154352908620312,-0.0102166060114828,-0.112431046341139,0.0865949640293565,0.0112936687040213,0.337065761954248,0.573356115490551,0.409231906876486,0.318032501111224,-0.0134808102449741,0.211732420959499
-0.263986293451805,-0.229106042831113,-0.256220264375019,-0.0840012260329735,0.174779418569485,0.0233020543999557,0.209595486562224,-0.0627817635692317,-0.132231586730402,-0.317584942241213,0.221204976821719,-0.0200182939489011,-0.211974330172481,-0.142647708023251,0.488487654062923,-0.252004767148082,-0.0385011485954927,0.266417510261588,0.0317294022415485,-0.18074141518169,-0.273024489608246,-0.0410795123164239,0.0397455994842828,0.209347996868179,0.0118636544275803,0.0418847283305383,-0.0107410168938488,0.228224827090145,0.199123685700123,-0.0255289089489199,-0.526585367317109,-0.33471865431272,-0.251025267687532,-0.284033459780937,-0.292481608196553,-0.302493586698503,-0.433585543025981,-0.292005696732372,-0.244581809805952,-0.0161593009805878,-0.123294873422298,0.0593738871428014,0.152915204181836,-0.134046154706523,-0.0402666842461238,-0.484579285171711,-0.393458788912952,0.0282766326721134,0.0219286491771297,-0.272133156930716,0.129666400252461,0.2583812016277,-0.352199606347135,-0.151960571202698,-0.0346142198401767,-0.110577736767456,-0.364078354796875,0.032374954571883,0.180312307843617,-0.00677561058065067,-0.156743354418515,-0.034877754961433,0.224075541753673,-0.0960956641340533,-0.318467815013516,-0.139139946321999,-0.207290679491078,-0.232061869365658,-0.390378769894202,-0.25143717484456,-0.00278274743665676,0.33038454792341,0.121700256180753,-0.0526956900868407,-0.0741980498928848,-0.0281803489777423,-0.274481572154232,0.142592262170682,0.215025465546567,0.225388049489454,0.0451784026671605,0.2553547371629,0.593277940653155,0.346310955918132,0.0878787864153467,-0.120033340964224,-0.00209844383643216,-0.0581810060281835,-0.270236531243352,-0.28591083537654,0.0791210108149183,0.069582416550408,-0.148165633993514,-0.0168449432678005,-0.0578617831032477,0.1399924553873,0.259203355242883,0.448008634733613,-0.195840718818162,0.10296193423142,-0.302795799511593,-0.0147891949233419,-0.192230938550783,-0.141696851051205,-0.169304878045034,0.199526854530651,-0.0157300074731977,-0.00989228274008256,-0.107671647856568,0.23108693090008,-0.126180664246046,-0.0495584168882357,-0.084763184430435,-0.047961028889846,0.243380960476109,0.122497692663187,0.0671744589824635,0.266512201489208,-0.00243838772765781,-0.0286207733708222,0.289136052650025,0.29576966938214,0.0340949359859768,-0.15453493918978,0.0127051048096397,0.244679895781636,-0.115771112186563,-0.14963029509181,0.137512688006201,0.160611790645743,0.000331231874281032,0.0471987020259294,-0.135116604768383,0.0273322668140063,0.328574275206808,-0.00490855746646875,0.0821915523816791,0.289273687983464,0.150362328295094,0.367941239945182,0.404995712777906,0.24771654914245,0.0391908713509006,0.115477907069046,-0.184989947807393,-0.147879625789309,0.221742448511491,-0.224305213879994,-0.292410464430691,-0.110241008838143,-0.0916135417810749,0.19850272395462,0.170302175981476,-0.036452321110117,0.206792371802802,-0.0641297701045648,0.0912039810718382,0.190560234964082,0.51664143283967,-0.0406057759706518,-0.26136300609412,-0.142968074187109,-0.31487626318321,-0.309476840490716,0.0592359281525279,-0.102283691109733,0.597487140934226,0.189795052519895,0.0301221505290373,0.130839354948035,-0.232282437892821,0.20613084307463,0.146231342206273,-0.0969987303602182,0.217278338734228,-0.151075385999392,-0.265392214801961,-0.000321563025300918,0.223027886625796,-0.200111282667579,-0.0960832559064376,0.388663739243494,0.55169078849418,0.233063347832821,-0.195295762831782,-0.0511783468369275,0.208258774896917,0.112296575167072,-0.168758323890713,-0.293408624996941,-0.376227405633893,0.052242430594695,-0.429032904030264,-0.248429369501728,-0.237769652728092,-0.0616883769302664,-0.343460603577519,0.0704829494860794,0.073655055824063,0.315389741174541,-0.317689503735149,-0.401671444034803,-0.179140198002268,-0.0313853313597044,-0.310402657740075,-0.424033414061387,0.217471364003575,0.335862278611546,-0.290326038687008,-0.378088395188487,-0.137863202200007,-0.420116768830878,-0.606338174114748,-0.291218836172075,-0.286824951652011,-0.276218443300128,-0.382683526861511,-0.357315230756094,0.287463074652954,0.194789106023798,0.0198425188063112,0.237067664772755,-0.357145362041002,-0.181038239031188,-0.0775890832402791,-0.101204893730882,-0.333700989929867,0.00235566676925683,0.147060353025595,-0.2049058927208,0.0207786472847686,-0.0203819444143887,-0.356047241898535,-0.125387105647359,0.18054659506503,0.483902448229291,0.171006212553028,-0.437725018195224,-0.206742276817099,0.475819356603724,0.245950900655325,0.344270810802581,0.669302143560303,-0.353470606343944,0.0138589355951652,-0.0741119895938312,NA,0.2349532717332,0.315948949234113,0.21034229976584,-0.149883458435864,-0.154569713113366,0.0216661517299973,0.00268297644561608,-0.502013352418196,-0.0701424805079677,0.0947151800208861,0.0271165276174878,0.175477965472682,0.551584698699135,0.264049067167986,0.230895221661931,0.361350066825671,-0.177540443925688,-0.0171536030482952,-0.0901819587344177,-0.0993594623399351,-0.375346994421796,-0.272171838994613,-0.68894385423776,0.196203666972158,0.251282411122283,0.331127455759399,0.116153734941033,0.203244437456951,-0.0665776671464173,0.488336165358649,0.0973316712701348,0.106034640687688,0.396269555298338,0.0407947624825971,0.0436348351199557,0.418112956289929,0.15005077564912,0.224034837595967,0.193180983417142,0.216651509300602,0.011328957081319,0.0979003972318486,-0.028413555014419,-0.130847150771435,0.0929953116376186,0.0176052423941212,-0.113338386354177,-0.124478526216552,0.392731814476384,-0.167476403851444,0.0585755770653992,0.181505085129519,-0.29961591734386,0.355769661694736,-0.368952758233487,-0.195500778308838,0.023792198696951,0.0731587297118102,0.261867610052651,0.143463386921392,0.102100545641025,0.153295192209139,0.0240269161557274,-0.171095979653417,-0.112952524792077,0.136367094117533,-0.0314621203269984,0.0791259924903027,-0.0837552210420802,-0.0575483529110766,0.495081047873797,0.208307526618728,0.170100856298342,0.118043658394762,0.00488940965614878,-0.0710658113834547,0.127876328532639,0.0745875979634711,0.29033471402288,0.542531280382573,0.554586775775868,-0.00563483704710297,0.0180223458163183,0.0617587750554382,0.262564809421277,0.0935195266598226,0.299626709912166,0.138302486144436,0.316967356124508,0.12673975980781,0.143115871300352,0.0485302484869456,0.112139407800701,0.00997672066898561,-0.0260435183228151,0.0454208928922621,-0.291310150013212,0.0190690864769327,0.245175009495861,0.364949670239363,0.267827110100317,0.201579650963404,-0.0375618825534019,0.0878305813382504,-0.112733279489082,0.450695511336251,0.289538902597281,0.028325586335753,-0.027463130841382,0.356025314727939,0.0460723633637688,0.247120838315707,0.119706515557944,-0.0968452653366835,-0.0530114248112874,0.200049363521883,0.0926304760627688,0.518327109697127,0.147568296063868,0.183502351365519,0.308527235169688,-0.0686842465749003,-0.0268383057752711,0.137945622189099,-0.0221949150451162,-0.0367236265233162,-0.0627130268313893
-0.355110998239261,-0.0299548126625211,-0.0512990093333944,0.0284969760112114,-0.151376319887419,-0.125716264490951,0.110755460674932,0.11118241674618,-0.178172305641823,0.275857696188951,-0.0753128764698334,0.152168974295051,-0.129992728052825,-0.331673149775323,0.126810963060079,-0.2704779921562,0.118553009605835,0.0241684180967329,0.393006383845752,-0.198221284851384,0.310620134060832,0.309266651717756,0.0483940172874494,-0.136659782382134,0.0927422611099862,-0.0639752033771668,0.504348763084279,0.531382067241913,-0.0377367112959376,0.219962997006647,-0.259234080680632,-0.177004275573528,-0.21001622202605,0.301854866845372,-0.0384559991570244,-0.164049145207045,0.145415635969715,-0.130972112168061,0.00758606927251211,0.290057355639633,0.222079013160765,0.383123657162713,0.109927980371444,-0.26536778299786,-0.0327619687775496,-0.0666009680627221,-0.0781387508066268,0.242616730751673,0.467238994155336,0.0702692843467035,-0.223351418789107,-0.0742782615207509,-0.297042591301144,0.135962084731292,-0.107400108714818,-0.0350922679431158,0.0171641918379213,-0.0182040239097799,-0.0700721915931721,0.295427210629472,-0.0226270826182203,0.102135613258837,0.692461231636733,0.5768470385121,-0.0808027477418411,0.134095964090274,0.13703245705653,0.110878327815421,0.0789203661359357,-0.236318248698789,0.190286916597026,0.288661602347084,0.184596631424019,0.177152032477203,-0.211715448477859,0.54329128382636,0.0125558617190981,0.020246358683716,0.262920578423167,0.207323570040209,0.374159780505023,0.633493630997428,0.384149414511509,0.60219922132721,0.0556491114719893,-0.234373140357623,-0.138767231885946,-0.15838299607522,-0.054403270643217,-0.06463664634616,-0.00615198643884283,-0.174022328998912,0.125383440149708,-0.43839420038621,-0.579616926872728,-0.499145408076407,-0.223773332517239,-0.0645841499677441,-0.22334328720803,-0.1276828708037,0.112105558085111,0.240647487054387,0.500721640279892,0.328376314600258,0.343278581296694,0.309722219637085,-0.176987247167518,-0.15972393936057,-0.168729084340046,0.00958777223507899,0.586062849135969,0.390957316402538,-0.032478794191472,-0.442396577061354,-0.160193892245031,-0.16421084202276,-0.190579546315124,-0.109230169355078,-0.215481399305088,-0.0113089909601518,-0.106736226506205,-0.360614279835968,0.043389699217964,-0.164504812903528,-0.361308107262168,0.157262138761138,0.101343590913991,-0.404514447515627,0.304946045161821,-0.113416715319143,0.204901018410204,0.0573875218033131,-0.252794789144982,0.167153785914505,0.268407345060666,-0.0353331829462619,0.0994428895071522,0.155548088340633,-0.0403919828728759,0.124243154661146,0.064389627110388,-0.151073560065944,-0.0747535332466896,-0.355137739872111,-0.169985453126885,-0.186941594424852,-0.0294613213769708,-0.313505235319508,-0.0723376894469858,-0.143955185896925,-0.320885407128782,0.00959990510089909,0.258535093694474,-0.290262329949962,0.232414386755495,-0.182107966598559,-0.407203292132485,-0.19865323055086,0.189601854290068,0.316012902103129,0.0602543014915175,-0.421112008685758,-0.0314023847772675,-0.0729139576227737,-0.103375219743819,-0.158389165175261,0.280635726841156,0.276995231464877,0.228930954744202,-0.292088239855576,0.251197984196222,0.36676712668215,0.0190451865100807,-0.519956180680063,0.0500194984465889,-0.126366912340379,-0.0280056460941115,0.115127160450568,-0.0488873512060089,0.401746332463302,-0.0237808659771267,-0.161238385578703,0.17875122874975,0.00842103952233503,0.416336491368398,-0.108177267161094,0.861861116683241,0.438612155997789,0.0717541192507276,-0.193227268970532,-0.217570099865889,0.0808969739764051,-0.118814665284982,-0.0906525565619716,-0.205467856665553,0.406954742609374,-0.0944151864686132,0.119474569982502,-0.252530074012885,-0.52535770382095,-0.314015834285762,0.153557013406124,0.0646562952926328,-0.268264316286385,-0.103123090860442,0.0858337175563837,0.753817749769983,-0.154733452373975,0.0524583665918354,0.0678121479229787,-0.152740857978533,-0.414771486477075,-0.334918302157926,-0.180467610584233,0.105835823499408,-0.328060802582963,-0.202742979934002,-0.364458809221413,0.883421885025463,-0.326542850705073,0.20688153326854,-0.0585621548199088,0.323181943680656,-0.137538907447395,-0.150123311626998,-0.112362089413401,0.124378853359381,-0.0153439423775856,0.243517820591426,0.181709268012348,-0.0123473986082034,-0.270008037514774,0.0827723845510869,0.217357949009764,0.309453272508511,0.162841394296586,0.0657808809617699,0.166014873361955,0.216279718243686,0.215271640402833,0.0866997427835259,0.0375892015728479,0.262144163206724,-0.0133694752474213,0.782018545740905,0.553030838196918,0.2349532717332,NA,0.956058663646834,0.700939966144484,0.031170465475107,-0.251968393136982,-0.27222881548756,0.0653003835907158,0.0324853360530998,-0.135323894787709,-0.0589200994682091,-0.0877329095452131,-0.64623587187818,-0.0901674570453533,-0.330210700009265,0.14873445929995,-0.0905870447849185,-0.189564092872913,-0.246012472765046,-0.0322460995173071,0.138600120923575,-0.036952234102333,0.171464686490618,-0.0654134602912779,0.585704801807085,0.421997812119486,0.0177246781179395,0.786973880507922,0.900453141426215,-0.00260696357222454,0.0870188499595455,-0.260248962317545,-0.299726544800966,-0.129016440704934,-0.1912273588218,0.241625246566778,0.257337415782517,0.195139722946857,0.011677839314823,0.118342129650541,-0.191767587969177,-0.435710168174609,-0.106645476568499,-0.0959456154826223,-0.131504768415268,0.136240421318313,0.286692875833336,-0.0369059272673537,-0.122924539854797,-0.168867692819809,0.0790798353728554,0.0633494695408792,0.15332487072889,0.204151219753996,0.627541098527941,-0.0358517543911812,0.173090038862944,0.0966866642993354,0.451541744797246,0.393214052079892,-0.0471206787715326,0.0743714963950995,0.0273224870044784,-0.0539880381003028,-0.392558171211976,0.0127619401500919,-0.209083103857114,0.0892374337981779,-0.446043172750152,-0.106612863050472,0.257506703921603,0.37238964879014,-0.49694004254229,-0.05185901496174,-0.0297636909066918,-0.328023467201024,-0.542259102426205,0.154608768364307,-0.270675914389769,-0.0027631093429991,-0.216515354189887,-0.0111672655806733,-0.279455099493176,0.405046629521357,0.027706534181499,0.195880057844553,0.267729284769819,0.636246817877203,0.483719373190847,0.424357720097748,0.248737124657729,0.185589216135133,0.145561207663959,0.146101300289705,0.126481229345009,0.00189004633108377,-0.0737204763796502,-0.127809522244161,0.39466430762066,0.420895279678684,0.291202411293507,0.206904057054209,-0.12267284781774,-0.214777427482252,-0.0732765118660457,-0.185333956294567,0.120422205233002,0.00781995965956906,-0.022817957234879,0.010593305295178,0.154557243330151,0.163460454734451,-0.327871270974835,-0.219891800357937,-0.00612868355630849,0.0951813712554978,0.0804667063131727,-0.0115063262714108,0.180190516309996,-0.0940118211281793,0.0170977431041522,0.0780289841618204,-0.0327140279982185,0.307577486882423,0.404956302826984,0.151149897372841,0.270560770508173,0.163896469848766
-0.122479729803876,0.00783458734008396,-0.256257918146669,0.154281616845492,-0.101559698948619,0.10657827511729,-0.141809905832258,0.0285314367624955,-0.09770662530238,0.163949648840952,-0.100753446202267,0.0897663734331743,-0.100406037348914,-0.399163699062905,0.194285030754017,-0.183153562763224,-0.0228189151631951,0.205724095661033,0.0888391680262463,-0.230297693248451,0.123751338881184,0.0807594916075345,0.011784643766063,-0.0419409479631941,0.201746806059038,0.0780510855198305,0.272625790786552,0.238669564204399,0.0165260930846788,0.161206851432955,-0.267467206933355,-0.083309093375588,-0.0897839234802785,0.0231299841198102,0.0484511892009929,-0.0578001290112874,-0.00756171904521756,-0.0416294566934749,-0.0172598492128633,0.0276278605061537,-0.0260161088593907,0.181762743565246,-0.0565955097097709,-0.0194962593891601,-0.0184652261885731,-0.232395558942645,-0.0509915015590003,0.0848446895300945,0.216977052593809,0.0279141679013454,-0.251699313370382,0.00374897086023026,-0.359529177727777,0.134747783427687,-0.0417753614522955,-0.0525073722906169,0.0658712670339126,-0.0612874613732331,-0.0788889467330677,0.282533262492041,0.111285882190219,0.260799918387861,0.450714891654755,0.305780460049303,-0.157149177367679,-0.0793690083639863,0.0540910473860545,-0.0165735179494597,0.16058966162227,-0.126893701644171,0.0913192200519619,0.260925153449196,0.148021922331853,0.183280240483328,-0.0118374517369992,0.417168706114851,-0.0644061325524613,0.0706663360673259,0.24149919465103,0.39386108988849,0.369182932377467,0.369235779663887,0.303073785123718,0.589061456924234,0.150955669684335,-0.0883741312028349,-0.0983560153283766,-0.114547457774333,-0.0579629071062074,0.0617633765407714,-0.126230581996646,-0.10866462986648,0.121362912852062,-0.13399016026873,-0.357177492075485,-0.334238843497905,-0.0445707167293179,-0.0201821740411838,-0.206371316644475,0.116062557186662,-0.0268400352657276,0.16503534118704,0.20178119619178,0.125103325783567,0.0628837387233192,0.0195681857184826,-0.138896036866152,-0.0446213817068383,-0.179125859432141,-0.278476620513655,0.247524876901696,0.298529779381821,0.119601133390766,-0.14521981573207,0.183703864536706,-0.062193078671496,-0.220376289989711,0.10445824948396,-0.146753080281021,-0.148685580411425,0.0850706537932738,-0.267828889020726,0.0409927999130728,0.091510812078283,-0.366141167054861,0.202630136592327,0.126051752862917,-0.204796399487527,0.381120050082648,-0.184430876581772,0.0494897988006728,0.0371729698709662,-0.343048640181257,0.301437126281862,0.393037355778952,0.0162052142913449,0.071209246732252,0.252100941041397,-0.0867447128078821,0.133481389947529,0.178267908851925,-0.30547869811829,-0.11034772623934,-0.204947517663468,0.0471212557033963,0.0489999151371351,0.0829733331233233,-0.00504514142652323,0.0663843578380228,0.053099977691173,-0.0717557592854241,0.0706471852928934,0.0506701888232272,-0.408149404201366,-0.0207283576501927,-0.103708939352685,-0.25499879174457,-0.174449019380348,0.328894927407951,0.196811395698293,0.132624649620904,-0.201274033958644,-0.0792998771549008,-0.236502005456045,0.213962634922694,-0.23724402307634,0.322159271292355,0.161788886911715,0.275649794453051,-0.00159353132998389,0.122537776800936,0.189174859202121,-0.0228057348353665,-0.378177690337058,0.0421479556784997,-0.167380087764287,-0.105158728025166,0.159118826851417,-0.106623157731081,0.267920319951395,-0.0684814572727755,0.0977968719173066,0.178591444600734,0.104103941085067,0.0597141477449066,0.0113853030151058,0.472668994596245,0.294447682073714,0.121757059785702,-0.166895135617993,-0.112942080419597,0.0225276131618238,0.000524909779266384,0.035389518896114,-0.137963342552462,0.0948914067008119,-0.223155103050504,0.0689170951761522,-0.153927710040302,-0.374703061135427,-0.264038157929117,-0.0524338702543061,-0.0338041745147129,-0.30327800058688,-0.18788978103466,-0.000383967401406984,0.383888923589447,-0.12613177458318,0.0472441496463936,-0.0427377375607731,-0.0211054895596246,-0.374832765351401,-0.261759107226363,0.0880557980737369,0.108717025543167,-0.205025664870088,-0.162941851708035,-0.158670650437767,0.74015881924935,-0.00490104328332474,0.244809081323951,0.242287750450747,0.103112844581278,-0.131996924927305,0.0818420033959023,-0.0289314212538791,0.0391076111246046,-0.094303391116116,0.311731249244945,0.0984773429794241,-0.0331677631294736,-0.142839421295242,0.0785888701625115,0.152132122878996,0.179191556330063,0.230377913922836,0.401359530969019,0.120254817315983,0.16559420362331,0.204940598636726,0.247450435227001,0.328605625925623,0.374208296565232,-0.0286185912598753,0.419671994234005,0.339411548337211,0.315948949234113,0.956058663646834,NA,0.514422214594769,-0.0506588566253248,-0.211953155965909,-0.119561563895374,0.079740884148172,0.000206290958793371,-0.115202060666213,0.00805850110021918,-0.00164674780769133,-0.425808651926491,0.00797219316320885,-0.194698828257932,0.108901026731212,-0.0889320529804076,-0.161001951376278,-0.142509702895824,0.212985148482691,0.245159173600454,-0.141735560073938,0.146940394683927,-0.0850500939634761,0.365249225081737,0.342295372277293,0.153630394511348,0.495923985037494,0.742196305381949,0.248334990174406,0.158655019272665,-0.0315120590976665,-0.261057507554921,-0.0936111773247791,-0.0910311287254332,0.000865793378612232,0.271799686283985,0.310864240506141,-0.025066844357881,0.134867888890534,-0.152407747796438,-0.316879471673828,0.098433747632545,0.0256629702057961,0.00776610101669954,0.124843429818821,0.109203718533521,-0.111238502782072,-0.206567940149828,-0.162022873359847,0.089563243067018,-0.0690273953412461,0.0533028981446508,0.126635447032865,0.333413052309642,-0.165679360113097,0.0862548851440247,0.194487475107431,0.226766136566549,0.188525122929277,-0.0549972638398098,0.112080337877001,-0.0829638860726524,-0.057313987424436,-0.176781077144537,-0.221144612046329,-0.18864530238676,-0.181372384008917,-0.228999608344268,0.129180399888355,0.413839188827272,0.0983573833573142,-0.234147753157232,-0.0237656445928875,0.288504004479314,-0.0794515766806962,-0.232621579304981,0.292599980569734,-0.0450760034713362,0.162208820894698,-0.0970309034468084,0.125808539849987,-0.0178422817151888,0.398157246547881,0.0901507909528685,0.389519457252368,0.202740511155969,0.348230862091947,0.221186883222506,0.38922300277052,0.121574652917996,-0.0300299874476772,-0.0596768912588169,0.19949327005925,-0.0587218702636848,-0.152905686171626,-0.146519749408899,-0.283220977186738,0.117165156104871,0.235922471233706,0.227321763211375,0.0659004829398805,0.0844887858588075,-0.01150705717012,0.121471674197232,0.0126147199050524,0.0211198733372394,0.0834847285774932,-0.0797789849396182,-0.0537533544551204,0.0880067295718869,-0.0333937287138976,-0.185857702340957,-0.12376588163454,-0.248034831082501,-0.0860439498547621,0.0936901777742216,-0.0175684553607285,0.151926946211219,-0.197363852491864,0.146629095069615,0.0437782212282141,-0.11438263629551,0.0679325176834885,0.233532749393673,-0.106422845572898,0.153330630574155,-0.029622921676744
-0.456736077585117,-0.291521181107833,-0.344846263534599,0.144266617362589,-0.0736545893825804,0.0534055751991949,0.145640646827414,0.0643352740137164,-0.421223257132578,0.160251923137266,-0.0438398345484783,-0.108612827849828,-0.159415197990177,-0.2945506383978,0.243139806573424,-0.340601682435442,0.0547952104898094,-0.0237440852962583,0.382317846526804,-0.237129101607513,0.121553639441072,0.18528971612476,0.0779459657558723,-0.0589869065144802,-0.0611356076145724,0.0154418792087392,0.487240349452857,0.463046177699758,0.276936001106558,0.140946110450474,-0.248907727928991,-0.102098652689571,-0.232955001522413,0.120113170698976,-0.0085671541419973,-0.216035305925756,0.00910767668861102,-0.111362903607324,0.0551757098543552,0.406852030932603,0.0911983428592001,0.0902108231956697,0.218526993023565,-0.299327370079111,-0.150943977096018,-0.172892928187241,-0.167523936860135,0.151811664574407,0.175555770370259,-0.151352535878268,-0.00259959592532316,0.181390607666136,-0.467449351012671,0.127468070418805,-0.0447973372655678,0.0160458548652952,-0.150332449124253,-0.0486820693838151,-0.0231384956400008,0.329086811306524,0.0523164496854651,0.0342724156604197,0.744486443420625,0.63470046011987,-0.0965008296223793,-0.158579221000037,-0.0442017533614258,-0.163779686471211,0.0608932860199715,-0.244984419626779,0.124486326484314,0.3811409606173,0.0224979860175558,0.215175715405121,-0.035322360145079,0.505788109668011,-0.0239007111120963,0.0827379925909859,0.264297372054994,0.265385108192546,0.438763813068459,0.604022893174157,0.346087728418253,0.447342282497794,0.107747358076713,-0.106597822226836,-0.147983631045589,-0.255063897416417,-0.164248927797671,-0.126616488228689,0.132278385291639,-0.0793348607716076,0.0202554030682737,-0.328747343878594,-0.392656853461016,-0.268068342854129,-0.075174242071844,-0.0158289454941436,-0.282320632300149,-0.0930908771216948,-0.137700093309359,0.0846821360354769,0.223318968246516,0.214669742234899,0.241472486595929,0.37042761332657,-0.111120323407177,0.118853446182142,0.0254704824233494,0.0803166866652469,0.421910374374979,0.43673458912493,0.0184065148198985,-0.704716824346369,-0.0561625566863269,-0.102960274851104,-0.0677656779418289,0.10290659342071,-0.195905748870589,-0.055763271397474,0.021668633010291,-0.318382806906566,0.171435389759994,-0.313872962609504,-0.305662092034726,0.117320058777523,-0.13763153426518,-0.294272608919222,0.0924692081980278,-0.267674662115054,-0.0880173535034746,-0.0917823743009983,-0.0155696863307268,0.150455236246217,0.14705424102074,-0.21253710656746,0.124097458508836,0.268210705063699,-0.134151324533808,0.193207276197606,0.0291605714803421,-0.274519981497666,0.0417938569472716,-0.415796498607021,-0.300543461485663,-0.303292375374216,0.18957449926711,-0.42292030099832,-0.118304465160811,-0.277554245573452,-0.475588254267737,-0.0163858103105244,0.356526501080118,-0.443293903708396,0.273647209037603,-0.213933442903622,-0.22287719921135,0.0576599680220459,0.207362556061453,0.234453651748389,0.0227306346829508,-0.478967747143356,-0.195893508351433,-0.237549040194103,-0.123185379052216,-0.140215682644243,0.298970668510817,0.347616847264094,0.0126455079064851,-0.192476566508306,-0.21914779913958,0.0400391524980149,0.0617325284153421,-0.368602229272385,0.140504846958854,-0.15818922062683,-0.126659221561708,-0.0464570779244879,-0.164680745624556,0.123521246537109,0.197325237895284,-0.0734620275151737,0.322686140900601,-0.0312043733704192,-0.0114489800477279,-0.165168624470311,0.541259301024849,0.253809438486488,-0.00988332195204819,-0.271943538772773,-0.247692965040643,0.262588752134054,-0.283942929717534,-0.112441418243171,-0.332340204454698,0.225531898037549,-0.241681696619643,-0.0232310413350894,-0.0904988854328206,-0.302265236414041,-0.481099778827917,-0.0246565266737699,-0.184111256899766,0.139958787556652,-0.183357316506228,-0.0258718734877321,0.472029466506759,0.00966488774271999,-0.0946792890770386,-0.0348482479768422,-0.20006736196939,-0.610605894699209,-0.313228152363777,-0.311214471249152,0.273398132245699,-0.32664755946858,-0.344660190110994,-0.621042655742261,0.746388687970137,-0.131511148197723,0.33027801511279,0.172079837541233,0.0939297764399278,-0.416952203284385,-0.0870952095746871,-0.264513487255463,-0.160279600445616,-0.0590618738393636,0.11900918796262,0.211301390380309,0.045492554466486,-0.273198708067041,-0.151427098635098,0.00576560196134768,0.168202681657106,0.246377381678726,0.159906133882642,0.0687477357841514,0.0816429797099923,0.344798793483728,0.162835201641571,0.147990712956667,0.218509020769358,-0.182698410601232,0.502201161643896,0.163342530307146,0.21034229976584,0.700939966144484,0.514422214594769,NA,-0.0307351329000226,-0.315368836088034,-0.166749161663212,0.10252749699798,-0.144166337435121,-0.0817509876671348,0.0329599825937894,-0.100825087742272,-0.3767461759328,-0.00890036424608494,-0.105439412041799,0.273194322405594,-0.119459506044236,-0.334325711404224,-0.278714850957662,0.0640602142066145,0.133590936641003,-0.217444841486353,0.0663305088124842,-0.251222703442251,0.61855126468032,0.470042600637475,0.277777571308102,0.422791163231207,0.894590683126571,0.0239899936429756,0.0554323836331128,-0.548028199137922,-0.283847559250693,0.0443410023524764,-0.184308476395526,0.256716292866439,0.385139929507278,0.344499990443382,-0.0798477634449585,-0.0620823131405079,-0.186757634695214,-0.444603792596904,-0.250952560046916,-0.251509073376655,-0.0642243660520881,-0.0278781575098145,0.174233614987874,-0.253852660442051,-0.386583342036674,-0.0256141503502842,0.211691781085612,-0.0463454133185916,-0.0652469059306594,-0.0686132761347617,0.509552553232639,-0.161634528335963,0.158826359853274,0.104839975245047,0.154629881423223,0.460810793005963,-0.0167870798593674,0.185503197989763,0.0982395219267402,0.0123190440373658,-0.318479035573502,-0.0980285765441893,-0.0744494350995183,0.0344149038197688,-0.386929156187664,-0.135469560865472,0.365894183629026,0.407164295925167,-0.42121534583484,-0.114337317992786,0.0911834351582537,-0.399953225863908,-0.526156289222325,0.159096531168828,-0.497167359687284,0.158070394241575,-0.00987214623627673,0.155375935724481,-0.263422533519828,0.303556907360965,-0.0656140558018327,0.0436816800961364,0.188735079513521,0.338425043102377,0.355910482089336,0.35223172169013,0.229483069335567,0.191435704939267,0.300216123352255,0.14961312281165,0.272313652964465,-0.342399674096769,-0.32734861493444,-0.304684581548832,0.145929759545824,0.37268108761117,0.230561169460246,-0.22130943445858,-0.25213868327318,-0.29782928452514,-0.230685660903089,-0.227479517681956,-0.0698874033641809,-0.148076904379477,-0.19743525365332,-0.160784692307943,0.0189592714028233,-0.0132607968110279,-0.306987759913386,-0.162731029698488,-0.205375391671208,0.111548339975872,-0.155592257920481,-0.335723738987873,0.0939440473734256,-0.225342347890131,-0.0279136943622042,-0.0878336436337711,-0.0660155647763255,0.0116742832866162,0.110039055521557,-0.0481638437752096,0.0675494803111294,0.138514274464304
-0.254450812412933,0.562601467114425,0.449788651688804,-0.140178888521104,0.534871630725334,-0.159876580356391,-0.0303505884950555,0.616052736038969,-0.0316009044020754,0.170798452187717,0.0803644793660992,-0.115337087882385,0.350637973519934,0.110491700144703,-0.0227395300424889,0.0485983824306404,0.482310722127384,-0.029178943693027,-0.193530518790665,0.404213228917398,0.503157751325374,0.358163232742318,0.0963203178777619,-0.176764579584683,-0.0632348266037414,-0.459158782915228,0.228741894246531,-0.0331605056011628,-0.114222695866321,0.270756890430991,0.433333366602254,0.270049248449417,0.221680254758303,0.281803438564825,0.215871670790063,0.340984151219325,0.220152523417265,0.322034907903322,0.172400657263419,0.190539383206017,0.506711718167432,0.20311784321786,-0.0623840208530433,-0.200427107869072,0.278856708156597,0.106833518204033,0.195205157022151,0.225576580784558,0.401004098778948,0.596222405070355,0.245176143977426,-0.0238026773881305,0.230435859159153,0.430548419703621,0.576200233555223,1.01503636449706,0.528604316355671,0.606249714445498,-0.133657684564693,0.0437157713551272,0.137604614279708,-0.0539890805451802,-0.0406717921767071,0.0881105371032065,0.399029166101303,0.196428335155254,0.0577227091720674,0.223533632326035,0.348895115550603,0.194402601427722,-0.186652671888197,-0.153483890435561,0.167647854533976,-0.160874294046207,-0.136476550665616,0.128166795697766,0.161244557363085,-0.0447217337097075,-0.188462234814495,-0.0370600877244895,0.312130371644111,0.131661265712471,0.00307026347564961,0.0918280072910445,-0.284492411625068,-0.300874695170011,1.21006468461635,0.655333168473062,0.0634948321871661,0.38524079486888,0.234816325624641,0.170304943378891,0.428514153446085,-0.392184025160291,-0.339298822215958,-0.128849658410662,0.409505161429385,0.302168781930088,0.874262243326427,0.296823093827843,0.383924171633264,-0.10454963112677,0.550008232641421,0.574244633612837,0.370111909354968,0.418875734585802,-0.136108125213931,-0.0988162284764949,0.0390229209629436,0.0757664392144382,0.248743700728552,0.214291014884027,-0.00859393745797119,0.053361436204194,-0.011737627608866,-0.364995574731478,-0.27693502931593,-0.330402644772747,-0.177675292619092,-0.147095973068632,0.0130775040034875,-0.0798528621914082,0.239121715313851,-0.268124368192525,-0.100306972699643,-0.0559507040253177,-0.0539535602812698,-0.0827257848029641,-0.0376112347615262,-0.0404531417733371,0.431852700061935,0.663691660366991,-0.193046587762666,0.182971986133706,-0.0503094460015356,0.275752570158104,0.562093581627683,0.357005035292074,0.571393303899093,-0.359479718089273,-0.0507091110841982,-0.144421259354225,0.0820115082510798,-0.0941666456610824,-0.17277980781204,-0.138494377889194,-0.131846373600736,-0.00885914273137732,0.0537205129544235,-0.180782361487718,-0.233896420047344,-0.257710796644792,0.194765419727115,-0.237509505564204,0.146300666352861,-0.33911588715308,-0.151388930738234,-0.0486308060135995,0.197701305702778,0.25275716951871,0.103586409408055,-0.264368032195104,0.861045991042397,0.193130828410934,-0.415158351556661,0.855824468828588,-0.0618941257659335,0.0226027839689036,0.311789770171325,-0.365524821387709,0.0394725515694103,-0.116768221180215,-0.142601936857226,-0.00128781948927653,0.327260327607659,0.398837024542157,0.513855589549449,0.127855226314034,-0.00256622454468226,0.408499914008315,0.307438563684904,-0.108029995364299,-0.272606733735706,-0.354722551909399,0.293309230710254,-0.285173182573108,0.146218878485355,0.281182391697304,0.383051315890006,0.416742798541632,0.0235386119893136,-0.159372426843021,0.201064917992545,0.085444165647709,0.0839770342188325,0.436868898894078,0.518886445490878,0.849872157355523,-0.257274141447944,-0.264745253505858,0.226089231589344,0.0735700084986505,0.684544560346575,0.410103240679369,-0.034969880310136,0.0282330657875868,0.0341458735888496,-0.216752490026071,0.764326241887435,0.75412417728219,0.837704780969237,0.18871442495758,0.452866646119603,0.196743535352452,0.439669015585584,0.471213680763779,0.709717007610768,0.161803683465559,0.0357885955394811,-0.408080245249997,-0.113732006975822,-0.435660260772526,0.610375909095129,0.0352467330919466,-0.149256140318403,0.00231276799792981,0.241190718338173,0.518506597403709,0.0197797809927812,0.315559080434598,-0.161013780690595,0.0815395092169758,0.142956042422442,0.187465571206307,0.267740970812866,-0.152855779803841,-0.171119714358754,0.176904760743731,0.453102731809659,-0.173449915629526,-0.246191384166812,-0.433989480729884,-0.0784445464778354,0.16662559399782,0.187328702272092,0.313984896913443,-0.149883458435864,0.031170465475107,-0.0506588566253248,-0.0307351329000226,NA,1.19403043626574,0.520581952484533,0.645292589464905,0.4133527762593,0.673772785013123,0.273958854202744,0.788858293255761,-0.234687586919926,-0.354636147381808,-0.235474734533498,0.382618355892128,0.216845538320733,1.02511829010745,0.690609431764081,0.0155687942076038,0.36148662484991,0.156660271784058,0.262177478037965,0.301114864809257,0.351120421548861,0.13694745609146,0.187567655571883,0.0792010901696215,0.259521468281476,-0.222692780676261,-0.177253095052549,-0.365424966897935,-0.327685935585958,-0.217668149763655,-0.31751018007593,0.215716752760992,-0.242470704055773,-0.223374039949709,-0.0412291414248244,-0.00863402427951895,-0.259521920826871,-0.140750171173832,-0.46890974736151,-0.15225102690308,-0.177964674164551,-0.0245095377007351,0.379717518618294,0.0877760372814279,0.060480698887761,0.0960099120205162,0.140743473183431,0.662549640650646,0.428394137340142,-0.0208322168289217,-0.125740067791196,0.00648345458240099,0.161836980019741,0.104654370986694,-0.14622145446109,0.128177820686443,0.52699359562066,0.420611135855512,0.366293799836059,0.377891953246088,0.0801169567794649,0.0757530883419614,0.0166651044834779,0.444442145446253,-0.513371968812549,-0.344283672865797,-0.0710874538485461,0.129734585318281,-0.338152399844131,-0.180819787297085,-0.536587190978784,-0.437811335369498,-0.274832368461365,-0.36547094146626,-0.494835591092315,-0.212006340714594,-0.192759976573639,-0.413558188531801,0.257336194835678,0.209027582240189,-0.205779257064991,0.0264024769429453,-0.091058535450633,-0.157354684409217,-0.162078128305239,-0.231343433447758,-0.17657291631982,-0.165704368917521,-0.0487027761255209,-0.201177951500334,-0.0987277155757518,0.278399632766123,-0.0260203807571169,-0.179510376614871,0.05064911025088,0.125883885891253,-0.142237350755595,-0.173310294297476,-0.268732239218484,-0.304094680027795,-0.431119205047623,-0.442574626942068,-0.181046491199509,-0.190340952921399,0.329669099058795,0.373646724770249,0.44086344184917,0.478747223465487,-0.251374608614887,-0.406507143849613,0.436579860903536,0.139536751886164,-0.0955325339552675,-0.26871015498083,-0.115723266526654,-0.173161600069325,-0.272976580484889,-0.204280617401639,0.218538191834651,0.136496072765444,0.4399152265271,0.286782551024176,-0.141894230956231,0.076531466637594
-0.132678540808027,0.557214899436874,0.412878596586446,-0.268252357069448,0.636007330670043,0.00229600317855017,-0.0420534008141406,0.552337883575281,0.123715352745047,0.00762892341166595,0.140043605604969,-0.0612695840940812,0.296622074576365,0.146726005473653,0.019666966107774,0.227185644031865,0.514685454544709,-0.0902678426751121,-0.374452880846911,0.450888537046877,0.387873333146331,0.205078973526227,0.0140813208835321,-0.101731266573577,0.0187094662983177,-0.441247733329123,0.0328920337933866,-0.174149847981566,-0.27192416204843,0.245865354763772,0.361019352439972,0.190068893709424,0.14910418005977,0.138989148296059,0.151285531091872,0.332248518139808,0.122363862332319,0.305878445337263,-0.0187985271605795,-0.119645607743689,0.237025959995806,0.117699687548238,0.00603450298870687,-0.104753914641813,0.224673898053984,0.0818552462999296,0.152725729012666,0.113659598059755,0.250656301919908,0.428778262354173,0.342437685081673,0.096638958713182,0.399832867392474,0.267638288520308,0.772333949051297,0.712902270868728,0.505477975438103,0.523469654299725,-0.180722771754512,-0.0322220918775378,0.0712305548468879,-0.0183838659735369,-0.208412517328461,-0.179473195599701,0.267893466895223,0.194060953973099,0.00696024641715758,0.299807540968495,0.294204722862964,0.284317757592952,-0.134304265376281,-0.0859943150433378,0.247487693558833,-0.281993097725339,-0.150117619221432,0.0316826585958769,0.247788377969959,-0.0758924457146425,-0.395617759783878,-0.0968337634008543,0.199553120613303,0.0260958680774653,-0.00257776864796957,-0.0275989827428806,-0.376553282670149,-0.295676532200113,1.36212510504254,0.683210134034763,0.0867315822320341,0.459662711101797,0.364710310338018,0.383463492175198,0.433573692607469,-0.101633387228547,-0.119006799026339,0.110561011200317,0.43779226768607,0.281301853941203,0.887932592047239,0.350370879211604,0.386265609569553,-0.153920165408933,0.358948456676269,0.364015942531873,0.295943003773608,0.246372279620293,-0.121124509331943,-0.117407104257418,0.0286027113614978,0.0953111605506816,-0.00126731425124518,0.0030463424927184,0.0543710037657724,0.230448566520974,-0.00501826809842929,-0.435714011245924,-0.311613049812648,-0.326113086269178,-0.19115418027735,-0.304874235800241,0.0332337174735471,0.132802961958687,0.092266832983492,-0.188849820562538,-0.119506911196805,-0.0644199829787675,-0.0326862185647828,0.11414105619546,-0.0706314149103095,0.0355477419012149,0.383719264685126,0.591882799252868,-0.0797032295159044,0.177673224670844,-0.0172434351665018,0.212272313781295,0.529024091555848,0.314982304820219,0.551253650596711,-0.356886217330869,-0.0304480504152211,-0.123396320905698,0.0368743113400897,-0.00245377395595633,-0.129756858132864,-0.105563988414542,-0.120526910511475,0.115970707774847,-0.0094625750942832,-0.165612936459279,-0.0963388218872834,-0.306697841503756,0.151111390966508,-0.173061982920123,0.125186905055054,-0.242103673886649,0.0553568593366368,-0.128850374264021,0.268078282162848,0.186946987731363,0.099389982578253,-0.00964080480909441,0.782414121191853,0.285520359391734,-0.346840216240224,0.981198494532799,-0.0127928736481449,-0.125903621491487,0.176707002226045,-0.0484720831004681,0.0159965002927672,-0.179348761656927,-0.144230839328587,0.0830416754358539,0.310911022288586,0.435916628225024,0.476531669981784,0.0726785508798352,0.0319078125977845,0.242480186332515,0.109200543512744,-0.0169670701250981,-0.205653681835948,-0.334155806877104,0.122413710704286,-0.225972603015548,-0.0959275745903105,0.102193609727964,0.481638618683142,0.371254293915735,-0.0551174792931035,-0.30380680985498,0.195656768442486,0.0549986379929731,0.0817250938940515,0.239429640827411,0.545178245995267,0.688222712458519,-0.118863577147225,0.0221536665776912,0.287232147493786,-0.0689750630954476,0.428808710714817,0.297380536880044,-0.124129189738223,-0.116138103610225,-0.0793681637656224,0.00640814282556647,0.641394301982739,0.637600969844518,0.81652727274307,0.376735969476135,0.407368533459371,0.219253634344187,0.204693507477028,0.452753085950714,0.687399337874994,0.241603082533594,-0.0889528184882809,-0.0692901445433737,-0.148311231143952,-0.271882677535396,0.405473887871686,0.0841224289528512,0.0926016120960237,-0.0204373687858801,0.195209462439674,0.43117065274855,-0.0268321651363993,0.262818990056566,-0.0612128645014829,0.0714255789224734,0.161667519079885,0.0893009550809078,0.142744151285528,-0.133461187957684,-0.14586662085596,0.0496630124576889,0.240982871687507,-0.202258812427944,-0.234669717402151,-0.325783645168976,-0.123397717940179,0.172332580089732,-0.0294287310880086,0.161037384744726,-0.154569713113366,-0.251968393136981,-0.211953155965909,-0.315368836088034,1.19403043626574,NA,0.800478245039935,0.6932079455368,0.38123956259586,0.770626214535222,0.452537734708164,0.952047379408636,0.0729669844494904,-0.148895532258742,0.0346366746581363,0.406246537306024,0.274601729338203,1.05296236248385,0.704609429570887,0.14841838726429,0.311497273572645,0.217110134349162,0.213195248100872,0.255386739015093,0.120999901661193,0.0868205717133179,0.162380339409934,-0.201445686751968,0.00606742678592789,-0.195100311914282,-0.0462153791039581,-0.0971138399737751,-0.331548403381164,-0.124052325276561,-0.367104418450397,0.12204371714777,-0.377619534653963,-0.238393139763958,0.115751131975821,-0.0658046095681117,-0.273932685861829,-0.127780753088557,-0.116768286762305,-0.117563509955091,0.0369428337709121,0.0248268602972184,0.237461277933879,0.158847761143422,0.0875038190524725,0.0857281224479126,0.157738103134031,0.623167065212266,0.338915708388209,0.0467420961613524,-0.302269369607898,-0.0673605685416584,0.110780114889928,0.179663920266126,-0.271341114948226,-0.123401963059661,0.665671825960864,0.455358946771814,0.345643893054997,0.444272617685709,0.206496306126836,0.0770463009464711,0.0161181634561611,0.2841909631199,-0.214683939184512,-0.224074440388604,-0.215961536296729,0.0887504125074504,-0.0591303275541559,-0.0736432519812876,-0.373610648266419,-0.288732199969301,-0.0234273596529284,-0.358815122882753,-0.330245732849082,-0.216875732466187,0.0423643575548295,-0.29763435083982,0.285439944408859,0.0798306417300275,-0.246576897781026,-0.00723048274416202,-0.174979065975613,-0.272933870332013,-0.341074860934534,-0.324598036490131,-0.22070982906537,-0.288636144300494,-0.223602196746729,-0.225291467413327,-0.135949575529468,0.281087255682139,-0.0153701488387681,-0.100696484242038,-0.0779640161541989,-0.0751781770439501,-0.156540326528349,-0.0661515567919096,-0.0390577614240936,-0.131739453763887,-0.234728145429755,-0.296884904006228,-0.0337599508572283,-0.00245163247067155,0.361146299459134,0.417872193477431,0.384620690228086,0.469750926922423,-0.0215442242246156,-0.244362692798805,0.351532545207805,-0.0424736881599777,-0.122844213047542,-0.229359767660131,-0.168950336904565,-0.153686952273654,-0.203116146645848,-0.128757394023806,0.241744595170393,0.0315875578497145,0.270507511404824,0.158387128214026,-0.256532100755331,0.062175706721126
0.157015625655365,0.0270762329251106,0.104233653647555,-0.344481400535448,0.456471209796843,0.195901300597213,-0.0512768606233331,0.175963242853828,0.132145584126642,-0.0935875782224563,0.110484432437651,-0.0209873083547415,0.193367026505172,0.0563749254647377,0.129860284611331,-0.0177747935916612,0.310490128976451,0.10254206303284,-0.123405991694604,0.217458621022913,0.10267171483219,-0.0991318833941164,-0.236933894122061,0.100740663895605,0.0638285296289794,-0.196628716084153,-0.0825178674301824,-0.211798345079968,-0.113601997798981,0.110831192853158,0.0307645754915322,-0.082774136416277,-0.094749867456066,-0.234011105618244,-0.131119899849431,-0.0715586238476701,-0.18705668661291,-0.0314325335572913,-0.291246625178434,-0.223882003268309,-0.185113480904941,0.116110971918526,0.0360268162923017,-0.0989109016899332,0.0340242580282006,-0.164739794271455,-0.169566047519217,-0.0379631014692995,-0.0208200221492061,-2.89254243794526e-05,0.304411085153093,0.230756975712117,0.285157925364158,-0.0569850061616496,0.404526643657425,0.297051304359068,0.116398222770833,0.174603322087568,-0.239699348885045,-0.10812511453353,0.230341938897279,0.228128913490514,-0.239399398955245,-0.311911943849188,0.223084063000284,0.0483427254528677,0.0294667209394241,0.0891892361944938,0.0666388917050028,0.144889689411912,0.0044579376655256,-0.0992893843409143,0.0954267240677953,-0.107506680013916,-0.00944648233493179,-0.029978591495098,-0.147537211079204,-0.0231915304166878,-0.205147787551555,0.0556948640361916,0.152343954113555,-0.0475998874170355,0.103354934529117,0.16731638738978,0.0532805730366845,-0.0110385393293929,0.626373436828975,0.61958710728776,0.20712510270242,0.094587723728487,0.353293995890254,0.628112167585083,0.418547890602613,0.22335484642105,0.239224153085528,0.28110624336714,0.498550564396001,0.477476973717055,0.362169517680819,0.490593657582093,0.352517368374507,-0.201256950040127,0.082119706360416,-0.0176856526598284,0.0882461372526709,0.0910732076625093,-0.00161416406001873,-0.247607833350102,0.1433957846338,0.0299062565619614,-0.20605048714036,-0.102387887725915,0.186259818402276,0.33553037451698,0.191213945666885,-0.091251332115676,-0.203625896561799,-0.163798086778015,0.0192342704325752,-0.109000019217148,0.16324021819174,0.207600369646775,0.157588512190852,0.0511765271707428,0.00229688636538021,-0.0880125522600108,0.0340734692967392,-0.0510491875268076,0.0888461630919146,0.139446003985245,0.190503740213041,0.221381373397259,0.0592187244618148,0.264995068719975,0.108587354546468,0.151160130090748,0.227282370315566,0.335943493704833,0.468858119881568,-0.0218313667225753,0.277033668079212,-0.122232039906652,0.266954538831381,0.189610444617901,-0.196142434006254,-0.139494434352835,-0.0697747609657039,0.228465064047744,-0.0213859698988204,-0.116598675170491,0.0949400798893983,-0.153186299660185,0.0935729805599806,-0.0580378616227171,0.0767897520335772,-0.0315933472571348,0.115184992042527,-0.0199928835955382,0.419360881073993,-0.0161702222961107,0.0936008668304624,0.318628565222367,0.203345674087429,0.0781553061056085,-0.146457616315081,0.502769474583469,0.236109573751568,-0.0773068171532227,0.124946413977621,0.197074225360759,-0.245577152185689,-0.120396704518648,0.120824009370059,0.367038893921754,0.216973891177636,0.138436130524215,0.0971790112561812,0.141275844836042,0.325420348910945,-0.0513695587450355,0.0164313015075021,0.11817742964861,0.0344924121583849,-0.0895066418018463,-0.27100568531386,-0.12047718312657,-0.15206099880324,-0.0741880808099461,0.49503171245038,-0.0611696963771704,-0.342895021409677,-0.195518431174522,-0.0752289187633877,-0.0878883234729029,-0.143178315786031,-0.178470793675245,0.183703869739766,0.239182592573266,0.220745175521799,0.276654739593737,0.130068670220906,-0.286628919593707,-0.0277355523255187,0.194909890674347,-0.302396329991992,-0.400101215775143,-0.207044929265069,0.227969880166459,0.251327915866272,0.212512613127827,0.627407039480019,0.272702492338683,0.116245562491733,-0.0800147036900567,-0.0473451810359024,0.123187489467369,0.139244697895302,0.0497232717991335,0.0930906105143834,0.371996340557522,0.209823897399255,0.309760303381849,0.00797818851979576,-0.0554616449072865,0.136334754872456,-0.0940725413342814,0.046673368763615,0.376425788298922,0.300963213594144,-0.01791940235807,0.148604536995978,-0.0852751689875749,-0.0547417613752145,-0.00414184815072264,0.024620063897371,0.0516334008436466,0.169154158840248,-0.306579943908249,-0.00810659946865771,-0.0459768751755557,0.169584837781303,0.0284413048946109,0.0958828745810574,0.202012520489209,-0.212307035057125,-0.16596428044241,0.0216661517299973,-0.27222881548756,-0.119561563895374,-0.166749161663212,0.520581952484533,0.800478245039935,NA,0.758101058707487,-0.0198520824277121,0.468559930517271,0.851470328869103,0.945498057473173,0.443947154494702,0.141363980405181,0.386052999594687,0.612611375581668,0.394259844293125,0.456833393349442,0.486286500516719,0.415335760701658,0.428385090064888,0.052990024372248,-0.0699502731750887,-0.0960146706905299,0.0967655758770021,0.081069842719175,0.532815529017376,-0.369859089738875,0.0529539731041522,0.327593298865094,0.00215110973155398,0.00413513801467422,-0.0978116655238452,0.0179908764610435,0.0181115318764514,0.15000951143845,-0.0912454153404096,-0.0869477985808932,0.0907528693244482,0.0123739085812244,-0.0619228458921345,0.0214018399542038,0.0415925871004021,-0.0141582411266778,0.0264183099213614,0.0597670022929573,0.0436129126198776,0.225433711503059,0.134030352235223,0.127495341552378,0.032050638374595,0.340635240395315,0.213880540294598,0.0359933015411307,-0.401021772987853,-0.174118474208383,0.224971298015443,0.384216450327788,-0.311585859503413,0.0538369922851016,0.434858417183335,0.239552136152957,0.37203331855347,0.321590769981097,0.330339925149067,0.0550088759079735,0.0584115231745642,0.2449209914358,0.126175607252111,-0.154185789183366,-0.344761631342994,-0.0192200595943741,0.207675656302514,-0.0197133102617671,0.00783824883935158,-0.0779437613097401,0.142707825201096,-0.185139372508076,-0.155799752878105,0.00108875927765385,0.476144731353257,0.211173101077776,0.342776973483277,-0.100292990053169,-0.0291772916166418,0.030099975287601,-0.122360515196627,-0.317747010788251,-0.506451811972411,-0.199509355043992,-0.0966368917792791,-0.329591577001165,-0.256568628628233,-0.302228851220161,-0.0779076688201963,0.162837464516343,0.0656784551631193,-0.0349629703291524,-0.133038986473472,-0.00304606718045781,-0.0228014282251522,-0.106988598466196,0.128164922235198,-0.0231418858642055,-0.00908069215156549,-0.169546491115182,-0.0756287410924567,0.0192582723035732,0.172380452886511,0.0337891674668614,0.229093913464337,0.180716109772377,0.214414746726244,-0.1858767961184,-0.000291081757874669,-0.18716692059708,0.0854585257903357,-0.137664038257129,0.0666797341954224,-0.172692055264858,-0.132486648414444,-0.115690595237401,-0.0971340715345272,-0.342757722223676,0.116857818933352,-0.163295902376063,-0.116947037184067,0.0376500155328241
-0.105240804698827,0.385858148843608,0.243205254048687,-0.317250927980226,0.449110231193206,-0.0199636683462321,0.134305347199063,0.450339675792614,-0.188817674196138,0.20121294226769,-0.013918757611213,0.285380427773359,0.240863462999685,-0.0567388953941517,-0.0370639240985925,-0.109070609628155,0.501888758884773,0.0624538035436706,0.0663463269608002,0.256905591132822,0.713085820048978,0.211773299526678,-0.182667541898882,-0.231363547603329,-0.116374365613537,-0.100408981212963,0.256831425704303,0.095149284003001,-0.126665406852779,0.302473595247215,0.116443387347692,0.0108368361453096,-0.0805811420532322,0.0812456332790066,0.0970384647978365,0.182486270858229,0.224195606644731,0.304078238415663,-0.0865695821105618,-0.101040795489075,0.0973391307809617,0.213801591902543,-0.0959599714726074,-0.394037834007874,0.229081350470962,-0.118914209620942,0.0847401626696134,0.269164626907757,0.414806665104219,0.292687078972546,0.0940980568013061,0.0932250107215048,0.220436707216878,0.222776467206707,0.482474389892581,0.427672929657101,0.382425640298883,0.380183647042697,0.014493875281399,0.0271441132997459,0.251703505730865,0.0807111755940832,0.125344671580771,-0.167799257568971,0.384690572565265,0.102064153706796,0.196992329077625,0.14487650474349,0.25262687970383,0.223077785098022,-0.108203786139763,-0.0277822288723043,0.0526775610711136,-0.208400029436663,-0.289669973139062,0.18533017154884,0.141774853369828,-0.202484406074632,-0.284699223958884,0.0450107469902762,0.249221826805542,0.115049819898882,0.089030977833177,0.152795685844795,-0.254646937784823,-0.450821396810767,0.829862957034617,0.368042739202034,0.564234731408285,0.379787743105674,0.455859787298816,0.578527187971899,1.14026230479949,-0.239957165314881,-0.217987492758762,-0.0643811239231674,0.284882477200202,0.2104324339856,0.435769649744834,0.0632582636596346,0.278723023256542,-0.140588938880256,0.371759217829718,0.105302983032242,0.310980307452578,0.11815572773306,-0.218597449069794,-0.07598371231392,-0.00354300366006562,-0.0167676594788939,0.05739662722434,-0.0443740771715673,0.0419272269548485,0.178844482635786,-0.0627705352809306,-0.388882243290778,-0.350154570088032,-0.249666682386565,-0.2807323559262,-0.277521985791045,-0.109930655769358,-0.222210829898203,0.0518638373085197,-0.22152426215981,-0.227812988455709,-0.107781863383709,-0.163578362146754,-0.0240099714669146,0.0794467422914259,0.00582983607258376,0.346218071440771,0.266757544577672,-0.0216077458602365,0.361859816207567,0.192282367894983,0.183253154896452,0.441155519480503,0.234169350941996,0.355238944305897,-0.304040328609235,0.0526075485032713,-0.176906718717392,0.0934028547279991,0.0395257862210948,-0.395125488571112,-0.332622573686536,-0.260897457662293,-0.109643268553681,-0.0246879598296811,-0.34678885952844,-0.316517170534824,-0.244660517296314,0.375256916872823,-0.302787785736011,0.223969700584369,-0.428700602646095,-0.280217073886632,-0.202648984564295,0.36966387186868,0.0420669738257838,0.0741019443840456,0.05989657001528,0.593659348204708,0.0692374089263596,-0.356492316345508,0.692633504926639,0.179729408817385,-0.106758830572977,0.341567206188618,-0.220125237080762,-0.0317184436598806,-0.0985525651218596,0.388776221772912,0.131265836846476,0.262105866511149,0.279625683511221,0.3358177866634,0.279428311024241,0.144646807634492,0.465438989462606,-0.011149991394925,-0.113200726324952,-0.0692801575589194,-0.185171796990604,0.176362432488558,-0.0298374304116074,0.260947499671314,0.263946840874787,0.717004232757788,0.0476801519864521,-0.235923564537601,-0.199315686967558,0.0505207120203279,0.0200368146218181,-0.0487279852553283,0.117752831056415,0.369123027509429,0.295813076644978,-0.182512170778637,-0.274324827063799,0.094572846606582,-0.1053428669913,0.185674455829023,0.30271026709502,-0.150033665502138,-0.279627784160375,0.146257844773395,0.0308167794759243,0.423476056295813,0.450053164986735,0.395618866427521,0.14432776546942,0.245522036375003,0.119685494503292,0.18096916138968,0.280604617404151,0.232632739185816,0.0407149468687445,0.285828206799212,-0.0582415834098355,0.23319160340996,-0.0138010352563449,0.305954422797288,-0.106034570532396,-0.0547998339569443,-0.240095372615878,0.0517635897784163,0.350848514878512,0.162604868887567,0.0744297252009013,0.0523203748525589,0.00322464858307596,0.0527315695018789,-0.0267290199682852,-0.00911991852670095,-0.128479432644178,-0.111608508809028,0.0309684663522342,0.491014386324958,-0.0991159172385681,-0.153689881677887,-0.304411898161149,0.124775192517699,0.215682582345105,-0.036212872993315,0.124916396840493,0.00268297644561608,0.0653003835907158,0.079740884148172,0.10252749699798,0.645292589464905,0.693207945536801,0.758101058707487,NA,0.323334115420688,0.711082196266041,0.718593914599384,0.60724464084784,-0.0620147053929911,-0.235264949035742,-0.100224680080839,0.452083209517356,0.186191596689747,0.494585035315834,0.240406955167086,0.224764465803876,0.456658690414446,-0.0910264902620678,0.0757171169287642,-0.0121785285394588,0.166238311984122,0.405742467884943,0.161549021562131,-0.154483046085043,0.182354615325314,0.0593691390105391,-0.123767332254971,-0.366411448702643,-0.444252840721149,-0.206370354409143,-0.323899458503575,0.144991735097696,-0.16383734243286,-0.0501580120956384,-0.0501130107339181,0.0527840699060308,-0.455575279655321,-0.317720319852235,-0.342253127175642,-0.187868826843613,-0.0439403478149673,0.0874749476728349,0.305802336572245,0.166755523118207,-0.075525224075895,-0.174970931419829,0.195947935056544,0.5296248866144,0.380403446549337,0.0686345106538604,0.0284181654501958,-0.105063090097195,0.225452792746489,0.192561303576339,-0.0885096196701426,0.0756178942367719,0.42346887648734,0.512641386406416,0.634805052980508,0.949163161495367,0.419408313075907,0.103224266323048,-0.0269414365359411,0.0824522660473215,-0.232716838184914,-0.161948779348276,-0.010677986221213,0.281637119916845,-0.257390651710718,-0.0952548726510098,-0.186663163647327,-0.437213806375171,-0.363780468601984,-0.136528926868353,-0.516585826931122,-0.101889844829805,-0.0337366433738621,-0.215599827310711,0.244435074641017,0.0332834416129397,-0.0368289164746931,-0.00320445972052947,-0.175103615645936,-0.0905659186102124,-0.212023906936411,-0.372197899097697,-0.25114758811995,-0.340207886504263,-0.233223770186436,-0.544185242898388,-0.245551429563321,0.0860241244307033,-0.0744329299093819,-0.157627568544485,0.0559434953751791,-0.00534955143194798,-0.0812948120064051,-0.0746113522297963,-0.297131335004003,-0.452780962572985,-0.448707178316256,-0.521758942288664,-0.0326156805295988,0.0353202091935985,0.190037814584892,0.20063934656469,0.192864634228173,0.230304114002464,-0.150346427969046,-0.514710710623225,0.224747918575523,0.0503927072369953,-0.0634537172611064,-0.479885731541726,-0.00818931449963103,-0.490886570779761,-0.193553522733402,-0.181313278823646,0.0810661809998471,-0.00540941060136213,0.160420986367545,0.000141380051040163,-0.0841874174611173,0.135999308064265
-0.0554704785479814,0.798936840369281,0.697351868559495,-0.0421450271979154,0.130780454866145,-0.0538556033057413,0.0264172949912294,0.686970594502148,-0.0352276477967789,0.505101824354731,-0.143511410487289,0.070738978275224,0.536207913093301,0.371392422032192,-0.204654720834159,0.431634538011487,0.470705823559069,-0.0525324495210161,0.0265762864265111,0.702699121489594,0.674402673920811,0.613548042155528,0.25378363723857,-0.147949711360199,0.0316207593507092,-0.175787139106664,0.349866016750582,0.100906605116387,-0.173138558224853,0.358639382247295,0.453567986398801,0.472833120454816,0.481650003161029,0.570325626216373,0.547659939476433,0.624460754493187,0.724743987491422,0.821009913217699,0.434327609069474,0.0807314782551053,0.452826210109853,0.130701223633004,0.0421985181787182,-0.0418622497535235,0.348041059252526,0.327180792389269,0.633118949172575,0.0669119299541368,0.568258595150717,0.680753671080853,-0.0243350655997936,-0.044268845608279,0.47142384001798,0.527411253269618,0.461619166743772,0.410682256120107,0.687944088776773,0.500553096179375,0.142508979815393,0.240823244032933,0.409298309540382,-0.0488867003677642,0.143088140205906,0.00837306918127214,0.573086540399686,0.574359137105135,0.563667798834272,0.5814212981975,0.72488110077572,0.388359604873298,0.160331918474319,0.0438479456717805,0.035101512351551,-0.0506910787121674,-0.107301689336513,0.222840060771208,0.727939063722488,-0.0628675812031632,-0.291624670575089,-0.0855802626409355,0.279059393558842,0.0527828094717305,-0.115531514000213,-0.239158573289552,-0.271313903391248,-0.184972066556209,0.318129123446974,0.141187116537218,0.186542653067745,1.14036940006935,0.138038077633604,0.0346328050126826,0.502442390371562,-0.252293504478013,-0.226383774882187,-0.0902323694497093,-0.331982788957947,-0.559995450918056,0.40914113514312,-0.141181060619197,0.380694684362231,0.0841483613275564,0.538899112001619,0.505383664732418,0.427238489416006,0.138247288839757,-0.0491132410687688,0.133652017156266,-0.0269853439083261,0.00662352157236829,0.418209563536435,0.177207620117866,0.049253364154753,0.159194192901878,-0.175091982506176,-0.481846990889218,-0.158108521648729,-0.262912980110932,-0.139200661401881,-0.218958240421647,-0.196469604228121,-0.232080511218385,-0.110463375835064,-0.0956138276410152,-0.0421413056044607,-0.0280659233223385,0.0632961347453366,0.210859955243175,-0.199860571517875,-0.0882402056166839,0.45798653573633,0.195186315242765,-0.0639107784232908,-0.00588407641869467,-0.098884932232794,0.207878972044782,0.485277929955068,-0.00166817623831205,-0.00277475201629408,-0.708719380894927,-0.444929413496699,-0.0419991107960492,-0.155114917174876,-0.0877881971153168,0.0312750049827648,-0.00999948956278378,-0.0585482380062363,-0.000549593735335877,0.237672250063648,-0.166194586562732,-0.228111099132458,-0.299217056244654,0.191020315397056,-0.192908641015501,0.234559133726885,-0.217327220745178,-0.0937406246225641,-0.213400892774111,-0.282711897830268,0.437899248725486,0.495165286650275,-0.0838491172808951,0.844193133468493,0.504438088806646,-0.0835765705811645,0.438543631112283,-0.280275003384561,-0.0705498156874,0.298736061722735,-0.180249079645213,0.412342926357199,-0.118871292900795,-0.116665614205874,0.0159704934320064,0.187661652302919,0.596182922685461,0.70497521212271,-0.0285993165838132,-0.22006419605064,0.617089852730208,0.0165775691038111,-0.190200409614886,-0.32278584018637,-0.265006215006908,0.577298761824316,-0.0805885542053847,0.168122108299075,0.250973365987372,0.355298532398321,0.440947643092223,0.45554892510783,0.00519805451664673,0.543544783609102,0.163360988438097,0.303656173107422,0.344557104997998,0.716596774345591,0.356747539510299,-0.252799946029205,-0.353551796996421,0.519652430820298,0.323239301047007,0.46237013255256,0.213629440828552,0.322526191416578,0.161508685506955,0.259027778205338,-0.157355590066626,0.532954229514206,0.634105382003051,0.256070936740498,0.356959456875238,0.553451710052728,0.503499322375225,0.505510058501521,0.551199018950197,0.621227602697487,0.375892688246373,-0.0287655959607837,-0.269574983621315,-0.181800801816467,-0.264236945403827,0.666437582810264,0.182017054774713,0.133949770707835,0.187650184599094,0.659204035528743,0.215496169157478,-0.0759501537084513,0.455753824473531,-0.0675030181489991,0.187605269636766,0.665540065463332,0.293755164929692,0.18023266248215,-0.226595626626019,-0.0294484034189392,0.507843815076196,0.495689201256415,-0.144370194385931,-0.228599412692454,-0.292968081490644,-0.320700621572103,0.446147561230039,0.201288369162151,0.494208125008526,-0.502013352418197,0.0324853360530998,0.000206290958793371,-0.144166337435121,0.4133527762593,0.38123956259586,-0.0198520824277121,0.323334115420688,NA,0.541797232909729,0.0691721654032127,0.086589837887017,-0.231796810106709,-0.33917825319283,-0.109740762348305,-0.0878218411330418,-0.562319250207227,0.467501979336077,0.178881251993339,0.150285967596934,0.203374093203353,0.461697539759837,0.498335860270674,0.619052295304778,0.000366921898736593,0.136162729253632,-0.383675726385372,0.196247585780849,0.0177860063943945,-0.252802590057304,-0.095668201730897,-0.179667225342261,-0.396510797539248,-0.463858058076455,-0.266030111725735,0.0596929517689455,-0.46951563496163,0.116330819186617,-0.300158207009856,-0.142481620039605,-0.415140792097891,-0.218428355904114,-0.105853741361867,-0.0564624629178089,0.084640762837898,-0.107336520909458,0.234132617439901,0.12721002622517,-0.00837761899174595,-0.526710086131118,0.374340835030663,0.342782891281476,0.114881072772888,0.212789205015245,-0.105392512107885,0.137219144504311,0.0994076493646384,0.141636887809324,-0.133909993199542,-0.0858087171981878,0.218701183157043,0.394268559269274,-0.168053565246576,0.520140376352467,0.330302638596924,0.302851593280286,-0.148852617094158,0.201195188640955,-0.238670009647934,0.0301159504825791,0.163103690859315,0.0506417673251049,-0.332994852305233,0.0292210731546121,-0.23766716218142,-0.298921337388268,-0.201045228974404,-0.0908831246352812,-0.194161490061058,-0.317153019812584,-0.389575746557735,-0.44662296225299,0.362960053013624,0.389633850836897,-0.204558063944066,-0.0249317297125174,0.0257529008795486,-0.183631344734423,-0.0109772016528114,-0.304174214914649,-0.253527320824763,-0.114861442572758,-0.131279654620913,-0.309809847855295,-0.219620907766603,-0.00696045440235729,-0.0212176327307625,0.0433264095583697,0.173785657638451,0.0182767823526621,-0.408666996845223,0.100022013123189,-0.20134006372267,-0.0683636073725677,-0.272605417923681,-0.149359900276502,-0.227250397043261,-0.159906982730272,0.186064386205324,0.235477411841878,0.157761313699469,0.384731889921424,-0.244913259158462,-0.235253494744915,0.602396029768227,0.199010585072874,-0.258892323339695,-0.286538574179993,-0.189609347286578,0.0177548711083029,-0.181955637821252,-0.151948920365902,0.319797401531114,0.473294358364291,0.284057450176147,0.339987651163417,-0.0850274295655162,-0.0662645576996596
-0.0716949045311021,0.63743492952754,0.580030091615358,-0.0946548081290215,0.993065428518547,-0.00907274126877206,0.399576787547294,0.909039247933416,0.0144846283683096,0.272638454823487,0.258080742462015,0.0846405081723821,0.694023557789185,0.463022705769887,0.285028323106109,0.381302480224962,0.767504795662562,0.131664854745786,-0.121642944347122,0.748876004891283,0.464180031640691,0.351965658856895,0.16753923152389,0.144210617139677,0.106560987825354,-0.149865574991209,0.241149542699577,-0.00471648996801965,-0.073151242672192,0.305434881011813,0.43564698989427,0.248652315564093,0.223083622732817,0.282694548080308,0.270107199705387,0.536421338641691,0.267400289546291,0.503360332708434,0.142190585729495,0.203577784441202,0.15968796982677,0.050425460836271,0.110223131524559,-0.0863349546835857,0.526850525520477,0.0607615444350442,0.466934344258772,0.172802660417046,0.361077903897532,0.281666228359328,0.303350345129243,0.236910351541371,0.280926207129561,0.374527092361996,0.467001063902914,0.479414943311388,0.388700647603662,0.49228610343559,0.133109173006381,-0.0303110895104904,0.303144417763835,-0.0892446727597867,0.0378534796982515,-0.100169229982192,0.491331009271447,0.317900666759834,0.0900446264269582,0.225564015647575,0.412314728937239,0.336160687643992,0.0513003165808875,-0.0772122506549476,0.438374441432251,-0.0352724460240897,-0.0356851241001124,0.0297703173971679,0.287368299267944,0.204915001908808,-0.211951803545448,0.176540507727977,0.370475406753868,0.072420292134111,0.198671071229525,-0.0114830634058955,-0.220556025492738,-0.185705601311312,0.861497939760646,0.687010778674933,0.208912738385121,0.711708970076517,0.357307096947183,0.386736667693219,0.68659083331066,-0.205067825133098,-0.0828204701102458,0.116604384513079,0.298304691033072,0.257495018930939,0.725836485592056,0.133133509518338,0.319907481955359,-0.00723995140723632,0.283311064070038,0.276514827801946,0.16419301938201,0.372177016251073,0.0477052900996888,0.132754250739342,0.320267059045894,0.283666544131047,0.164937797826319,0.10916631344217,0.071226761825507,0.188177262337308,-0.0573054227801399,-0.298337920810953,-0.116644488287857,-0.124369443419127,0.0351687345951644,0.0393464072262745,0.0297292615167213,0.21348629464355,0.161869630500071,-0.268076918403236,0.0136157934433288,-0.0216446640450081,-0.203172285866781,0.135255235717828,-0.125839815764958,-0.0206977677565699,0.511745598573145,0.58754914471908,-0.167070684429111,0.239394585083637,-0.0400603489441241,0.345013141445508,1.24661159008128,0.554505097671228,0.478154444778345,-0.349901353326103,0.140748435765366,-0.175978361982458,0.0363450542975082,0.22151009180249,-0.113697131337622,-0.152069973087044,0.0405128739336492,-0.142480545824391,0.0975612605238229,-0.156459730681685,-0.232614575191642,-0.0968003408477448,0.300731726579219,-0.0705226821190265,0.382814112070307,-0.102538480260641,0.116698053690576,-0.055831372487235,0.251309129686141,0.264457491390979,0.400135639447524,-0.105663902610816,0.68761720509778,0.201371007206507,-0.21679947633928,1.54764937121621,0.0255846552314887,-0.0287377629432249,0.275421698564114,-0.168884471335687,0.0509610905776093,-0.303578287946255,-0.0040280180743255,0.286600012638768,0.679935129133082,0.828142714736969,0.676432251284552,0.137974789204795,0.0820153330105601,0.196365763038653,0.0309309513131109,0.133514910298578,0.0398383408886907,-0.123559934861132,0.21634252282233,-0.0978444898826212,0.223553112077837,0.157522733747059,0.280831796995379,0.426083370071227,0.182280462046225,-0.104323097063741,0.208615872757191,0.334238398823409,0.155802298877903,0.115289769418009,0.719775652745769,0.5610949028403,-0.160269862352649,-0.0168154712324461,0.601624455350313,0.041431936796855,0.370911663975079,0.410582491116678,0.0882992004825764,-0.0521050305553907,0.146021728579185,-0.0264249050524589,0.376329083443502,0.45597519710104,0.369717727929373,0.186590773471053,0.34700191049245,0.311051661480911,0.300307024865485,0.661538645537095,0.418578630480733,0.279460293873611,-0.00261065272782861,-0.11681156518992,-0.224976792182139,-0.144765265583077,0.237832090870081,0.137203160243061,0.144805140553076,0.179125694893161,0.353459368289361,0.460523162414908,-0.14559954594071,0.327501424423475,-0.0570569897896772,0.151754640464152,0.222165669262025,0.144635349029479,0.157662453609933,-0.105654879500001,0.0383971091699088,0.165097500600553,0.418137330405361,0.0466027721957155,-0.135946873239733,-0.111757050377594,-0.0909183422461778,0.0950686077359851,-0.0108250803863647,0.321585361580555,-0.0701424805079677,-0.135323894787709,-0.115202060666213,-0.0817509876671348,0.673772785013123,0.770626214535222,0.468559930517271,0.711082196266041,0.541797232909729,NA,0.227351635397385,0.524639598909925,0.00228719595557957,-0.0743307892854235,0.0580007822160569,0.157165333027087,0.16152365857734,0.680692571160694,0.435180885000506,0.0143562483550466,0.212337112799334,0.236332781635858,0.263008343258757,0.253872007875556,0.270865768626274,0.271367441376403,0.0863056142620807,-0.0662516464191713,0.057331502823695,-0.145748973732071,0.022485595066179,-0.252016350391708,-0.153848454504923,-0.0493657970682749,-0.0902191549396955,0.161934878665757,-0.18771504765375,0.0267688996118051,-0.235023082715604,-0.117256094203511,-0.160327591141473,-0.0283300289072046,-0.125160062767744,-0.143651983041086,-0.0857499449710258,-0.166224450057725,0.31977919715297,0.179376960895395,-0.0983032712183974,-0.120506773992318,0.213248381120733,0.756926065042573,0.412940494113949,-0.0019172740220233,0.00294158851108506,-0.249195181113408,0.19057183568021,0.137764951862465,-0.467071826304593,-0.087766831467836,1.20198824984763,0.932384794113565,0.368032397454912,0.933553189555021,0.39382152843282,0.08305267211109,0.129278861827612,0.240422806627497,-0.191983638742698,-0.217302741528998,-0.104795429480524,0.299791381659639,-0.149349821544713,0.0181728073074066,-0.294242601940521,-0.236925481083237,-0.0525427208744161,-0.356553370556512,-0.236574124430682,-0.173830437175425,-0.031239974795163,-0.18924043588343,0.197853355440263,0.297750438532879,-0.135526950974703,0.0947050842138212,-0.114117733601748,-0.26073832219771,-0.211838839886836,-0.293969674285873,-0.298963815781181,-0.22193471351882,-0.279726936201089,-0.428648564301199,-0.347060326170138,0.0939704381719965,0.0741839030046339,-0.23396197037379,0.0677899796853788,-0.00428033181898586,-0.187581254761465,-0.0341729600765709,-0.196497298746485,-0.275356407610461,-0.481797788347309,-0.340418064418909,-0.0344203449279076,0.0308337364528633,0.439603443445645,0.416609113903616,0.495746464090661,0.478776621499992,-0.223164575202384,-0.219403232929392,0.369657187067733,0.0247770845061513,-0.158779670769958,-0.291311414088448,-0.0361699499590995,-0.0227682414991383,-0.12606902257275,-0.183860961811741,0.192714283055499,0.0921155575780831,0.224191235428284,0.243888507126305,-0.318422914540766,0.0209744112593511
-0.0713019472215039,0.0809804593638253,0.0622799380001235,-0.62378988194235,0.173839595476333,0.0614581213146694,-0.125393760232307,0.270745730663396,-0.123939430461862,-0.00540612222451127,0.0774284253781379,-0.010608914588128,0.140963958428704,0.00223757914004915,0.0114987792406092,-0.0302398515792766,0.184735277740129,0.156818118198607,0.0892348937620235,0.17546793833934,0.206284950515404,0.0013239430460309,-0.466916200131638,-0.194901684774662,-0.220351123135851,-0.30926891530848,-0.00373062741889794,-0.067915839073457,-0.277060084424643,0.151295882208155,-0.107687768150131,-0.251091816855785,-0.242470743161418,-0.176557409324245,-0.0439466658834547,-0.0866118326538289,-0.068012513255004,0.0191097935522068,-0.25334734034676,-0.208759136034114,-0.194845555580374,0.216671869948696,0.0431093638341654,-0.426695605385313,-0.0185327747514248,-0.0842762443185159,-0.166678158293737,0.0424866966104323,0.153693831735912,0.0869043021804252,0.135115889401936,0.174609670401452,0.363112202709239,-0.0146350149471613,0.351431900060861,0.130126328032081,0.216068742494723,0.203743063239494,-0.115729054200043,0.0201222777587882,0.199210324757333,0.194709833340374,-0.0275808477846264,-0.263492344410142,0.262642699863683,0.0778477834474488,0.236803348682447,0.0730132071440389,0.0239510207259837,0.165203003684759,0.229520267725629,0.251084948386109,0.0914788067993508,-0.360589645757549,-0.305264687168661,0.323556942577202,0.142849610527578,-0.288499668268893,-0.408499803434341,-0.117671881438146,0.220169641213651,0.0855741310719176,0.142010753130798,0.0461283670716216,-0.193863540374102,-0.354955307764614,0.398708457515447,0.17356693781868,0.270931190440206,0.207986703278535,0.563676160238972,0.701551883548962,0.460652115187529,0.0776719657324229,0.0656610680045364,0.177394647242992,0.0299451405389523,-0.0278100817866584,0.139045655196682,0.122295300295267,0.241626986707474,-0.010516460727573,0.183389504902159,0.0176771014000146,0.1789062359736,-0.0142054832163179,-0.317702186192975,-0.271706041635075,-0.151788150602354,0.0341249704774746,0.0306871141968735,-0.220990547198927,-0.07499707283326,0.122596319600105,0.0223058567002991,-0.240048509619444,-0.309178941971517,-0.311529106362338,-0.274547309063434,-0.438475236903267,0.0763409568162065,-0.0169687027420558,-0.154228784214418,-0.0241572586959042,-0.17124682746613,-0.190835027353104,0.0356970620386869,0.0142618505004477,0.0508447015217673,0.153644720878101,0.195408942752145,0.0403589449571355,0.154243203052842,0.270858808374842,0.180484752995801,0.0647499588033858,0.202735219853113,0.198913520651047,0.109828841770115,-0.265645475649823,-0.0506297398119839,0.0193785869722332,0.200724952106118,0.125240202592682,-0.449411587416992,-0.359671767725075,-0.287481581536237,-0.0607238263925626,-0.271717582262757,-0.460652113170569,-0.166855290527824,-0.309862453529189,0.112097917788003,-0.308386439283322,0.200446741880255,-0.289910957997449,-0.129635136729086,-0.408220972553015,0.315566313142579,-0.0889191120826914,0.000273704193132313,0.27702937879486,0.211581124004238,0.153323569322761,-0.399549039995676,0.267069833844165,0.186690696527063,-0.282276472991617,0.168319469531604,0.177026162536731,-0.0759033343118124,0.228242567880119,0.209906748916304,0.301490752255988,0.108077214090881,0.144897055600216,0.128953713080041,0.154807817655088,0.114748989519259,0.135514858596694,-0.210950661741125,-0.260155444076562,0.036573733619529,-0.165607745382386,-0.105472683714468,-0.239293007445234,0.0607014073911948,-0.0259368697865896,0.772816062969259,-0.160866816457959,-0.348147274138541,-0.193253581349182,-0.0615592019081893,-0.263712980007845,-0.262371802480597,-0.0890708060837062,0.0942827434230549,-0.0237807037916607,0.272597811171367,0.105698861778349,-0.0852636170413004,-0.249563961318768,-0.24538013715835,0.0171678358419896,-0.287417010751503,-0.443426529060409,0.0823967170217119,0.34108896291458,0.0795509955983915,0.0632761723538671,0.292981849202473,0.258493722311281,-0.0138099072380775,-0.146640350020563,0.0258106629220585,-0.00905024490722528,0.00259110928562186,-0.103454138087719,0.286428484157188,0.253994588804201,0.485563141566534,0.251753710237102,0.152573802852534,-0.094052951476675,-0.045668093093911,-0.289335669819658,-0.00319966567187161,0.375192654632763,0.34008070687534,0.0240271644904035,0.374800948836613,-0.12214485095555,-0.0307733336626934,-0.0737718372415577,0.109552920267958,-0.0691256976285568,-0.109057852838567,-0.114662019589875,0.11196362254106,-0.110249594486484,-0.031111289259271,-0.225889612288506,0.0937133907573112,0.363565940099032,0.0125709220635289,-0.0699126667109894,0.0947151800208861,-0.0589200994682091,0.00805850110021918,0.0329599825937894,0.273958854202744,0.452537734708164,0.851470328869103,0.718593914599384,0.0691721654032127,0.227351635397385,NA,0.501041605434291,0.394919327602769,0.10966245561603,0.300291428216679,0.612740551233546,-0.097787298043845,0.213203837598772,0.217155991421374,0.629726818579428,0.606971737899713,-0.0146861124558695,-0.0158388441272386,-0.131927351117008,0.0843958641893896,0.251116491960279,0.159384955345852,-0.0999564269073147,0.123552972997149,0.139425983308705,-0.071927187623711,-0.0793890277199386,-0.229143399548618,-0.0977669031155618,-0.194825448530497,0.152489580559561,-0.195553859855977,-0.279341433268298,0.122608289491517,-0.0178725448702794,-0.275116493491315,-0.194088705253794,-0.0812887451916936,0.0588217516558558,-0.00442812109726283,0.113431057424396,0.220956828321989,0.118550762661981,0.154678037872191,0.0427314942268493,0.29484636376439,0.1763510364419,0.163038324828722,0.0771945365368449,-0.268426231097214,0.00763979245898691,0.170471533128879,0.341715138084592,-0.117208936588698,0.32148282955828,0.276579099619678,0.229725379696965,0.224385142501696,0.367754645140306,0.399009766340904,0.217809530288638,-0.000332726443674345,0.130273767855407,0.0545265005850267,-0.172423304980158,-0.343382305078564,0.104718098918726,0.100490975395516,0.0261838544103984,-0.0988462008584494,-0.213434800755825,-0.242405455248681,-0.130394168086892,-0.375773135328918,-0.087686735419139,0.365009870535049,0.0690097061810061,0.267855257795882,-0.276234228858911,-0.0161460123467801,-0.0279054301766217,0.0870404246149917,-0.0512658618793788,-0.268970340725653,-0.32795290772073,-0.173032063755069,-0.482803560752807,-0.471835867116846,-0.453000542552655,-0.269018415925455,0.128010974657278,0.172340533874346,0.0671049551513272,0.111390601554553,-0.125924239708613,-0.135979733111752,0.0992073342112859,-0.0803319376325479,-0.209103030179276,-0.107443616700734,-0.251172571514495,-0.112538713271579,-0.0495949306303822,0.0578995630021745,0.040333698267375,0.245803836657597,0.154587252819433,0.289622538726109,-0.262350148169884,0.119231839939624,-0.0378951571509427,0.0772134535045265,-0.316858321633381,0.162941545687117,-0.189673545028962,-0.285438322111483,-0.209951795674539,0.0841708346180605,-0.0311497952766987,0.0914276484891742,-0.122889173203935,-0.184389404466932,0.0705395915999134
-0.0335970848322137,0.28972957957135,0.238832820532239,-0.273360206692859,0.449207258274287,0.118997688207383,-0.0557797029906341,0.405004676272994,0.0344708588586783,0.0716021893954932,0.0564102801442446,-0.164710285328087,0.258725655606199,0.0762022299688229,0.0619350506583335,-0.0882503243207469,0.36532707888572,0.11284291705064,-0.230739865316067,0.255729319874893,0.279011263993096,0.136293954014723,-0.145675594253141,-0.0140057608567118,0.042000648359223,-0.372963051252463,0.0779175751407097,-0.117069542142179,-0.0919717476019453,0.121679971261636,0.263126703425471,0.0996493151773203,0.0204274248541894,0.0415644258497566,0.0444673327405945,0.173691077987256,0.00210647752937972,0.207161814312486,-0.0995333813676377,-0.20421851920848,0.0925923511375055,0.234435812198776,0.0109428667921084,-0.076195311595042,0.259944627423243,-0.092396473631594,0.0608512083067925,0.115044603664629,0.183258393506975,0.266108487480413,0.227552870996646,0.0976396286387156,0.225557604960819,0.230048190593325,0.545004771124401,0.603626290289746,0.345735119217459,0.527680026339312,-0.167096415597893,-0.0603257867020842,0.153019303448333,0.164867428191469,-0.107304944097306,-0.15179348529289,0.216896069043723,0.203245517459691,0.0619080927687581,0.247907509962439,0.161568209199478,0.201074936370946,0.0163389784486855,-0.0939989247799303,0.22684379199075,-0.286507821835948,-0.13137028584896,0.104554097374521,0.055086236798185,0.0218840337514461,-0.217665502748182,0.031354176784533,0.380717976216983,0.0940954799921265,0.116677122037991,0.124854224472299,-0.131302795965313,-0.169116853089569,0.733745381695407,0.46486819011422,0.0872793210930796,0.166614445743219,0.314620601948854,0.408912995880853,0.293544944547323,0.0529902115498817,0.0675530371095045,0.0384310059102981,0.425987137906171,0.410235436117727,0.459954966407258,0.432134757089784,0.499795530690094,-0.221339326086681,0.280775709483968,0.238023310150297,0.229264582095758,0.154680476409524,-0.0718943964364694,-0.193810611979091,0.0227287338108337,0.0539962704144491,0.0696786225116164,0.0032085565265442,0.0201382859495578,0.19534799694197,0.0804173261838569,-0.224391677703407,-0.102272528121731,-0.260046426849724,-0.124002726522497,-0.152131185113599,0.0788899822775767,0.107257273040288,0.212655462090888,-0.123583606685462,-0.177446122312877,0.00224585542519203,0.153122401709751,-0.0267379544366305,0.173935284898087,0.151760774647707,0.501333197527169,0.543401362389343,-0.193402315209838,0.414888694220202,0.175023341063501,0.253931969492656,0.407872668199078,0.478615278021346,0.745751428406614,-0.212270949312833,0.181024926706987,-0.0746722987298809,0.297039393252191,0.113704935816415,-0.127520263823856,-0.0768833428802712,-0.117998875488739,0.126106812527148,0.0293386343549911,-0.0718723043323315,-0.0159849449807937,-0.0987825161713674,0.290208566168527,-0.172067653489878,0.177542887226169,-0.15928224210291,-0.0214126073894565,-0.0104283838368814,0.387422227263851,0.223766220578917,0.227020989647755,0.12010235447216,0.373824311876138,0.069395533099998,-0.251770628362345,0.558685802941811,0.171181562169098,-0.0621878139300111,0.276843440399051,0.0221040913507987,-0.126376393810013,-0.0788229399098792,-0.019860267610437,0.282098299478498,0.314126028047876,0.201470589776655,0.284316344492749,0.116778099223383,0.319682151328753,0.112688348818955,0.105969392557325,0.0223300401105181,-0.0632883347204978,-0.158496357667407,-0.0400525599376406,-0.248415671720496,-0.00530920918877581,0.15577634809281,0.602453882261034,0.199001581340865,-0.219428350076283,-0.261158684472208,0.0336910645390255,0.038346220841739,0.0489305595792381,0.0539504832360913,0.344485683802113,0.450475132599064,-0.040327771164447,0.114489472944938,0.211345965147975,-0.0103366241968399,0.153366133191385,0.191560915787065,-0.263457027227925,-0.15212506601012,-0.0487861168924575,0.081679283595455,0.475117267489018,0.40400171699127,0.698404626136844,0.186314627251346,0.27276450682516,0.113663882403431,0.083112925321005,0.386057337874515,0.460751114844873,0.0321583426685433,0.0918673437746214,0.133156904583706,0.16845237085094,-0.00305336749763545,0.330227896162505,-0.0764236851451846,0.215949181641774,-0.0365346309998819,0.196722504182019,0.482867098526375,0.22579613090317,0.359114293459505,0.156342485905265,-0.053314891854349,0.050122891829841,0.216849685231707,0.0185116962339472,-0.0948888788719751,-0.0639436568760053,-0.0678027796484408,0.155486162562089,-0.120653649284503,-0.144578451150577,-0.13130544965169,0.0562332496840569,0.190881893988766,0.00765718779436526,0.185553154240701,0.0271165276174878,-0.0877329095452131,-0.00164674780769133,-0.100825087742272,0.788858293255761,0.952047379408636,0.945498057473173,0.60724464084784,0.086589837887017,0.524639598909925,0.501041605434291,NA,0.239755712906278,-0.048688162125475,0.0691845212312032,0.486404842963545,0.265516552611415,0.680543637022884,0.576355356095376,0.372885694500525,0.458572646752902,0.135584141178318,0.177933848083869,0.0739312520134677,0.190517397559921,0.192446333062451,0.481858626470048,-0.1005814036771,0.138542560501945,0.0646528561444344,-0.0147122079433039,-0.0479452127544574,-0.113298397001595,-0.144212156876486,-0.162316559484015,-0.0141963560894637,-0.0983223848861897,-0.214530241941884,0.00722513727800831,0.217214881877097,-0.147614848842813,-0.0874773557031258,-0.010296831768113,0.111521770021155,0.0153662167380261,0.229346189960941,0.373317356283595,0.33782584231967,0.171136838055934,0.293517242692376,0.256380568606455,0.626962935658389,0.425965501352452,0.212952536130704,-0.253110131329363,-0.0885329645067643,0.32608897739466,0.331121176277026,-0.187926375593536,0.0462435322934167,0.669394624665312,0.370276685926573,0.357116326632267,0.343811074144045,0.23965304273416,0.0343710121142061,0.190192360710295,0.360845910173663,-0.0986164686614312,-0.104794496627843,-0.141543828250408,0.0855261990134843,0.0555287133618445,-0.0895448759666335,-0.0986561214410751,-0.0801134683395213,0.0726059305015068,-0.239674183317042,-0.193428355548919,0.111242657731449,0.213558903902974,-0.0494887292096788,0.344368880866408,0.18213258470111,-0.0107051524671813,0.183813983389913,-0.103152640409703,-0.288543242615833,-0.41612690103668,-0.240649264850234,-0.20779566048195,-0.178326766248735,-0.130907309175123,-0.0701171114323883,-0.0213729696831785,0.37543566711464,0.12331940447511,-0.0399490479331135,-0.032094221138447,0.0252381712172486,-0.0134665544294148,-0.135427414501678,0.078353579724954,-0.125568810212878,-0.130684483047666,-0.309213762194533,0.00318359798396375,0.132353779808359,0.400064507147324,0.304261303740018,0.369058687188653,0.321555014069737,0.0288361045578264,-0.353631046226434,0.165120864137626,-0.0866676352805015,0.110313551566097,-0.191198161732303,-0.0512365305439611,-0.234455539592224,-0.0756149079156932,-0.115225895018254,0.117441698742259,-0.104434097884606,0.177384618908293,0.0742198051605139,-0.149313828127384,0.0144835702067232
0.314542586638549,-0.203992295456832,-0.0647731297496962,-0.116156119326219,-0.0023736426449142,0.271019907214063,-0.0813891860615745,-0.13585273049608,0.112591697514517,-0.249997838543772,0.21076033591061,-0.235289171440396,0.063806222289443,0.221280225729976,0.127217692662547,0.0605955539475346,-0.119035054383821,0.149332002667942,-0.129555153741295,0.104837427722475,-0.387954880637879,-0.255805726209122,-0.159553000094643,0.262930553549124,0.0302207535581793,0.0603885544529285,-0.438325521343642,-0.175003373538128,0.00657677544412826,-0.268579201970576,-0.112147729746148,-0.0198386968704334,0.062430050469859,-0.529838440813268,-0.135655835067663,-0.127391464736245,-0.322355677972073,-0.100302519326682,-0.396651253522856,-0.451728856908081,-0.537588105047752,-0.235413024640237,0.184016715312203,0.223677620766606,-0.0184232705856216,-0.058433467796664,-0.186956153265047,-0.422209940638704,-0.382880052726768,-0.264447338337132,0.134367600246753,0.208848621230102,0.324074868731892,-0.253098566629579,0.0161002920921598,-0.238786745543074,-0.242786898689373,0.0171752478600069,0.0218727535983906,-0.27452656870489,0.11268349115124,0.094972126333044,-0.368660184471757,-0.548143505520189,-0.0854995160417945,0.0390415168756811,-0.0532770654353539,-0.0709967075439247,-0.179418122788671,0.0303378369104251,0.192853416356862,0.0260050869406737,0.0664975723162283,-0.243865098493813,0.16825677542419,-0.37702626844427,-0.0472029038497388,-0.00166726451749193,-0.0426798070077064,-0.00929582652730337,-0.289522081574985,-0.402533651690297,-0.0211874574458605,-0.264943124188157,0.127099744313825,0.216369689115691,-0.0962575974807279,-0.013809669280596,-0.0884759996231955,-0.151019013944727,0.203453097929818,0.344118518360434,-0.17667436640063,0.619733316097966,0.795524974551281,0.534801200681839,0.0590738409854937,0.0732771643154119,-0.0475308823640877,0.117086066072348,-0.0932293545131897,-0.117192216901853,-0.480170484568498,-0.441605593499358,-0.321581560729991,-0.246644215678996,0.147712317488019,0.0274619219180295,0.0583328719768223,0.0841599804531705,-0.56158149858428,-0.42722957987111,-0.00757991043446457,0.390488676316973,0.266820484045456,0.146805777214899,0.163687553616279,0.0999507176071498,0.0788686455766537,-0.115377041548805,0.357343417006644,0.372473648444584,-0.111326585737125,0.112538287408625,0.239416839911493,0.138773738932322,0.164565500525904,0.282009733785358,0.0198409178693666,0.252816998650885,-0.0778230191736907,-0.128387632999867,0.400944684993565,0.00186650117557288,-0.0256125319103994,-0.000547571127427689,-0.0506528799409199,0.0763554077193513,0.0349610484886268,0.0328421333003327,0.109437328349699,0.269207350212763,0.280182689464998,0.441263061047592,0.12316525931333,0.143531036903217,0.222487839142064,0.279058692204705,0.00250527872588522,0.127566067509105,0.37760338340033,0.0293634431848188,-0.187948513531387,0.344144669964966,0.0262068338381325,0.292620582225697,0.467505812168922,0.141750263988735,0.0871421809309328,-0.123374843803352,-0.00118306602324893,0.632477343898727,-0.292100882154464,0.0701693401096191,0.14461353125311,-0.047449169162068,0.138398984760038,-0.207912067469968,-0.124931164510722,0.760097699252865,-0.316506934361502,-0.0363626986988697,0.131318794375665,0.600580118087436,0.0608086797764239,0.0171762941001622,-0.114184682534888,-0.13948703981052,0.203292043816959,-0.488062347651358,-0.153190987303543,0.287667536720243,0.191449600674466,0.154714935585121,-0.497512243007428,0.113300470324724,-0.449904674349859,-0.273248202093964,0.102831931653854,-0.0886354221957851,-0.0589622278696061,-0.109601458371669,-0.06440217709332,-0.1246207422145,0.0260247412139346,-0.37187581468345,-0.0767174761291533,-0.158100986854689,0.578294332664285,1.08647227335096,0.190738799506187,-0.276243239139981,-0.458906800470711,0.0480517665094894,-0.150240539011723,-0.498661047447806,-0.360481483069964,0.59498555476784,-0.223441241227157,-0.402740396611273,0.00582869804368304,0.375055849016585,-0.0871099259399185,-0.0933624298246148,-0.311473053998917,0.0696057207916816,-0.0814116905170315,0.0710940020948978,-0.341646110480652,0.832051429687364,0.0744667267900405,0.36073692070084,-0.357414455913956,-0.0726717913945739,0.282210009159075,-0.038459785631379,-0.0117183507005956,0.114188369773677,0.0578845080043908,-0.0983423074724177,0.293670985684251,0.0245514676597193,-0.206808794530124,-0.0296205271761929,-0.0796870590618456,0.0386450514464939,0.201335562742001,-0.390268544575641,-0.351510472659325,0.125039833489745,0.202954150553097,0.149718025636854,0.00750158312569635,0.130613748427286,-0.493501492986304,-0.434602003546509,0.175477965472682,-0.64623587187818,-0.425808651926491,-0.3767461759328,-0.234687586919926,0.0729669844494904,0.443947154494702,-0.0620147053929911,-0.231796810106709,0.00228719595557957,0.394919327602769,0.239755712906278,NA,0.502115592808662,0.678967168584725,0.107488784475354,0.0318153313956931,-0.0354693133839364,0.103814728950887,0.363236428841788,0.04918111708605,0.0436060764886404,-0.236252259288375,-0.160317126303704,-0.411203411680775,-0.0684060795438917,0.203175282676301,-0.412174785487719,-0.459029061759956,0.18532050097325,0.264392719235288,0.471720364957481,0.323615153673338,0.210316333150234,0.22547916030464,-0.0483516109020922,-0.132805833091084,-0.0625118415817054,0.0333482943053486,0.00252662426777808,0.161134775994134,0.2394046860446,0.478685131919091,0.308572766462931,0.168759243254256,0.150047842562638,-0.175403996099807,0.116245729146668,0.312963243203006,0.344933452147611,0.0524347799499411,-0.0202708636614711,-0.130714897657373,0.0134811222901328,-0.404366022106307,0.0207142588973409,0.00534535969801991,0.195012575509781,-0.449061781074172,0.0203287501926863,0.1395958320727,-0.0841991959267447,-0.0732148379152556,0.0695654456544551,0.418797083098173,0.185054351809927,0.189900067089319,0.152852088183891,0.751932027818892,0.148481305129346,-0.291348821589994,-0.0619981918179324,0.806355134604173,0.248615892855308,0.27969301852955,0.50608752944635,0.549795781857532,-0.0235597844816259,0.330340794516353,0.340978705200358,0.843551914543889,0.531755736370355,0.125498869909061,-0.287476801904128,0.227254800466695,0.0408156389169159,-0.024022100804509,-0.333904582075661,-0.499441426450736,-0.114911295931204,-0.105550475012243,-0.22362140703487,-0.329832793930561,-0.0786346230050772,-0.0753476395414321,0.153517995017081,0.245740695549298,0.231933855279866,-0.173836868346437,-0.303114057452298,-0.232240015051025,0.00778304716226833,0.38612106659519,0.288630000573655,0.404399160689801,0.232720936193604,0.036852661552178,0.120859764813018,-0.0740360901141258,-0.244719768235318,-0.0278257591489717,-0.164160576980974,0.753709821557034,0.242797845691354,-0.0899016738017178,-0.209409850046374,0.227155588842007,0.00447195666492457,0.145463071223193,0.171278757318084,-0.0824976512475866,0.0580351163783109,-0.193353479966086,-0.336906185569963,-0.210246121090952,-0.138442110442263,-0.274039368096236,-0.107261042785676
-0.0925907598468654,-0.391980684811114,-0.187003815486377,-0.0512194436925065,-0.0611423455941468,0.286788120675218,0.177300636378546,-0.217446369435101,0.132312497561601,-0.332555281538486,-0.016488991761758,-0.181332963922462,-0.326803543641104,-0.12883153831418,0.342496876443896,0.00769873454537534,-0.167860084654755,0.0847607706171642,-0.0847251600469948,-0.135517864558131,-0.420833846361915,-0.134374706208519,0.130242924757033,0.612012905373958,0.241411048081873,0.0160264994764786,-0.208847796835133,-0.0580865408293971,-0.0557325491099654,0.016303173273995,-0.491243399068508,-0.260050032721549,-0.157307218977016,-0.242323821691756,-0.316053379133769,-0.266029096856073,-0.326117769325537,-0.363211532513253,-0.236538447197923,-0.204915065561599,-0.240889095910185,0.0279097520759417,0.490406544982265,0.0436345542223676,-0.17252629275513,-0.1182839934688,-0.298461318190229,-0.308786458389099,-0.181274230244135,-0.427173551031348,0.536905138379198,0.678728421696808,-0.16790102447857,-0.211996284951118,0.0166159526809227,-0.311372654841794,-0.575150360743443,-0.133881575512197,-0.0922259315465493,0.0716180862977351,0.0331888345171989,0.0108183740166176,0.166478384530563,-0.190095868466221,-0.203577534845482,-0.0300863858734259,-0.0218051240704431,-0.0141310878981981,-0.208237146314513,-0.0730633514074144,0.131452344871053,0.190289560731551,0.0767031372961442,0.108202256225,0.17261758940296,-0.0918897784568055,-0.182583644110175,0.406837110586864,0.117247471718379,0.146692298519605,-0.140635550913853,0.0111258880496324,0.351844292812418,0.20151983360374,0.217463867245792,0.187200017063079,-0.150202783856058,0.049279784937764,-0.408941036553747,-0.174685332046364,0.143941526404914,0.230488744953645,-0.228271785498806,0.370758007864952,0.255465411418375,0.759373408978723,0.0493252391511301,0.103672449474059,-0.378566187729359,0.180323337510473,-0.185090539345818,0.0857878410944042,-0.368218838234994,-0.197778756357995,-0.13419896151031,0.264564145105237,0.280270206089358,0.112123955614051,0.0893943532302428,0.393003465050022,-0.206041320917907,-0.000722454506463296,0.0788194754586012,0.148624896151675,0.27674027463103,-0.0539681787896474,-0.0105777151406512,0.0050356397009596,0.0648052435764616,-0.0127911955536346,0.353473777622106,0.770461752622831,0.0595776309904839,-0.0521323994700305,-0.126927504825004,0.0983323057881769,-0.163322824194902,0.0564539629862681,-0.0782456017922375,0.0162426587501096,-0.0904617727223135,-0.0301978182131142,0.222248490534544,-0.184052462291572,0.092828657465138,-0.0321810095036028,-0.047709969882824,0.23206993866777,-0.016042566168231,0.309412831312532,0.334752820851068,0.14305890151664,-0.0945915979649752,-0.0928376348417952,-0.122722817969033,-0.12030735052775,0.377887448535837,0.144554737246789,-0.021270036660143,-0.152224303243048,0.117046544918921,-0.128961090775593,-0.0387405006958425,0.0555482769897297,0.136698525645625,0.30167520706216,0.620889669416193,0.226961560234806,0.186036740353422,-0.0135340458152063,-0.18811828520767,0.00103957715548216,-0.443180632036725,0.00314619835129839,0.303601984211193,-0.193861014843101,0.659306998671883,0.0950440591884183,-0.194241072798863,0.512444796659144,-0.392913848834016,-0.0740871298964036,-0.081941949519171,-0.140182094853278,0.0617506220294375,-0.192886183323682,-0.340045155496556,-0.311521921362211,0.124232727243465,-0.460505887249993,-0.139254741249295,0.455820659396767,0.386765956330801,0.198264075983577,-0.504126431604855,-0.167105266064958,-0.0858750189688446,-0.201564831807909,-0.275608595268182,-0.176462128297559,-0.225728543493937,0.0536935369534474,-0.417804325434595,-0.29873227426932,-0.35764986057335,-0.27303620722717,-0.177531376588109,-0.157004819587414,0.382667628775187,0.927120374633218,-0.118628785486022,-0.37021611991936,-0.411538333061253,-0.00726359834249096,-0.440096560061116,-0.476406634072436,0.0553561539012249,0.681192945610953,-0.521130965212272,-0.380422839690437,-0.18367560147349,-0.147290288746816,-0.50536227552205,-0.441296370223175,-0.398475685700083,-0.369449724591547,-0.489325680329443,-0.12098127722509,0.162976131656346,0.585398610865987,-0.182665154957961,0.505821206078222,-0.520315686397943,-0.0580398943921216,0.242447335470333,-0.0150175574785661,-0.144823805948472,-0.182754670360532,0.0186093281446476,-0.186746645422757,0.185143794829431,-0.250674440208047,-0.0234610346522545,0.0141147342336667,0.263191618412444,0.540387297097126,0.489280801863069,-0.710819508721307,-0.31195088924464,0.470306377192796,0.382388361788439,0.627673575955582,0.418464141238484,-0.103988448334854,-0.225318902982284,-0.300111887646584,0.551584698699135,-0.0901674570453533,0.00797219316320885,-0.00890036424608494,-0.354636147381808,-0.148895532258742,0.141363980405181,-0.235264949035742,-0.33917825319283,-0.0743307892854235,0.10966245561603,-0.048688162125475,0.502115592808662,NA,1.31439296896977,0.212564381383008,0.101356930733949,-0.409144692565835,-0.229272776642094,0.0565202384887357,-0.363038767862166,-0.0184725915896218,-0.165907349912874,-0.4259761724857,-0.0198531594552567,0.0935068302916208,0.315811471739921,-0.0598012176917373,-0.0120515666674161,0.012990947142874,0.937962674850977,0.266995690181062,-0.0310570651474529,0.429964412559169,0.0700316801945503,0.0767794334751176,0.258857200484319,0.226223719100782,0.268845684674574,-0.0734175015136428,0.148411061779473,-0.0163054450893873,0.468198158028194,-0.203921223740606,0.124130555025454,-0.173896165271899,-0.186249056100685,-0.145364879377239,0.0634142980031108,0.166822564319211,-0.107028378554843,-0.0959608084765898,-0.213075918159265,-0.171602956300516,0.0447557082955808,-0.39664554512892,-0.0598442622672798,0.156652459029805,-0.0313603044392009,0.0876867215832013,0.0981691545809937,-0.0103132639871961,-0.0208360608517533,-0.0628933533905203,-0.148098359005664,-0.105246646053781,-0.0494209846576539,0.0584913219432969,0.314953383665127,-0.0398069774309626,-0.143164030910405,0.216203156011894,0.587302890593149,0.695808598828916,0.29991291321284,0.025259577866027,0.210641983757034,0.0498171078158869,0.248840986999917,0.420051924979518,0.970431700751561,0.872694810443609,-0.111784918159233,0.0494917849768394,-0.217663870877742,0.155219028859582,-0.0877257241382605,-0.0120278238034462,0.0219324985841347,0.316106557130464,0.230030175148468,0.142527601173627,0.0630390532622437,0.117045688953046,0.121878127907218,-0.209395562631839,-0.129427422192621,0.0248636001180221,0.00790223336825894,0.109550943564246,0.274665833055266,0.244044886907256,0.461816222107267,0.330657613771348,0.474928723107073,0.171828410537834,0.313407409102106,0.264741051219762,-0.202315465757737,-0.253413763782792,0.162650314315733,0.095032173689737,0.517839838970242,0.413629315832064,-0.207619364240549,-0.0704835350521558,0.0482398426694778,0.137137202596556,0.290961233689696,0.300751092068082,0.173408774746282,0.251940526898486,-0.201185416321401,-0.24483690519275,-0.0186589588949091,0.051990626432902,0.0755658998510514,-0.203664087736943
0.051015879244225,-0.280547466254363,-0.102147006568349,-0.130276694556715,0.0423846799847634,0.458286013410515,0.102606280576197,-0.0712088506667837,0.204819136164937,-0.23026987992711,0.0221453288425568,-0.223234409579059,-0.106856042781245,0.0526857000222791,0.2425418220332,0.12740032982337,-0.0416712755452743,0.0901876884368489,-0.095109351983885,0.0280020603218914,-0.360957185562036,-0.100277294787351,0.107529070188623,0.579488663207565,0.243236462155453,-0.0404985562393703,-0.205141363447223,-0.145132432212534,-0.101036582592383,0.081676928350227,-0.312696795060717,-0.169735890438849,-0.0135900425545467,-0.249496403716506,-0.174449547000155,-0.162933363953573,-0.245910244374452,-0.187252163095373,-0.225730246267494,-0.226832127187066,-0.264581917354454,-0.0189013674818045,0.55576400412419,0.115626573280779,-0.0978815786951749,-0.0766890439058686,-0.187951308245888,-0.344937804350318,-0.202168944032879,-0.335391000307583,0.61305918681832,0.740154429331123,0.0424255832719828,-0.187611077655769,0.16307315260475,-0.21073419710114,-0.353105836604396,-0.0254506291189522,-0.148669312869194,0.10463770730677,0.209251008323041,0.147869545654943,0.0211210104509919,-0.264341875433642,-0.00836216456518215,0.0639011450125555,0.109187047885193,0.0539513186161744,-0.0512954700594109,0.0812531368839127,0.274735912982039,0.17226512434458,0.00603132722212519,0.0403192703248002,0.256716273744089,-0.0853302291555608,-0.0656553119808121,0.345811224572278,-0.0764352073931754,0.0715676791427581,-0.0886846889895154,-0.0632021109877177,0.232486669401301,0.052176447441679,0.237027821297751,0.276155110951096,-0.0416213935979803,0.201532223986077,-0.287973334508928,-0.00921891137331496,0.233331923289405,0.364138596770503,-0.117796807515904,0.517483745265083,0.457453792183623,0.940738348196862,0.0376899479430449,0.029038759350753,-0.163592047128625,0.244507761413703,-0.0409592769986695,0.0497838945697452,-0.277273952424961,-0.138377371700693,-0.1108669900589,0.219426849736513,0.316457094949376,0.117945499367528,0.159936725896771,0.342903742295204,-0.210322592891789,-0.048048536839794,0.156597181760949,0.299679796236865,0.269915466528247,-0.088689295760932,-0.035955730784503,0.0211069441501461,0.170409623274969,-0.0847475346770917,0.32162209190542,0.818271970503882,0.0349668237750037,0.00988418424172234,-0.0295662322712558,0.0476513093793537,-0.0230019276603744,0.117982223558331,-0.119626557471024,0.0944562507468388,-0.0487703310552891,-0.0551358038445021,0.323119290219638,-0.156251819043017,0.0847515270629848,0.0371881035612358,0.0446974579325911,0.180342578729082,-0.00215742629539544,0.149667733207832,0.227354309016883,0.208996614436662,0.0307615905947606,0.0116761275494884,-0.0715875390820896,-0.0391474654974485,0.380873487760731,0.266471307504261,0.0711160509715829,-0.140080068656405,0.187934706518309,-0.205408084576534,-0.00880998144699522,0.0189494517030756,0.118366485817934,0.309419753633655,0.758825562632966,0.188051651869016,0.158438056068837,0.0516792142425692,-0.045555480370422,0.152639719072137,-0.278957602137945,0.135574694820612,0.272033715241521,-0.0478237365268194,0.38460111930317,-0.039968030513642,-0.12008619638594,0.615682667430044,-0.335137312598393,-0.166935790931693,-0.0950501676361788,0.0507232910749463,0.0516529648439645,-0.0428260482188813,-0.14662533216378,-0.287329465305617,0.154204142305399,-0.437424267623401,-0.0667198120311313,0.361948246486048,0.214000307023563,0.07297946263722,-0.521371191622768,-0.212342995402926,-0.252706009869674,-0.328265976790426,-0.114709344791502,-0.0884458545762106,-0.0969409598433143,0.179948149761878,-0.245219057553756,-0.255331819321053,-0.285521984244951,-0.332037321198385,-0.0314230505598049,-0.139272153312441,0.455644674511842,0.993122060136147,0.0183012969390203,-0.385296858173837,-0.402465497862651,0.117314281093415,-0.315813340341238,-0.476623833871418,-0.0835825403459921,0.698687009489197,-0.326056960371599,-0.215911040514404,-0.0336506078028172,0.048050329242831,-0.229556460293713,-0.339204401293769,-0.205612926465672,-0.209049807797969,-0.311550618694165,-0.0667799686398518,0.0186933992963065,0.745521741556177,-0.0691270284018402,0.62627932045544,-0.412691940428545,0.0131455200053912,0.375175370308919,0.00156759499135965,0.000348574561908083,0.00434139922511785,0.0987179832190052,-0.0645603954366174,0.29522110681192,-0.164281861282532,0.127279620276833,0.0357677469225961,0.229419236917807,0.3316527185131,0.481111153201163,-0.566489855008284,-0.370952101917451,0.251764286490366,0.362141761072757,0.499705872555671,0.116925557640226,0.0387827450949556,-0.308780515623081,-0.361358838046005,0.264049067167986,-0.330210700009265,-0.194698828257932,-0.105439412041799,-0.235474734533498,0.0346366746581363,0.386052999594687,-0.100224680080839,-0.109740762348305,0.0580007822160569,0.300291428216679,0.0691845212312032,0.678967168584724,1.31439296896977,NA,0.298213076486793,-0.00408561113656687,-0.219527722438416,-0.0550600564026967,0.234765377545004,-0.135405425932213,0.130791140998167,-0.0894102747767225,-0.224222198949161,-0.0650750497792248,-0.0036836052587132,0.257228293115278,-0.197182733179658,-0.114682821987662,0.107661459126403,0.637036192400979,0.264136155913526,-0.0717186564708489,0.319085588678478,0.128113244818472,0.0650746420448721,0.0205082916508814,0.19594069795268,0.150003554418165,-0.131384649352297,0.08260717000582,-0.00986789693684221,0.474942978492871,-0.0661508253091083,0.280259375579429,-0.138388217737633,-0.136522546914889,-0.0288003513003697,0.0774173571724791,0.0893721136067811,0.012138037974478,-0.0310495483760413,-0.198456001347627,-0.128690888317903,-0.197298623722295,-0.294879214963731,-0.0156070659713638,0.266794656749192,-0.221241628148584,0.0319567013311496,0.14842623611524,0.0480354490834965,-0.0857032475624123,-0.00357741893202251,0.00718751158936881,0.0369996366264396,-0.0268128884967866,0.105803731760443,0.39014491232777,-0.00148378594661005,-0.201983401911552,0.0636549780250453,0.636379004432323,0.586629747368577,0.304842097254929,0.0566792562598075,0.328741089603762,0.0657611921495441,0.220760802475172,0.323528488413545,1.01637516907828,0.761848748510388,0.0947653263670102,0.0377948164941659,-0.20914086794549,0.073393924628331,-0.0565198337610115,-0.252841676200002,-0.169317336069627,0.131783759906847,0.157557083831085,0.00311528273167615,-0.0349545595264435,-0.0426881357111088,0.0626099789112144,-0.147980810198866,-0.0242997649713443,0.0936603426341706,-0.0188457420189947,0.0769653687753607,0.0763699883936191,0.156804045828073,0.514362065723018,0.411352474341674,0.44448313821235,0.237163682356467,0.124729746637733,0.137143749982072,-0.135775243653022,-0.226109741200022,0.141825463990613,0.14459152255714,0.516912799970076,0.390538986163921,-0.10571108056273,-0.0683936021584756,0.0160268929985859,0.047060214818338,0.125062974212051,0.281933419254459,0.0478298046906932,0.153019308801312,-0.119600122890458,-0.232853918232337,-0.078957876090223,-0.0205922098740601,-0.0161316851019801,-0.258451684934756
-0.562704905071556,-0.0926166331205937,0.0242312138494018,-0.512289169391036,0.191449903329593,-0.0435886469086683,-0.135672986077889,0.0849312503245153,-0.146537195671176,-0.0416386638174852,0.262962081889565,-0.387342443852602,-0.0491074337974697,-0.154698418515628,0.338502623089837,-0.140979190463192,0.348146340391175,-0.0956437755664152,-0.16182940374452,-0.0355031018518864,0.0897230792963507,0.23996141600148,-0.221371772764461,-0.127589546508298,-0.288787102145364,-0.480404663665633,0.0520431313388885,-0.0490893195299146,-0.412327178964843,0.264750022574668,-0.314122195132861,-0.179768954979602,-0.260816758741784,-0.0723750569419154,-0.202777418508825,-0.206285192535252,-0.20885054294102,-0.155890934590428,-0.321378432678094,-0.00426836938790251,0.0219341486125431,0.321009596029707,0.212767968807609,-0.514454226415946,-0.191320356069656,-0.273262583605153,-0.422234839626768,0.0310340741728746,0.263336548243866,0.00920911335920868,0.2812033146652,0.208923406421461,0.0539852692673943,0.0715877196526372,0.399070998235531,0.168913068686022,-0.0668558632426364,0.30074202650162,-0.302250612126239,0.377529294705531,-0.135236723278072,0.0879924472982107,0.213698241713402,0.221911440100161,-0.097741561794889,0.12321601510839,-0.0170856023191516,0.138552635185559,-0.0493896048910193,-0.117879457131218,0.107118203012333,0.324232062627863,0.0909108381066539,-0.140156919762517,-0.148942682026804,0.333538465893984,0.0457070058822432,-0.0373090947593194,-0.0917564479723184,-0.0709920464173552,0.356992085183413,0.545213516288096,0.138294689244487,0.495183599781085,-0.0602029405356704,-0.262064224469024,0.275824001574608,0.0411140338825493,-0.251205754235601,-0.0159882967988372,0.54588841313849,0.325180602880013,0.136496877897499,-0.183275165847629,-0.342855985362157,0.091032648644243,0.339605054871015,0.333420900965729,0.04976187455049,0.238690732784367,0.238919987948924,0.152047119046275,0.260567878605276,0.388909766885526,0.281915956175384,0.39581094727112,-0.146808602630644,-0.440127796641982,-0.204589088291204,0.192138371057273,0.104578985679424,0.205275096205422,-0.0659882075760179,-0.0472239674054092,-0.00240931887506845,-0.556365843120946,-0.481800623318769,-0.163882772759944,-0.355949501255694,-0.342635497476022,0.0542486852975272,0.122259382436491,0.0829843265520557,-0.325702655375717,-0.424008835929139,-0.07516373981432,-0.0758704498309723,-0.332663759456068,0.185115570806394,-0.0987774286586597,-0.0395813375349969,0.0658979300609238,0.0640614946417588,0.307737004720685,0.262772469313564,-0.206878870868886,0.0719304880532737,0.316480567938643,0.165039394940393,0.122877301592612,0.138198060329096,-0.0174014533972438,0.080279183314407,-0.146814100023585,-0.548334202675043,-0.44608732595773,-0.165476744845386,-0.0602805347920782,-0.25718194032773,-0.648903062271102,-0.275844436909989,-0.585155424356968,0.215936710309509,-0.464141228929924,0.168396947470373,-0.278196546155896,-0.0561718414915857,0.00925517591199657,0.314460200947968,0.160122461592908,-0.141524782446793,-0.25455087050048,0.0247477735985934,0.0561291320442744,-0.435336581740618,0.125666124291707,0.543489679048639,0.195250774947348,-0.0144503260029793,0.0102864864226185,-0.150463011856367,0.25215837359771,-0.169615987669409,-0.158700603691401,0.302460138888701,0.0361388499444037,-0.121367547889953,-0.0706234616569595,0.149309602211658,0.0508841589319499,0.0635503028121438,-0.0853292625300842,0.143242670545488,-0.502479117774233,-0.115334364357167,-0.571199984189636,0.0981909923124371,0.0698353165378061,0.376718279210465,-0.212486849564983,-0.433828451942689,-0.144082448858616,-0.295421663422814,-0.43895840416201,-0.416249061597756,0.184906885142738,0.0154950482163905,0.262578869526741,0.16447340643083,0.0171259870615855,-0.313851205451267,-0.351285880516999,-0.0698633167219916,0.231985085975151,-0.562858882670333,-0.400998281709467,0.20166525203819,0.299075811514657,0.163360637494919,0.110807155820581,0.372614845158141,-0.0628361894375023,-0.217532278801397,-0.44208717720012,0.0706816713233742,-0.123041654793282,0.0252722994955257,-0.12215231051389,0.593998505350187,0.0790053133750588,0.248833953209194,0.126566904204111,0.240280559588421,-0.283342932239088,-0.16562663154094,-0.483777683653944,-0.261469543925024,0.368712881221169,0.35789546131622,0.0766334967107921,0.0570327385566797,-0.38188050157333,-0.154867572787589,0.0832432498953049,0.277483742054989,0.398988563312436,0.0496836960200335,-0.135797338580071,0.113396631046858,0.175528176480534,0.0368766242131061,0.0554402239613097,0.168930486896937,-0.0557012949283325,0.342077768361741,0.135994488258039,0.230895221661931,0.14873445929995,0.108901026731212,0.273194322405594,0.382618355892127,0.406246537306024,0.612611375581668,0.452083209517356,-0.0878218411330418,0.157165333027087,0.612740551233546,0.486404842963545,0.107488784475354,0.212564381383008,0.298213076486793,NA,0.217179146232396,0.123575852874687,0.23731045845377,0.428588993485704,0.455961308437944,0.034092101919748,0.105583568378772,-0.154232499862809,0.523785029824795,0.492030961071507,0.597650084267625,0.149206966300713,0.595898576194042,-0.0135292273743716,0.266233175883549,-0.225021247835192,-0.421534244124039,0.0643574929776121,-0.379094827667105,0.393564760564047,-0.0152330963465782,0.0575553567847869,0.261097253581883,0.014404568815251,-0.260769962407688,-0.367216979146783,-0.0248818134432107,-0.209394216358227,-0.0329423839756417,0.123554171986769,0.139356087874937,-0.0466430099129961,-0.0846299774917094,-0.0524467095885595,0.227445980877738,0.105254590684736,0.230519078196376,-0.0323327710203181,0.0432358043920676,-0.0841111608188391,0.265596394693372,0.332479693397045,0.155581052812827,0.314763617646574,0.18964158269762,0.113530886566783,0.196844169477131,0.145434676010569,-0.0911225436705775,0.195927420400857,0.000223205671492989,0.10083130952782,-0.35402763707276,-0.50741375059381,-0.3774244381913,0.37406481048987,0.0017135302209878,0.217130879000837,-0.181041195095755,-0.527442085179785,-0.379838103114088,-0.304302819933996,-0.588792155083385,-0.0913614679793421,0.459417398645145,0.370858941834691,0.0642812472138813,-0.0210143847938749,-0.270433095868354,-0.148172153135222,0.00172477290966752,-0.115286932203903,-0.30139317591956,-0.147832507981871,-0.0544558933498913,-0.052133197315479,-0.0447430907624849,0.0702429988577099,0.175412590970429,0.0547193574819122,-0.119735964598508,-0.0746071051038982,0.101742304869683,0.181359123058423,0.222784455327153,0.00240632713177924,0.100720440103806,-0.173427856456244,-0.05028117766478,-0.411137072802858,0.143809130883506,0.0820377966900063,0.0176444633590613,0.016592132387151,0.34181071081194,0.282304537119777,0.179248579738489,-0.3345976010704,0.0961817392788869,-0.0352257002138466,0.0370656064448483,-0.329784140352125,0.328194469104632,-0.191752423734053,-0.0468409833701908,-0.0321360593882963,0.0531599740245045,-0.0464058548079841,0.102851017663177,0.0488850585756144,-0.0819032433085605,-0.0997524914585499
-0.0809401559596669,-0.170625388011548,-0.256133797548847,-0.0826802272669269,0.52493544257543,-0.178608573478015,0.188202261506503,-0.324852454687305,0.0960006251250658,-0.357914026496143,0.274327924965547,0.13505735931537,-0.18641353809833,-0.146052981802636,0.428924886009478,-0.144285558613393,0.0994014891789331,-0.0434761880365623,-0.157174828387778,-0.210101371594076,-0.179142471098885,-0.25352989837425,-0.0743396189279832,0.229133197016949,0.0667643548724966,0.0193587954841265,-0.100804375575291,0.0743897672072112,0.143660141445027,-0.0511424897526326,-0.115230577610391,-0.289942057123529,-0.193713226343051,-0.219695230186348,-0.43321388248681,-0.230500133252887,-0.336021497386872,-0.383296561450238,-0.3101780649606,0.0811049215270845,-0.133261069282554,-0.0757815270564881,-0.0147885113271041,-0.0316255702849894,-0.0968324487839094,-0.316985597261384,-0.31866999898836,0.104931497986269,-0.223323102446613,-0.248922806599395,0.235289094286549,0.132029673044512,-0.383090779051559,-0.0923340637058633,0.00734360977779685,0.0670110298819462,-0.35431419880372,-0.120123280248292,-0.178101769455463,-0.231841829041276,-0.249000242512876,-0.256017185384108,-0.237592197642973,-0.102241658006608,-0.290082275089639,-0.274435789076897,-0.588641369585476,-0.378031310459197,-0.369785383150201,-0.252801719711007,-0.23874051163848,-0.16302065863344,0.0268663222346469,0.168098355964953,0.0109820782438317,-0.232181943916396,-0.637258027703586,0.131357680799237,0.0696898113608116,0.186788900899787,-0.104950085916003,0.050226562071324,0.255180308721872,0.393156834475546,0.16157518865644,0.0347598853115253,0.334335532175907,0.397326151784064,-0.0345025006527587,-0.486078498655749,0.0280943140818909,0.134979023000866,0.00811297983868707,-0.0285252687477212,-0.0747723858333459,0.0392247393858951,1.03292432658542,1.26659167995198,0.104217787552877,0.365134442662152,-0.109768747456204,-0.307176229531481,-0.177998299650677,-0.151662776630196,-0.120171625932157,0.238202848078609,0.0629454617603201,-0.20242756273048,0.203278486250385,0.237718453679149,-0.348174402614177,0.000653891149474568,0.0749672102548788,0.0156728112950723,0.195729249925943,0.142692241355041,-0.0121762575085966,0.145229297808521,0.2058681079519,0.346450193690578,0.176070792376053,0.287556408517714,0.189565522944915,-0.0528596267343924,0.163620151936256,-0.0300265276497018,-0.326147564058952,-0.368582794604294,0.0578339010612627,0.0582266777896744,-0.191266745458134,0.152801859213686,-0.144098799263694,-0.069319113076735,0.148199681279396,-0.0530780282203173,-0.0698399833021977,0.151965076416988,0.393193662526894,0.71095637526418,0.6659417148363,-0.134447833252022,0.0886307069530543,0.103866133859015,-0.143109868783043,-0.131641238851096,-0.0503431205892374,-0.0946324455708642,-0.19524865258149,0.0906141873158689,0.0923555433855826,0.285823889734502,-0.0152118307486863,0.254055267683565,-0.026440872319721,0.0827326916985263,0.044717447444116,0.30447739189196,0.361337057537521,-0.210826848944326,-0.292752235200766,-0.0926091160324593,-0.165315461312601,-0.470049015425145,-0.0978053175133422,0.27070553319336,0.19674127840208,0.350016080769489,-0.185214035008282,-0.0562290426745959,-0.363043993377301,-0.173896231986933,0.0903903929620952,-0.030817313101122,0.200930766940791,-0.164501390785691,-0.357075975581988,0.0898923679766337,0.42666629241691,-0.239938902865706,0.188509188853193,0.386821894292202,0.339955857744119,0.102799417285811,-0.108052460964663,0.0541926196637215,-0.113057805035026,-0.0848186847513082,-0.220093293977766,-0.165130947640826,-0.317109986094197,-0.122258285276541,-0.358214162764381,0.0438718014555005,-0.0721575609031464,-0.13441828445531,-0.14639901461732,0.314536005615851,0.118957904912588,0.168561618289701,-0.110905348463787,-0.2747302178424,0.168771579374297,0.0917348233763111,-0.184934056723472,-0.164661159637807,-0.216724143009857,-0.0238796054804107,-0.122008546936593,0.0166736124876694,0.338431690733733,-0.327212819202547,-0.244527538539961,-0.285083466671358,-0.241575921597538,-0.163703487608253,-0.163777553786505,-0.0636846032071151,-0.0159913486443617,-0.0682992268259864,-0.306801145388252,-0.115811642931199,-0.343824833682025,0.0444759518441548,-0.206125591994707,-0.0368157382897734,-0.399626569858565,-0.0716035403676205,-0.146302439872988,-0.424791532241879,-0.418667783603385,-0.101450211139317,-0.556753377384793,-0.0321066103849471,-0.00702244778584468,0.315332325825795,0.0503289079383088,-0.405776140331697,-0.309402230517207,0.0489962312771155,0.143909020795676,0.194056307440854,0.304780364535005,-0.590767362232342,-0.157714130362095,-0.194989783849975,0.361350066825671,-0.0905870447849185,-0.0889320529804076,-0.119459506044236,0.216845538320733,0.274601729338203,0.394259844293125,0.186191596689747,-0.562319250207227,0.16152365857734,-0.097787298043845,0.265516552611415,0.0318153313956931,0.101356930733949,-0.00408561113656687,0.217179146232396,NA,0.0651528824948015,0.343704260744265,-0.35883080086839,-0.232426656273004,-0.389788971037521,-0.41086257812006,-0.365009600700662,0.168799135441234,0.0219987403548132,0.589547772581506,-0.29039468063749,0.00255805676715259,0.0144510804828093,0.101859970263689,-0.0292369966678429,0.209541974792068,0.357548653471805,0.106612707578162,0.121683183465117,0.252748009916689,-0.0140043668705347,0.203294282421427,0.11733202540997,0.239895810141022,0.187973870169671,-0.0487038444506857,-0.229318064983742,-0.30740192670237,-0.122704462046194,-0.129127596574249,0.0451727314685162,-0.21798869425059,0.202472658888496,-0.482567902040395,0.0932985459764646,0.134842750493482,-0.193740392855009,-0.00748462488587139,-0.281958669327895,-0.0804191332192447,0.0293597370072931,-0.0143873804342553,-0.102393217786788,0.212463408021475,-0.0144677333413983,0.541474856110025,-0.0482166139503389,-0.245418331537413,-0.23684267375644,0.102194639557975,-0.00890003356123147,-0.000988002777290705,-0.281258781633882,-0.288124200287001,0.0935958820600763,0.0821201957603863,-0.0873140958312426,-0.176130502126267,-0.00518724696822756,0.0774610315595177,-0.243157584432802,0.0277470439325959,-0.00661991257359013,0.204052773761795,0.172933684448124,-0.0300592863063237,-0.133586300312758,-0.0397152433512558,0.0770286030963407,-0.225142218789411,0.0648858593359144,-0.067421024950049,0.1484506876036,0.123261826434304,0.118926452211137,0.10512587956755,0.063029252496582,0.0679319165070796,0.0562172303476389,-0.123867475142325,-0.0991251807774796,-0.216060334580673,0.193704285765223,0.496602237469088,-0.0371795033648175,0.130187437835772,-0.0947827227844352,0.0150299597005947,-0.126254525335666,0.336991203622659,0.212327444388972,0.187638419711024,0.0632423869973389,0.0604153245239349,-0.0412932724229314,0.15287084593291,0.011593898248761,-0.233344884355949,-0.228456721394635,0.215510554489482,0.269939676934865,0.205200272672251,0.0325756637077916,0.175089815507415,0.222671510103418,-0.128674557658729,-0.43163274752504,0.0461369360138848,0.00669006719260529,0.225624366497206,0.139372086242302
0.111499719302141,0.780621094359219,0.557657070288238,-0.0543847165352679,0.458028738415113,0.0348376322047493,0.0141949317262411,0.813762597831465,0.0950075658561932,0.199625618284498,0.137973983349737,0.0137664109863001,0.43430566496728,0.219517044573636,-0.197330397104569,0.115033769054744,0.3479130156755,0.0295023188770172,-0.195367951643944,0.559321798960692,0.515569786572186,0.288069708192022,0.0431785491372699,-0.258192870626054,0.00598460199406032,-0.190378321114162,0.0479728838568895,-0.129583095835022,-0.021193300804374,0.211740434388965,0.550458976752267,0.444438403623399,0.285686286290903,0.226027483324544,0.322456013529945,0.502013741502063,0.248296517055965,0.547093245038607,0.202086888230018,0.0244508866852137,0.407817279878332,0.080754794532284,-0.216412817565274,0.0472333427139943,0.407338060018024,0.144273008131119,0.428416647992639,0.284100278431468,0.320809597826912,0.663963410682782,-0.00549567237121573,-0.226487183883699,0.515411729385294,0.299589034291839,0.539772046529704,0.819142022373428,0.861785285467834,0.530746337194803,0.116683369600432,-0.10930074353094,0.217833049980753,0.173879802019157,-0.237276052582554,-0.132120852586106,0.369403762653413,0.353501401544267,0.116791309004725,0.381967419415426,0.295099507298743,0.399122782255887,-0.0922825267226988,-0.170077207069308,0.227799298924676,-0.356431266121578,-0.124656997573922,0.0297919337451711,0.373296761175619,-0.102926170676796,-0.26622078025832,-0.0939478101270636,0.210379216849721,-0.0588371019684026,-0.0672725430258335,-0.234955958908608,-0.406268029019166,-0.270315247735617,0.873562160994617,0.53960610153375,0.186633064747522,0.558364782131841,0.103209464562626,0.0898710719257957,0.422931412589881,-0.123705799961223,-0.0333425000632942,-0.0657368901263492,0.244322925964595,0.156910048713451,1.33500452186952,0.254672157607424,0.460955402498127,-0.0557497204499556,0.420582470816867,0.410632615642336,0.106377544114751,0.0203896959864499,-0.17653761089888,-0.00768431485727142,-0.0468913507739518,-0.0992723320916975,0.10098161109255,-0.119123553137514,0.0523904506207405,0.311062330220631,-0.0439082802338352,-0.17795689289548,-0.075759210646197,-0.178615712642657,-0.0887377679707518,-0.19481468215225,-0.0528637467406081,-0.0336177344565051,0.0293722801912595,-0.00623465017393691,0.0747625881969059,0.164929431339408,0.167203292922168,0.230018677989106,-0.0193523182518619,0.13970403191771,0.587623139983925,0.666885459392289,-0.239887436037657,0.223890511423239,-0.0512336135581054,0.48093203130358,0.598589497071681,0.163211173399331,0.631394740389845,-0.639382623417888,-0.111769273166603,-0.0264591816919522,0.159250959126376,0.230410389591306,0.0996703973377933,0.116449704646997,-0.067747820153067,0.0857537366836036,0.115894973535593,0.0623760551311077,-0.09464195551727,-0.00491502720760722,0.174768498671686,-0.0400154105118399,0.0695318821348295,-0.247242886198501,-0.0411779342774373,-0.0546118905862378,0.247807972409326,0.264861280108311,0.338089993126366,0.106442277310784,0.835123729196015,0.421335797634054,-0.162050931951359,0.857059877176726,-0.174666625184326,-0.243566624368244,0.263769165059788,-0.203438139222982,0.217610773657559,-0.106649513065117,-0.0176337213430554,0.243146024832943,0.166148560488357,0.468127830712918,0.63465269038677,0.149698300308258,-0.0645662787589048,0.376984604130477,0.0401130115489719,-0.0740589127069259,-0.264835643496893,-0.137329140197226,0.218632433860555,0.0142283587021862,-0.00551904087366618,0.203817726048919,0.503407254114268,0.525972626180134,0.0898710693196816,-0.262840439972419,0.350810569891536,0.272801026672086,0.339067339185722,0.289888634463132,0.591217975750716,0.599483381951616,-0.22950913850698,-0.107348274344105,0.46812940342131,0.0811621149972716,0.649176597702141,0.294930065451262,0.174021848723688,0.0942292515928534,-0.0425327129989349,-0.220961968334155,0.868553671672136,0.573386214397136,0.564810462205268,0.516453275627812,0.752978856579189,0.461507108443297,0.357121185530894,0.668833771106522,0.839605278263074,0.309488310861388,-0.21452009937744,-0.110290273694525,0.0152621520981087,-0.251973545912369,0.517596352862832,0.0658307562963408,0.205516303264785,0.238780826746975,0.412761941747548,0.679102127207744,0.0684398241588267,0.379654064898687,0.124113475936547,0.399012735866545,0.328375505989122,0.187747569779114,0.121339684007417,-0.387562324708628,-0.234072177979587,0.342005182535794,0.404896183149263,-0.196584555653616,-0.33473158782819,-0.463493029331524,-0.286851099802743,0.396712046532573,-0.00152686649239159,0.342866176696619,-0.177540443925688,-0.189564092872913,-0.161001951376278,-0.334325711404224,1.02511829010745,1.05296236248385,0.456833393349442,0.494585035315834,0.467501979336077,0.680692571160694,0.213203837598772,0.680543637022884,-0.0354693133839364,-0.409144692565835,-0.219527722438416,0.123575852874687,0.0651528824948015,NA,0.555112623462046,0.108034519108617,0.556232315537291,0.309572276180203,0.31148616687637,0.41743118892693,-0.0223528081554916,-0.0571323886911749,-0.087258652201903,-0.057561199608205,-0.0925075104885109,-0.0616245042962762,-0.270383891176232,0.0128061543688569,-0.108781824223533,-0.159915390461291,-0.174131528684494,0.0261275207290135,-0.374016373444504,-0.286546054713344,-0.0326433693261695,0.0586073211552206,-0.105574185432585,0.0785829774501524,-0.151050623692402,0.182095704871991,0.0989062893097656,0.191551599946548,0.293950896308743,0.227209905051847,0.128188839699638,0.149493425536144,0.229608036715599,0.754497068824521,0.489043395754033,0.0489479295711183,-0.154875338837044,0.0631716705365165,0.0163621329344063,0.0699957948916794,-0.371845593017292,-0.0503999141296185,0.586740068762607,0.430553472577637,0.200658555212165,0.413846883903492,0.303437687977939,0.109332060459812,0.0145523001027691,0.312894353751372,-0.140343247495423,0.0681900687756395,0.0140542415968353,0.037508037170524,-0.149150764163222,-0.259572106543583,-0.246662554507709,-0.0702787019165561,0.0956648669221911,-0.137771291381452,-0.0699716117864581,-0.155858376183286,-0.152901375558974,-0.424325820667876,0.315135794210994,0.102080909071374,-0.0302525183037794,0.0445006891331877,-0.0988731517152083,-0.290822390656134,-0.280287343392436,-0.372174736608543,-0.335155797878984,-0.342723744231941,-0.241538575192879,-0.29666065242209,-0.216459016850579,0.439608329339236,0.240791608322396,-0.22255133384009,0.0689941827382101,-0.140364158571394,-0.452611081130931,-0.0614413745134454,-0.174709795988498,-0.142073016471858,-0.348239922409435,-0.259516484540602,-0.141684141807504,-0.0511822417859007,0.492904512280287,0.50124468321391,0.447673712898549,0.409970386676245,-0.255714960918328,-0.242056786562853,0.532045083389562,0.00841363201328048,-0.0272721414303372,-0.132282926214032,-0.249400980766265,-0.194286314765416,-0.224930584075964,-0.0737951101552526,0.329846771246461,0.283625196363299,0.223393138435772,0.00642514466084768,-0.387769756681104,-0.0120115958427317
-0.152532543973319,0.431617907235011,0.219641730867437,-0.342758561474967,0.70580166365542,-0.291603443884053,-0.21491741839674,0.230766592936491,-0.0925783641203461,-0.0882811425526378,0.248250116515964,-0.278726364947666,0.309030039430231,0.240954485754067,0.218198297300931,0.154555855207923,0.265834405812424,0.0988964686047118,-0.430494656060726,0.309172181935505,0.00272048500662298,0.112508528099504,-0.0619841060015917,-0.104445807374982,-0.179632337850932,-0.507853562394296,-0.122880038831746,-0.179001887013453,-0.0825923052915565,0.147818388064871,0.2924065490625,0.137560940401339,0.205297283550019,-0.0118428805776668,0.170647755168425,0.224522213061319,-0.0420065989249112,0.293128157868063,0.0179807664116305,0.157656626789152,0.211198541892085,-0.128989012067761,-0.197213240494417,-0.109618886079832,0.368596820990496,-0.269377466784537,-0.0292462499307486,0.161505709521135,0.0449793128487999,0.352409294540491,0.128562966578232,-0.0671827131554999,0.0665345066553169,0.393337114478781,0.375309652371315,0.703133541953783,0.21165495024442,0.629362327001379,-0.0659720179943372,0.0332924115368243,0.00747877005436671,-0.211573148177033,-0.448300500663321,-0.130617217947031,0.122153706178575,0.15282541480443,-0.0580148542558106,0.0562105514683197,0.180309991230357,-0.0235134426503709,-0.0600236174034262,-0.106016527442426,0.056815299058326,-0.150354609493499,-0.156363395920905,-0.0629313593851821,-0.047240433973985,-0.135285965884242,-0.327677974073423,-0.0996366318860235,0.294850317273389,-0.000944603650631537,0.144623227080839,-0.0355483849637059,-0.166206453203066,-0.163262072030429,0.720806050826549,0.445109838240278,-0.165850456609132,0.215998254095822,0.130845538499381,0.0861854819435325,-0.00505645190561375,-0.15991287828487,-0.0936219483360226,-0.0963036157600355,0.638507818661593,0.438467622411666,0.515851010628307,0.342776984993277,0.175227975650707,-0.277539891372137,0.0936714103724014,0.328601341438548,0.0785086079696077,0.182322162869707,-0.160428314592271,-0.328123569982268,-0.0845448076545763,0.132929864836324,-0.0315265811639221,-0.00681621677315099,-0.155679641726205,0.00041413378940048,0.169136146148437,-0.0617114885144439,-0.0819418156546226,-0.0336535108001842,0.00570774164655357,0.0308960874921304,0.0325353069739523,0.0605071194885268,0.00192076012266362,-0.0829956569861495,0.199998289091816,-0.129489285743171,0.00465513823910652,-0.162720544409778,0.00655434167058686,0.250743040132676,0.278090071628188,0.363304801350453,-0.171158538551804,0.214835724670402,0.0624507481228299,0.265735517895755,0.331404588791155,0.264275873725379,0.579849002737176,0.0585405517244708,0.212940503199844,0.0410377324202475,0.265708285774232,0.265489117007827,-0.107331412950734,-0.128282051281227,-0.121689878782708,-0.015086015319597,-0.152015462486919,-0.0823580319736968,-0.0219243133920039,-0.0534638958589235,-0.0099179746657479,0.00171519683330328,0.0638127339482416,-0.264040028644939,-0.147123420082288,-0.0822318370436573,0.146257339395019,0.077825455646619,0.183403442236708,-0.0489011801508861,0.508951879109236,-0.131518387255959,-0.316567452088965,0.572100978959437,-0.191441850221877,0.0865326080959226,0.199748797435077,-0.055710795428569,-0.0791060157742554,-0.0657034975193481,-0.193678874762262,0.355394391209801,0.244218281886067,0.202155844212659,0.201371864983388,0.171573270568094,0.161072763286526,-0.0244757626072769,0.133358374298115,-0.0268402126637404,-0.163899949409015,-0.192515918564414,-0.0243773473330841,-0.260019722497903,-0.204521154318373,-0.0855312651422692,0.172024958005791,0.228696505315515,0.0913179558009807,-0.207517076245088,0.229436422250854,0.0974849102277515,0.272646893546875,0.1472132826743,0.301885037406274,0.830661469628566,0.0369036621345504,0.0040325360985534,0.369055948275024,-0.177004618512256,0.499488040846785,0.123499202896077,0.143683689830219,-0.149082683535621,-0.107328062213635,-0.0321501248452517,0.447028591909062,0.411254911567839,0.687433464447296,0.018693150095377,0.158081627749539,0.179801089413798,0.244542064501211,0.442564399586423,0.504847967240189,0.259806903884678,-0.165912894840267,-0.206107538880826,-0.239514668809312,-0.350176103106578,0.25852664196315,0.12011437046804,-0.125249442632326,0.171549538141624,0.0639400559888582,0.474804983395783,-0.0130174663849378,0.148957736427395,-0.239170236759097,0.0552667415121381,-0.0660914889573041,0.0430852492529415,0.0375912445690602,0.0375138227387521,-0.0810542700131352,0.0614429305628372,0.070811252555976,-0.235862329514155,-0.11886523516468,-0.131756661218954,-0.0687773290490511,-0.126401433450128,0.16881073915771,0.138742866879882,-0.0171536030482952,-0.246012472765046,-0.142509702895824,-0.278714850957662,0.690609431764081,0.704609429570888,0.486286500516719,0.240406955167086,0.178881251993339,0.435180885000506,0.217155991421374,0.576355356095376,0.103814728950887,-0.229272776642094,-0.0550600564026967,0.23731045845377,0.343704260744264,0.555112623462046,NA,0.063430604451976,0.232282483626887,-0.000534528023029126,-0.0960108566234089,0.275811997005434,0.078385124513606,-0.0347914730839912,0.326973230830721,-0.114984877890558,0.0256622488372526,-0.244706939058689,-0.146409124319857,-0.0585352746583672,0.193057559167892,-0.131052976741788,0.110124086787503,0.210698094203787,-0.0835437821751858,-0.15899871479956,-0.0562261871468545,-0.0367530493074463,0.034902885957944,0.242011848756645,-0.244682527654174,0.122391036724545,-0.243323830783302,-0.000968272367371217,0.0772618940525351,0.239071879662819,0.168182589263916,0.195984328860355,-0.0705305463532142,0.346634396447877,0.437867330452805,-0.058217457254616,-0.335451406525935,0.0985981501682656,0.0895746510102428,0.13086176795828,-0.311855649345049,0.0834223660425501,0.467898469613028,0.216318379730279,0.19163009003483,0.0385468793149579,-0.0419003422533134,0.115039842472409,0.274975933872674,0.320828470256348,-0.0424879153774012,-0.309290978431458,-0.417199798872577,-0.0653471087605299,0.109870585830761,-0.226252204924546,-0.351092528957556,0.0226939122637142,0.0353016040129092,-0.328774296803835,-0.105765934195937,-0.292743297152201,0.0301531005105809,-0.169183886045453,0.36080937016182,0.0280403717049383,-0.0454764823356919,0.0931521405621429,0.104327315631214,-0.218599671515938,-0.340095271857731,-0.161655296769543,-0.0782864595414907,-0.0880175391880858,-0.146207638710221,0.0338036805186105,-0.188289383800915,0.327542499198263,0.199889965455398,0.0345896019778214,-0.207521193927901,0.0146101828984601,-0.13930484310624,-0.11711599036153,0.0924134159976965,-0.0811967484493207,-0.110645970266466,-0.214431543745148,-0.0230740292305316,-0.0375803698027526,0.514876736609606,0.270223164012114,0.378112643606917,0.17891179130682,0.123578675854327,-0.226317203223708,0.24525213455477,-0.0567158579961592,0.19079761460449,0.0534825261977742,0.00827375494773581,0.154488019727869,-0.0926692667499886,0.0460614722350235,0.310038495797704,-0.0166164565793278,0.263286950750519,0.293740677769725,-0.150523345666406,0.00777872998536893
0.0652077615687721,0.0664551565315648,0.0185661751120838,-0.159357556668283,-0.204158525954124,0.428965042982757,-0.433234769031583,0.107838076613863,0.0320337926617066,-0.0187579610045741,-0.00831262146784193,-0.191799823371018,-0.00011586132060791,-0.13216825435127,-0.109075390691,-0.00450418398889299,-0.0571053283528917,-0.01257362011416,-0.0880708798170773,-0.0361362344006,0.200861432585618,0.029140310772753,-0.246460399088173,-0.104647905005852,0.0513872307218589,-0.176577284365931,0.0017698049605389,-0.143257444750586,-0.376853643319933,0.332812474730716,-0.0422370249414045,0.0802874265778641,0.0318970637628432,-0.0382770274589431,0.197421130666332,0.0961321011688758,0.0356454638994429,0.149197225790276,-0.0643826083522521,-0.298619869886857,-0.122247762382022,0.171359285350469,0.129712905673787,0.0262020779828489,-0.136992997249162,-0.0288242318660083,-0.0489407790563562,-0.109842048226092,0.198831229255045,0.104543645063638,-0.0444665633143026,0.241487511125773,0.363731518831099,0.0846140197834125,0.297847476003316,-0.00743325116061901,0.320984130138854,0.192842159649965,-0.173783533605175,0.137174208355759,0.176938906848122,0.443801284144845,0.186569833972883,-0.034016388280228,0.0306854304433049,0.260299784962395,0.364749059749816,0.283691790034967,0.0209270702463448,0.0727204651700984,0.366248364187481,0.147655995263282,0.0622706734917638,-0.147490151670524,-0.0283948507874093,0.31621152935117,0.248716319950263,-0.0602826895799152,-0.221032593262009,-0.028189019233865,0.320145227412795,0.0762825459896283,-0.0547346510385591,-0.0308272152898239,-0.155884434803174,-0.105789342092066,-0.0449153054061069,-0.136871361355412,-0.108047146593067,0.165522881987994,0.430164549459027,0.455268878818043,0.136671289683512,0.434352486907444,0.216446037894284,0.171131122495103,-0.22683634540244,-0.280953404091141,-0.0337208596022222,0.243001067146271,0.237702473809982,0.0452359983720818,0.206734241241814,0.00730981626381491,0.318986067770143,-0.148137166437254,-0.111145407119365,-0.0320519538168043,-0.142103992117504,-0.0852062330488196,0.100962286753192,0.061010594239363,0.158072590755624,0.329091309498706,0.257173271010557,-0.129437857256375,-0.180370052185748,-0.138295918581478,-0.270845991961902,-0.342677176135597,0.121709593357768,0.00439409658535432,-0.0124276381149829,0.370350467917552,-0.122565386939264,0.0711788418046478,0.337833351596221,0.275318162994019,0.270955756320217,-0.0306414558369248,0.113089680314134,-0.054922161326015,0.133334778462586,0.478388057641703,0.219441636132755,0.0373096520610759,0.0203056900971363,0.141944097188651,-0.050486857210407,-0.200181114864885,-0.0205653361536752,-0.115823223738124,0.132514617839406,0.0888003985951024,0.0272183221358447,0.0384244069493847,0.0115949910081414,0.246884618851234,0.104550956420356,-0.131711563720074,0.0621010305721337,-0.250887301532815,0.0727944433827298,-0.468510010979271,0.102464674755288,-0.0054819283521152,0.0647638111649578,-0.25290480432463,0.213156409086575,0.312554265142029,0.267848359920047,0.276833305800788,0.071045072911967,0.171476225714509,0.0191473451586581,-0.102140287681474,0.106069622498934,-0.120148250902539,0.218889337867943,0.522605263462523,-0.092331288185789,0.141447430912632,0.0179484063640463,0.10722448066802,-0.0436497604130793,-0.0514360105583746,0.0536889130305265,0.00117588633067871,0.0350731394100969,0.235551614711585,-0.016934699738094,-0.145316875565715,-0.0721116585656628,-0.192408560480513,-0.139766768933732,-0.185265020375995,-0.0182293944936696,0.234704518232901,0.829007946892129,-0.0533076195392441,-0.0143547421660909,-0.202783351724447,0.165827588532758,-0.0399652932331486,0.0410677057163463,-0.0149917825684998,0.0650755515050171,-0.17248133960167,0.294145645926253,0.0730961377234981,-0.0059584710186897,0.0305053628099669,-0.363035899434761,-0.155690300546341,-0.269324417197064,-0.116854832212573,0.0611656449146767,0.100270686481051,0.176647553701782,-0.131986583372818,0.126752886062293,0.279046533800344,0.147846207384736,0.169982957841081,-0.0406443886115469,0.0904697055024227,0.126765122817536,-0.0162033682603392,0.382186797603317,0.471996701792751,0.520064502060871,0.460904801557424,0.319936528075852,-0.219870183828221,0.43558752375947,-0.170015042784877,0.206793550486008,0.330125044817614,0.421125174968068,0.3848824183221,0.393844069259475,-0.102873650947406,0.300997029825418,0.240746029270417,0.0398737644677949,-0.00331786003317012,0.0997544709942308,0.0650213148804896,0.0664584856355476,0.108871473311537,0.0594812337143715,-0.028172049969971,-0.055837136703633,0.391288041495832,0.11762377468235,0.0518245816409852,-0.0901819587344176,-0.0322460995173071,0.212985148482691,0.0640602142066145,0.0155687942076038,0.14841838726429,0.415335760701658,0.224764465803876,0.150285967596934,0.0143562483550466,0.629726818579428,0.372885694500525,0.363236428841788,0.0565202384887357,0.234765377545004,0.428588993485704,-0.35883080086839,0.108034519108617,0.063430604451976,NA,0.6065647429924,0.190022939974866,0.185865414395219,0.118718668248297,0.0254953016867094,0.418238673061073,0.155928610863817,0.0736274234819324,0.129745550458279,0.274605234831339,0.0146863754290548,0.103645619204856,-0.258174964134392,-0.0319387200244032,-0.177596353517871,-0.027467832867208,-0.1266858910595,0.0738896279116885,0.0174835757145667,0.0222836644046725,-0.129773001870702,-0.0689296992137707,0.348140058733964,0.203754557264561,0.326025965896175,0.243337347186622,0.110352284318505,-0.071423842227326,0.0776497428439884,-0.196087781309497,0.377273587351385,0.00951082966880312,0.122786560240459,0.157701453548963,-0.202896980781778,0.0526246894970251,0.214906653434323,0.451061865516006,-0.0868742378908823,0.17933783497081,0.0368717016585483,0.128472644935123,-0.112964766905192,0.0941462665997547,0.228113043099492,0.0689373702642964,-0.0598658995757273,0.00621165266583295,0.0699762365661486,0.198620433766347,0.0946513732956305,-0.104084461408556,0.152041076702724,0.0482764465977559,0.271265818086379,-0.0141647648757683,0.0395342178953217,0.097782245786432,-0.0671148962119988,0.159226039492228,0.266241510948642,0.100339410473295,0.367718263871898,0.113103954516171,0.070282434329563,0.0647235294013212,0.117966144851303,-0.27823008250138,-0.313506698633343,-0.290565097189195,-0.34512776134496,-0.44309601414998,-0.446097609081722,-0.0183655450270124,-0.025399359160483,-0.0478249142598214,0.0269625728896518,0.00163896853133076,-0.0215689363689551,-0.270685305033896,-0.203723988270127,0.0132313861313027,0.34926217908271,0.213850449505002,0.278562344690376,0.102971761760968,-0.200507812136877,0.0665916619635899,-0.000812202289434112,0.0326713300512536,0.169951404261533,0.166414536203372,0.320183575068833,-0.0725816061435307,0.20881005158189,0.0582247927779336,0.130770020167232,-0.140659317085952,0.108743240590574,-0.231919918242141,-0.208543884557451,-0.247378581753247,0.156684367006566,0.0833830852296613,0.0301937055088795,-0.142549190643832,-0.263075754782974,-0.239532829683379
0.13439432903928,0.263798918260302,0.126949838784748,-0.241964561821682,0.107122695741486,0.0755848474252619,-0.175175790410196,0.480288170917211,-0.145285655594865,0.281082445884961,0.151327548075572,-0.0996781444339329,0.413516102815371,0.0918624500867838,-0.168180691692304,-0.124903716491438,0.150901162115276,0.22414760528159,-0.0204358627827677,0.212346977390651,0.305205091313123,0.156807818124769,-0.340760434743009,-0.497287848221629,-0.213920534112439,-0.177299907926757,0.0763005805977617,-0.0548965252783479,-0.151911307831018,0.145248491656278,0.0883172495997977,0.0999286005822485,-0.0433643313092635,0.0522394231071867,0.227524635252683,0.0917665293743381,0.0361258661845358,0.27769154888695,-0.00373827587559604,0.0261765172778858,0.0862033357258632,0.152930860958762,-0.232665791142121,-0.204768404923285,0.103691204771664,-0.0495426653897493,0.0873283160119098,0.207340105172662,0.275134757682867,0.279057012572267,-0.302577046658471,-0.304115139006391,0.321065036907712,0.0819489237344282,0.241842416655715,0.320291707469035,0.589025756357555,0.334888134754416,-0.0381698150680015,0.0462026527552396,0.254322703781644,0.564142957865448,0.0243587908546196,0.0692393998211684,0.209055393108895,0.236698133629685,0.281553476499623,0.222854586282037,0.183014729384186,0.267925604231072,0.337549371112632,0.133353077403008,0.228920001533239,-0.382103715318327,-0.141141378639934,0.396696368957745,0.311978116434918,-0.312886362424102,-0.191417579969068,-0.126542890082555,0.382433247082931,0.158884988821597,0.00661154325743512,0.0423835671315611,-0.172297118711042,-0.252673696558391,0.226889443446494,0.0562215742115653,0.249364690818407,0.259591507590731,0.235117973579517,0.175794729807695,0.361587580365375,-0.0911001355885077,-0.00187575383335746,-0.288454646565557,-0.0374403070048411,-0.0570126894294929,0.404283703105247,0.0416099255366311,0.35628535252077,0.183980263535373,0.433344032679805,0.231674787550087,-0.0010546670199815,-0.210396234814034,-0.3885926011585,-0.277758590005728,-0.247219638445241,-0.275948496250757,0.260879783491699,-0.164270778784033,-0.135901677176468,0.111373696450793,-0.117592021076073,-0.0843132139026895,-0.11376209981637,-0.0863422966049213,-0.230203338140247,-0.302499717660332,-0.209026950270922,-0.327327552240725,-0.127235966395339,0.043908867170637,-0.0423360752238447,0.110481735010779,0.478592489620941,0.0306855013732044,0.399237736279107,0.311638158171321,0.351608953188006,0.175789248256525,-0.0686279913988167,0.453279080705782,0.222903050302843,0.259091041061141,0.315661060816578,0.146944451697154,0.2256661689955,-0.464048810868135,-0.162700115107095,0.089696538563829,0.487907410795948,0.351999079259219,-0.0760611829607953,-0.00207903411076785,-0.168764729768694,-0.0317182056823386,-0.0267076890558934,-0.124693467931434,-0.15787121819647,-0.10603049354714,0.195486673392691,-0.319954526595118,0.0639710664540151,-0.336580742620949,-0.344612116194797,-0.278014626286313,0.425455046174201,0.240946790351444,0.308436192292027,0.274171057190422,0.31987506547607,0.198175404003759,-0.203299879791633,0.215122450038729,-0.0574612926364125,-0.258919339528096,0.324548606120801,-0.106511462883331,0.298791313142021,0.22573576786963,0.126595605230616,0.371428756645655,0.00752376715319054,0.191789788853578,0.319169974766381,0.310731592422368,-0.0965791911923157,0.339262023471426,-0.0237762676799211,-0.32080340896482,-0.137663123477819,-0.172010879977177,-0.0103285078455038,-0.0904965167343976,0.0954305653879475,0.14208911628467,0.783014131040004,0.023798532585161,-0.0753656236998605,-0.114363244271078,0.212176281880059,0.00213561290381788,-0.0054952228030577,0.142781300952597,0.153404069349484,0.118366959413136,0.0108858171447636,-0.29204130017259,0.0806523341283245,-0.0124687149834486,0.0306332804286442,0.0658351770364321,-0.063759200853508,0.0336740969744246,0.148565243815356,-0.100875546926692,0.543748522707522,0.145195225566933,0.201402720254436,0.247062146024315,0.310658092872823,0.176768503371172,0.408417837651205,0.241088583026574,0.256812149861281,-0.00570533777479393,0.284072308098597,0.0942404377941157,0.855788410904256,0.201965700549949,0.41398782572845,-0.123306324115779,0.122805683650198,-0.0535891940830431,0.238494105608321,0.629674721146194,0.654796375781102,0.341923644414076,0.411137632142428,0.0813586335204134,0.214898653017836,0.198616455748737,0.0394677948324981,-0.2467525878639,-0.104672888485314,0.38221664745744,0.309865925557749,-0.177233062328223,-0.158469031689826,-0.277158061253295,-0.186797608778146,0.355442693817017,0.228329012195102,0.343828233480519,-0.0993594623399351,0.138600120923575,0.245159173600454,0.133590936641003,0.36148662484991,0.311497273572645,0.428385090064888,0.456658690414446,0.203374093203353,0.212337112799334,0.606971737899713,0.458572646752902,0.04918111708605,-0.363038767862166,-0.135405425932213,0.455961308437944,-0.232426656273004,0.556232315537291,0.232282483626887,0.6065647429924,NA,0.136742116171456,0.320370206087091,0.27283168286756,0.13235822911538,0.238688405856211,-0.0104811848562555,0.190610162035658,0.29504199364457,0.355803427661057,-0.372213946191515,-0.0607861046036233,-0.0752293071189019,-0.230062406489781,0.00843216167464438,-0.0442414005578376,-0.220743677207734,-0.198133276070931,-0.107004956197273,0.128488289706738,-0.100289930547346,-0.0625563045768426,-0.0600382361373287,0.487408570995399,0.115640834008008,0.560993046401077,0.351359570957254,0.28013667093354,0.14608054833792,0.0451859890650183,0.463676975019856,0.306046870677152,0.403919850759219,0.146759507727654,-0.0518643294341265,0.176309423340279,0.236887633351283,0.196859388181146,-0.189563400014711,0.360766970115234,0.213634413953326,0.211581385677868,0.0172690297184107,0.224877431468273,0.36701889350343,0.205486617772672,0.126079319018488,0.11818915787706,-0.0986654285038329,0.0434497379822586,-0.0304792516109927,0.0118704300138406,-0.133574366422802,-0.274139574028645,0.033789693951804,0.0280666019747821,-0.0870862974481557,0.0963454753101604,-0.229837878695139,-0.133526285827087,-0.048981335083648,-0.104121087142964,0.197179572424904,0.0179298077383833,0.282490091119539,0.106179540461293,0.344154389875066,-0.217148244732355,-0.370298183229965,-0.355754378112866,-0.252214363738881,-0.465800428976595,-0.407879541896414,-0.175330223732455,-0.255666013109656,0.423057611907494,0.452648870181315,-0.122124352218471,0.163299454504435,-0.188183354701066,-0.425063452914622,-0.0177715747184086,-0.113837600992229,-0.219003977156653,-0.257648069918921,-0.239881891505452,-0.193226787760809,-0.0387217111412556,0.269496261491233,0.234092662561555,0.254377331424936,0.132623074584088,-0.214748750301897,-0.394575860296734,0.188310212526267,-0.00374466897994197,0.255804309545131,-0.288511695911631,0.00648488360070853,-0.331818656253784,-0.146376452100111,-0.108007464440583,0.188229849910658,0.204086864458317,-0.0170806544935591,-0.355459631910581,-0.37840171780603,-0.0444998324301725
0.0757736347369128,0.211802755203405,0.815344662934722,0.00550901180766468,-0.0603201763159112,0.236097300191746,0.0101715788388678,0.448358639095262,0.575095589967725,0.411774984728036,0.142572959618611,-0.184021244781777,0.315462271724188,0.416371809395941,-0.0279491700504977,0.517065097142082,0.407369575102217,-0.100571963276072,-0.0291298240138396,0.441373235921651,0.183685275436219,0.329360248732407,0.309388679800526,0.0636998658437648,0.158461424576536,-0.109597113826359,0.103840472946544,-0.0993007310465341,-0.367895968214654,0.188238432109741,0.435795971338589,0.309801475051891,0.293995828870904,0.306443495842868,0.394577914476333,0.336709016866194,0.247783941674106,0.306440878806434,0.0299571786932383,-0.0486954240827132,0.134754438577115,0.307403823644955,0.382083364533953,0.297743055244855,0.27318161328469,0.517854258627373,0.379741478061601,-0.164755693185124,0.433650691751044,0.20171869024577,0.161041769173752,-0.00409929946482483,0.834280575742906,0.0137250211352336,0.167111112129785,0.0587032238056523,0.462061148882895,0.239998769070703,0.158170691539845,0.0992411768954254,0.0927697118546651,0.153028277543982,0.0989945782205622,0.239334293855814,0.291052700564837,0.60492506450341,0.296101832158066,0.653489302911094,0.378048215426388,0.463737298539678,0.231282390893591,-0.129177062406327,0.339751839676925,-0.0231248091451687,0.183062548307876,-0.0229128402930813,0.559278620880234,0.343095275483842,0.0325016176304512,-0.0688759188578911,0.329197082216826,0.200925364102108,-0.0966392679102066,-0.122810663836995,-0.058904032493906,0.230271754381077,-0.01123447669745,0.146140549709586,-0.154659103459539,0.411053678070331,0.123536772345309,0.0392084898278,0.052964550173914,0.251548862423761,0.239580143760113,0.204068803245608,-0.341638354282596,-0.203406456558843,0.194798817911199,0.0940779309150265,0.770877430115356,0.370844327837353,0.437026092026138,0.398596833905351,0.276517293128305,0.161895474900896,0.186865640253111,0.153282837224913,0.187730621535425,0.0356495622188579,0.385143095951465,0.289981263004895,0.260307338181953,0.192902299454448,-0.23252662608744,-0.310700685828332,-0.159744194762029,-0.163351530918081,0.136012007636904,-0.0247449488557964,0.019149193943019,0.237337197003346,0.172075945988634,0.0591302365097317,-0.152133888794545,-0.00417454293712366,0.255682254441312,0.22995007064019,0.0739302172013823,-0.131480080464695,0.283543717739878,0.251215064636814,0.0443990260783451,0.210362668385763,-0.10860253976294,0.191532843436453,0.230004681991083,0.107602081309581,0.0139447712455954,-0.371991119259838,-0.109429391813897,-0.0571567518651118,-0.172667660588698,-0.0537911383190217,0.331425810108549,0.307218459567864,0.0641395956861597,0.436790228096154,0.191770296505908,0.129846252425418,0.262071229546862,-0.306964383207857,0.126048211279673,0.118895008654014,0.197572338367192,0.222099657498014,0.320817457727978,-0.0869438500977798,-0.257863146193892,0.553384223801267,0.271178448006382,-0.0706618746602981,0.231171642268875,1.13276376325009,-0.109230396461964,0.173483238943803,-0.220158047531903,-0.125407058161731,0.0577680175544553,0.0157480370938731,0.506739431965929,-0.0138035918406851,-0.460092929826904,0.0623809501686733,0.261730189862878,0.522828694593525,0.640856466050153,-0.185402824248964,0.0839280435216025,0.184964150315622,-0.0155908962197123,-0.21424389169211,-0.346571688884298,-0.509445331021154,0.180012239920923,-0.0805875174658267,0.1375949414508,0.140782428785392,0.191312835022658,0.399114121125462,0.275314468386948,0.12814833549891,0.430107232662946,0.125634390054911,0.139039283744315,0.301786828473617,0.658775715450496,0.0486058409414549,-0.0852894866094733,-0.00505493854662977,0.540408269691868,0.519562882285166,0.0399542967237418,0.0681537655875016,0.236678456279594,0.178431751300085,0.0293282880001625,-0.0524311204593004,0.343586487885205,0.324324584138669,0.0165928110499858,0.669108759844865,0.246321300718217,0.315980310330493,0.0242964842453127,0.434754458674877,0.367457369029876,0.12826473471959,-0.132996263367226,-0.0174634249471773,-0.0797762587519323,-0.0317645725263928,0.554371042229826,0.0248176559358551,0.265417805277643,0.0519025211864723,0.599390696705082,0.329287879089475,0.115869287852551,0.666740401295101,0.23757130550873,0.0281378422950977,0.446045575060359,0.229656885597552,0.20710771824224,-0.226147546166168,-0.0769254027032192,0.468298442477518,0.215384769202029,-0.0596551239315035,-0.113028246190311,-0.136178303547712,-0.556934670530728,0.619823442324186,0.209928748790903,0.46042136863961,-0.375346994421796,-0.036952234102333,-0.141735560073938,-0.217444841486353,0.156660271784058,0.217110134349162,0.052990024372248,-0.0910264902620678,0.461697539759837,0.236332781635858,-0.0146861124558695,0.135584141178318,0.0436060764886404,-0.0184725915896218,0.130791140998167,0.034092101919748,-0.389788971037521,0.309572276180203,-0.000534528023029126,0.190022939974866,0.136742116171456,NA,0.802288704162264,0.456316933811019,0.22170401286317,-0.183423266892056,-0.236616068548109,0.345707216226714,0.0455827404196237,-0.00722549090898405,-0.038605113357186,0.0751643931499991,-0.169665071305538,-0.348602370732007,-0.0752592365118165,0.269633620184075,-0.476275837773178,-0.0786645167342234,-0.235306546012102,-0.0951273113229298,-0.218603490005981,-0.229810990261678,0.105020492973334,0.133018853427334,0.24495541383341,0.0938032959603061,0.12232513073127,0.0872081587461946,0.155964067354177,-0.138918047716027,0.440372860061571,0.145736116000802,0.0715648703766088,0.523828744201756,-0.0508283373820276,0.163442261887502,0.509624558122834,0.13150634348916,0.00168036927543637,-0.256122688287847,0.235491168523356,0.140954430166299,-0.269533299838528,0.00241972493139718,0.100581878091258,0.285142046571363,-0.30225953201774,0.210869393246346,-0.200695679549559,-0.157075837611769,-0.133211773769338,-0.0987083804035844,-0.0580946874724114,0.0477530394319854,-0.0945423165077306,-0.0595704714450195,0.12655244046967,-0.262919806803827,0.0451278148494939,-0.259945479205692,-0.0749087227620672,-0.157997013662167,0.0612773941672188,0.307673922261774,-0.102049723870523,-0.204945152196598,-0.0422692165312373,-0.314908858713817,-0.139143524314182,-0.137032977569583,-0.0131473444052704,-0.0524752793098181,-0.100062403215026,-0.0408198189648684,0.208501172442339,0.144383394498471,0.231494550886184,0.094313945798234,0.264775750197491,-0.0601263409096704,-0.182570136941911,-0.00232744656297401,0.111920806116341,0.314494620659869,-0.00416602834265843,0.211233442506149,-0.252596112484484,-0.215333765091986,0.0123395794702894,0.0184752712864834,0.239914862986119,0.454802189985044,-0.198637278951403,0.135646988840735,0.291864833569467,0.137612104793738,-0.230945573273303,-0.10816149932109,-0.309676446220882,-0.0482869134408676,-0.237433207174328,-0.324431904955229,-0.062853121994872,0.280969721863335,0.274699151158848,0.249620239729362,-0.264497839619653,0.13917638877506
-0.0868283046968185,0.317517214109981,0.640273089442137,-0.0514032576435521,-0.0139096847592532,0.120673766184115,0.00437091475031076,0.612309614604724,0.105707130005902,0.480715663975283,0.067363669466432,-0.234878748241839,0.342566088943947,0.298683137402121,-0.0512146015762758,0.327020096163311,0.420485009834245,-0.193805829454607,-0.128284545534535,0.375162724756017,0.351284768196081,0.403707468357975,0.205840261038066,-0.202390764076467,0.0540748006566793,-0.338369430427568,0.189135370695944,-0.0920554356304759,-0.421986137092154,0.352618968831768,0.438622008303725,0.30614431281101,0.22955617331843,0.605925261452481,0.551772435449991,0.416409312906092,0.322293670231055,0.472480448434369,0.260998490906114,0.0391656797047905,0.280641838033789,0.484834007238503,0.213084538497915,0.0320463672504556,0.273385879332764,0.407293065875709,0.455246071431536,0.126115821108526,0.64957525350154,0.290748385287279,-0.0385923763237525,-0.0739172471546297,0.405782910769944,0.187872544484141,0.243537743437376,0.230339090475402,0.61020583082099,0.387998924536574,0.112435419676146,0.222874165259986,0.150002594246677,0.195536848364142,0.304487225813166,0.312360744803817,0.290632551217145,0.354080615673616,0.161652414441313,0.464368863265551,0.457919837940637,0.337659779086094,0.174326307977994,0.0844305073176108,0.359052946890219,-0.225100912397862,-0.0160482675378471,0.301173512734607,0.649963415089771,0.0542012711630168,-0.117202935814673,-0.304188565909226,0.370312902337962,0.372333818457964,-0.111585256651596,-0.0403516813352727,-0.203254292592218,-0.0947887445482968,0.110700431316942,0.0106956096129549,-0.047813292019261,0.525860330859048,0.185514191412065,-0.0385455784664529,0.131402231754532,-0.125726058821671,-0.071743746397223,-0.0763051805763613,-0.348218995966474,-0.235264473034958,0.165406747855987,-0.142790595474184,0.481617887105958,0.564575857821292,0.558785071766067,0.608462403191268,0.238338219049787,0.168000635261366,-0.0583261499063686,0.180462932790356,0.0251140466484983,-0.0917386317438038,0.594404841312445,0.312991054985164,-0.00265074253369217,0.0795544012042265,-0.373811126435882,-0.418463155556642,-0.269992013785718,-0.26556062081721,-0.16607972739489,-0.272920045413714,-0.23077127138299,-0.0296849119593737,-0.0321699533935607,-0.0496449017670306,-0.376347822260612,0.102011366707708,0.28061612082382,0.318810928384454,0.325195739696041,-0.0655534021283598,0.358268594941335,0.397278754382286,-0.00685165020456184,0.243023673964477,-0.0161080199912738,0.0950898775394721,0.357323003156861,0.298740068200952,0.112340911978782,-0.551718235524988,-0.164464446452264,-0.0550712180416551,-0.0742831385327587,-0.217747712719804,0.14613735351249,0.129482787748224,-0.000292595275015107,0.116976928392466,0.138136552057777,-0.0713442546662935,-0.0957488604350979,-0.397176438986864,0.358765913980359,-0.2905976106577,0.257096906752488,-0.197860305643725,0.0190718694866003,-0.19350685497085,-0.0109057797591851,0.59200597603984,0.205762893678323,-0.194377598623457,0.386805632022792,0.687413848405074,-0.242768998789766,0.18342955980635,-0.0428229290515412,-0.136022230854386,0.230885065372192,-0.30948896156045,0.523011941297931,-0.0578742099675724,-0.39581076223847,-0.097219907358683,0.256061906145959,0.484045029231825,0.599962707424345,-0.224132737875766,-0.083761748787162,0.355528427879485,-0.0836061378774308,-0.381681657360937,-0.458655705018913,-0.641806367632285,0.194795236851229,-0.28932670344738,0.295283861505686,0.119826276817905,0.326881114171891,0.443315752835443,0.28960455082525,0.171714621787416,0.344784013857732,0.0766501507962841,0.0818211127180555,0.322155433589395,0.662912499639421,0.148197750265032,-0.319983711954093,-0.272527787878127,0.296263668557054,0.512137363476205,0.101017036393076,0.291110513745221,0.182180788741314,0.240299301446438,0.370965570390266,-0.0252207094918534,0.469399488568657,0.429244587625355,-0.0146309008624545,0.28285475841594,0.184737910174489,0.246235856701915,0.36875668999379,0.448174836530586,0.325465616041268,0.0558139637327686,0.142775587525306,-0.134430158733278,0.0579991842839386,-0.155667255782011,0.63698191019701,-0.168883451770927,0.259988974994665,0.00937708570814216,0.3960511232732,0.310337426979676,0.192535158106814,0.88659282730922,0.201772969744998,0.112148282171746,0.434536304613042,0.169301331622818,0.143531086650723,-0.267016771266864,-0.0914634597969402,0.659143259360139,0.480782985028289,-0.0761237416298028,-0.314675262800272,-0.195203017245972,-0.447936792803921,0.359576080576124,0.345127602583404,0.640171020745201,-0.272171838994613,0.171464686490618,0.146940394683927,0.0663305088124842,0.262177478037965,0.213195248100872,-0.0699502731750887,0.0757171169287642,0.498335860270674,0.263008343258757,-0.0158388441272386,0.177933848083869,-0.236252259288375,-0.165907349912874,-0.0894102747767225,0.105583568378772,-0.41086257812006,0.31148616687637,-0.0960108566234089,0.185865414395219,0.320370206087091,0.802288704162264,NA,0.337033029224849,0.37030827191582,0.1777977650089,-0.303835303418109,0.553248120799187,0.304263452110358,-0.0528379251527977,-0.0113949977363862,-0.0906452054165102,-0.396104717769761,-0.264841215738497,-0.238531344659524,0.0802114481072745,-0.437994591140235,-0.0503005188442531,-0.450344410461862,0.0820775946295962,-0.259846156922718,-0.358178165774375,-0.0622991393555939,0.135844746957163,0.227974916935364,0.227557138010252,0.490177228467442,0.0853323756622527,0.0498178420280818,-0.127139158450391,0.468497226121872,0.302471431969855,0.266495337566938,0.4527045949182,0.025048783575832,0.126795480757206,0.368987544180344,0.196506587574183,0.187244371538339,-0.0189472973920409,0.235813045155516,0.230324787696916,-0.0933343575156566,0.13265717745082,0.0404691299113603,0.117389143052589,-0.181788875034279,0.022188496326114,-0.404997911288773,-0.12204356285956,0.0643041873743423,0.173013388404372,-0.239020051496149,0.102713777416579,-0.0211574766173297,-0.153165194778038,-0.118919954132659,-0.138925016647546,-0.169916605709494,-0.241041836788246,-0.276860317818376,-0.300698755394786,0.0499634027760819,0.521722291715003,-0.0568622773949776,-0.00181467109634371,0.232144395085566,-0.329882660367395,-0.132416697173693,-0.265398982356747,-0.0466879141739385,0.0616611220217745,0.0462522035855191,-0.00641599222816711,0.12688417309296,0.0680723482870105,0.123697811122019,-0.0957003692217961,0.4915929340218,0.00718032797739209,-0.202167903586274,0.0555312118503264,-0.0126964806974046,0.0425517523593227,-0.167049448756722,-0.103509703003945,-0.247331729217243,-0.0980031506985901,0.0686255426105161,0.330043416878331,0.344336216457879,0.573892958775231,-0.389466032684458,-0.167760078012047,0.247429269659106,0.291974376556124,-0.0873219758714797,-0.213304556385978,-0.254916387039588,-0.182034687118989,-0.0562678446670507,-0.348477669438042,-0.0276174016215037,0.373495504158789,0.247678010782797,0.230638766323159,-0.292921227626815,0.0930924917432814
0.21765542135209,0.55755322508468,0.42371878767563,0.102369835457948,0.0851658272420662,0.0667574442423696,-0.212197154318322,0.368684669169464,0.250226539790507,0.349782242062568,0.0418394337166792,-0.0876815334833685,0.419712262507361,0.259883128539616,-0.207839205672548,0.112748371477791,0.0717921121867918,-0.0118804184411388,-0.296503479568659,0.299146412097943,0.269915707665602,0.325788534962103,0.152309461356152,-0.1635060606598,-0.00964258224231877,-0.0338534832543457,-0.0913654261856843,-0.199794219388967,-0.257688009357432,0.197477779042644,0.470021681524722,0.420280866675842,0.55157140097665,0.335301160551789,0.621312963203331,0.644366881412208,0.338860102486403,0.54003791168787,0.348378834134084,0.112354306749773,0.311109900097184,-0.0863289546438453,-0.00282022883168452,0.241631551549174,0.393600604312542,0.250531322087428,0.479645350622793,-0.0642198930020611,0.194675185617633,0.373651626428232,-0.00747726180720569,-0.153635747047223,0.348785360147225,0.497997389614262,0.254227350162708,0.319749771895932,0.451377042029329,0.354166248272393,0.0579284104520732,0.20028144125619,0.146019187082581,0.146559756973994,-0.0962488674387947,0.174144742098314,0.387716881936879,0.321297805895699,0.245775690005173,0.263191007428394,0.423654116451767,0.262861924364543,0.122588604572191,-0.262156896151539,0.0796144394779908,-0.0252563697987908,0.132429281191289,-0.0993553550317239,0.400255191088188,0.0382691751644456,-0.117618770753356,-0.0696243152873288,0.176759703999998,-0.247362965705908,-0.274526674729525,-0.350539941481944,-0.0709534807229704,0.0627988214477335,0.221001538684354,0.238052075004885,0.0436987934933562,0.455472365510637,0.0274912513162919,-0.00945378881238175,0.138110692444671,-0.0384799585125012,0.014512091362944,-0.037549177546841,-0.0800860266313495,-0.36413396204002,0.542142643017834,0.113146482624696,0.336835226733729,0.164845756631701,0.243866766311162,0.344192262252612,0.0950328009954665,-0.00878743701500445,0.00941881345427249,0.0679217754682564,0.0776686624080082,-0.0189293580777263,0.176169336728723,0.138757691893052,0.100577868396336,0.17648575344295,-0.246124091216675,-0.121728408905512,0.0193795576834192,-0.100892563987362,0.126212841736575,0.10034721634714,-0.102454281926959,-0.0535300264395779,0.0723062917169867,0.0118548828007517,0.0972722581826967,-0.103298985315383,0.239373925169367,0.0951758225158221,0.107749018692772,-0.0314976644388397,0.329337443856623,0.270426850696241,0.065983710318069,0.135027178745101,-0.0292411042195703,0.32404289200995,0.333813951960131,-0.0216802144406002,0.104647540381364,-0.398302348229245,-0.207635215903533,-0.0524730427269912,0.0930625132603934,0.105170777233512,0.280953845231705,0.318958427071344,0.0889927514170638,0.217965608312682,0.349801887140936,0.21141548862095,0.226105149363316,-0.227750935425574,-0.0339923866046816,0.0228636617128973,-0.0584510587151303,0.0557148057224143,-0.00722679543327025,-0.203209139532436,-0.154998826803308,0.299659024963509,0.282121152185617,0.0844532615570953,0.532786601995737,0.350379891305433,-0.0419716819099206,0.230304827861349,-0.469726026930555,-0.212468053712537,0.280722774998539,-0.0819979151064059,0.381759967720655,-0.102629003207651,-0.190860128296078,0.17277101886822,-0.0366526158006484,0.302343105572706,0.522876742841582,0.211550021729018,-0.259141307740808,0.234636709890067,0.0630244454602351,-0.30804421584111,-0.508201172335014,-0.218110893618389,0.209944169038261,0.0195597568284552,0.00253242327968667,0.00550134996948309,0.190575671342976,0.435549017195344,0.695876717767701,-0.0896275303510497,0.736154504196402,0.392314207007685,0.485207500998802,0.245836396753504,0.544298312272984,0.246041053740422,-0.154102855427149,-0.213583715175497,0.511886684802231,0.23741036053857,0.243854703653812,0.0409167145336105,0.35405245007737,0.30109318484376,-0.0218603911402584,-0.195545550968889,0.704015935673429,0.455286824227527,0.125394550432981,0.374155642729992,0.725646723472028,0.494706924600631,0.502223753233517,0.666295151299103,0.681054108129746,0.404433541213404,-0.218689099766823,-0.172341728313598,-0.0462080056232122,-0.220460928467235,0.549678982949763,0.264585764238145,0.130523148800012,0.146007546275058,0.492971058258846,0.370603589381259,0.0197563840085168,0.455642754220501,0.0942006551021696,0.131189401694866,0.521697253248449,0.364941705348659,0.0664651108316287,-0.320824534716737,-0.0609900390849812,0.577771660351082,0.431999500532637,-0.192978062386256,-0.149562017863163,-0.290873694439498,-0.43282082471033,0.374057914364666,0.108861433396051,0.253449023551832,-0.68894385423776,-0.0654134602912779,-0.0850500939634762,-0.251222703442251,0.301114864809257,0.255386739015093,-0.09601467069053,-0.0121785285394588,0.619052295304778,0.253872007875556,-0.131927351117008,0.0739312520134677,-0.160317126303704,-0.4259761724857,-0.224222198949161,-0.154232499862809,-0.365009600700662,0.41743118892693,0.275811997005434,0.118718668248297,0.27283168286756,0.456316933811019,0.337033029224849,NA,-0.125860210149523,-0.175950030021695,-0.257979615105382,0.154775707442578,-0.0844421900502254,-0.0209525279689836,-0.268636637670159,0.0116966682456264,-0.0222660756697605,-0.451987148379887,0.115898054378644,0.0371429643075804,-0.23712405079607,-0.113413416087218,-0.349179346289841,-0.0594675078960625,-0.197369678647751,0.065195306721424,-0.0673509107064413,0.296948115509411,0.145289280955391,0.277444626703361,0.1196875347395,0.178344392865977,0.170207548627683,-0.192334010721513,0.206532665590599,0.23865910882609,0.215312656606173,0.244058735694621,-0.0861077726397479,0.361901380712208,0.187835240145639,0.0102635067790736,-0.117656745016572,-0.199362094053774,0.110468647929348,0.18945759673777,-0.234475593970102,0.0631187224082697,0.151576762387704,0.145667626660101,0.0823380340383735,-0.00236641820431946,-0.1047000291701,0.041388985115666,0.079670245534656,-0.254146270451484,-0.0304880122231246,-0.180097541541941,-0.117893857959133,0.12458247590249,0.140668847165878,-0.0826996770835101,0.0167327565699847,-0.238833135404093,-0.389436978187988,-0.442193743413965,-0.00599931415398783,0.228195259292779,0.234879833233011,0.16871896372149,0.0303286070414365,-0.37152931729201,-0.208589899032782,-0.321771797572186,-0.352052322189666,-0.216760356931139,-0.174285892883101,-0.0841324930524538,-0.181604677441115,0.384868967066516,0.211589030147219,0.103244014755012,0.0808443446976294,-0.227421841176794,-0.48593402159304,-0.0702127511992331,0.127237204379177,0.264599769124635,-0.0477878469080757,0.191075059238686,-0.224443281077738,-0.0233839531081167,0.327909107827768,0.357147145025158,0.174712126964401,0.315710645659809,-0.208764009936299,0.0602774481432106,0.394639022989282,0.370894528864094,0.0786943443555106,0.0215389794775712,-0.495093146636137,-0.054908523644572,-0.225748531723764,-0.0876368928194975,0.374374131124208,0.53088221997724,0.152081388316489,0.293429415041119,-0.159323297651712,-0.212795580096856
-0.613940902080558,-0.0451583186634853,0.173952444170647,-0.134499270664605,0.343788875597607,-0.106203086526617,0.228716382861374,0.249590747816506,0.0396474988151814,0.221281526521837,0.213728350484012,-0.201217182928846,0.151308057062656,0.0661019348625974,0.570862246027368,0.113545908900503,0.509629226439315,-0.0703493391159954,0.0850549659219182,-0.00944461363931448,0.140216284066089,0.381399009712197,0.225139073523745,0.129237394889251,0.00758588051536243,-0.362019921609857,0.447939164930745,0.274348164885701,-0.155960578935411,0.272096786904443,-0.0271030974060038,-0.14352039234525,-0.0940137353097881,0.279595585964103,-0.0549904202898166,-0.0586704204393692,-0.061695252113409,-0.18361669399563,-0.0214061047986855,0.496251817721519,0.187946471488741,0.455581416203991,0.491831542326131,-0.26017505687712,-0.0170065976916003,0.0224693783196824,-0.0414399524021339,0.145075718704586,0.466901543941025,-0.0441429681167214,0.332740473464561,0.293573483317987,-0.0725640179125085,0.102316998397769,0.118720144796784,0.131814751694764,0.0225696452897297,0.120365149185841,-0.147234514832219,0.307504781863438,-0.0220806623686588,-0.113158858573634,0.503292077584677,0.657132272406837,0.0792471243942998,0.110465079662536,-0.106690256772738,-0.0392775665407787,0.100411475641322,-0.151902439821051,0.170124222422864,0.228190352774597,0.363688112976651,0.261016192208257,0.0225076742706507,0.33739395820874,-0.0114816102066806,0.322144895792218,0.168571126731396,0.15824256468202,0.636035820331477,0.921737678561095,0.384301639390063,0.611516904615458,0.0526005424272858,-0.062133239679378,0.143166194603996,0.208717893193182,-0.253387443869278,0.0070267164054431,0.326524095829784,0.132018964907098,0.0779056137968888,-0.345639799877531,-0.386285946942017,-0.130060702936017,0.156511622316181,0.31360810028391,-0.00201184263281534,0.176935832812763,0.239382402062261,0.286003867693456,0.502406182135369,0.508895085367683,0.42195541678302,0.919720861699354,0.004555914295289,-0.00406910682645856,0.236090856506874,0.357643262699015,0.599206988049254,0.715516747228459,0.051094814758396,-0.451935402333105,-0.142578916291622,-0.271790167431764,-0.288423344745717,-0.0724042927029649,0.0629032610570766,0.103561027352984,0.241984328890017,0.0834887226632324,0.284940439743161,-0.290044290596955,-0.241348031985291,-0.0870508172628439,-0.171998675855596,-0.487146448292952,0.114190383147042,-0.350685839756309,0.0149273725792426,0.081248325107928,-0.216484804258746,0.161657526868351,0.138463968408579,-0.229077318069064,0.348414707181338,0.551080193398667,0.0129360209644444,0.214768473768151,0.244883287835351,-0.363874026634478,-0.190812746754663,-0.294301342926775,-0.284171934534964,-0.251681498773833,0.00997666999881957,-0.295238256140349,-0.208809346985868,-0.294945597406862,-0.28258705841062,-0.158186942096005,0.34109396767439,-0.311379683387668,0.469763574839874,-0.00366584951479021,-0.0444056128441547,-0.0271736197899706,0.170585682172772,0.325535795276435,0.0258675347314812,-0.773790203898581,0.0249616929792571,0.0689378293799988,-0.474148909706443,0.229740092200386,0.202432214944968,0.378895496889189,0.0113389279672701,-0.343741582545387,0.1404355430268,0.173656593861547,-0.355032822552237,-0.347200856619446,0.558351724726345,0.21450740517498,0.113314588224705,-0.0908488618474963,0.155701087598375,0.169404471949166,0.213090956684396,-0.055052336192823,0.20002189048512,-0.434939933663435,0.245706813997945,-0.471776691143127,0.618981888394303,0.372438326904167,0.0208318743983657,-0.0880517297404563,-0.14278893103278,0.261830936879335,-0.178596511169474,-0.0898782822460546,-0.332010081757372,0.384781314043083,0.120778883555356,0.24151103332816,-0.098239037351291,-0.323735874638669,-0.186911084675013,0.140640631346722,0.0361233502495077,0.132210847673539,-0.206571521512535,0.096519275498632,0.414710262865752,-0.107085085048738,0.050599368812168,0.199000530079298,0.182985148484288,-0.257889595503702,-0.242604246323855,-0.250506315053865,0.22249363596194,-0.108832196069855,-0.0435916234966406,-0.421071300574769,0.578451496078116,-0.413149115236802,-0.00107688688421669,-0.0825965898132167,0.287929583176961,-0.0589186608357093,-0.260427424516021,-0.164431705079405,0.0145880514861295,0.260571027729229,0.146497374247607,0.318065052181383,-0.123350164962022,-0.317441319270162,-0.0443716437535089,0.0822062421375138,0.40966250379343,0.266972215852836,0.00958585621546265,0.116213818072088,0.0676251116641545,0.149420101290116,0.0417609266038451,0.0516213402766407,0.00699146180083453,-0.151680131573883,0.618317354092177,0.409536405131925,0.196203666972158,0.585704801807085,0.365249225081737,0.61855126468032,0.351120421548861,0.120999901661193,0.0967655758770021,0.166238311984122,0.000366921898736593,0.270865768626274,0.0843958641893896,0.190517397559921,-0.411203411680775,-0.0198531594552567,-0.0650750497792248,0.523785029824795,0.168799135441234,-0.0223528081554916,0.078385124513606,0.0254953016867094,0.13235822911538,0.22170401286317,0.37030827191582,-0.125860210149523,NA,0.415999852198459,0.374832882102515,0.576774810113482,0.909556799164678,-0.149493357966018,0.0542790164408742,-0.588055946694088,-0.308803574672845,0.0331171727861123,-0.187196823984493,0.354348843731325,0.077435787799815,0.126430332735748,-0.115522435129084,-0.113928040274889,-0.158290538674879,-0.388225797312144,-0.259160861961223,-0.308116698685427,-0.360232687013572,-0.208620040157871,0.236771546909634,-0.240025520250967,-0.412286244429528,-0.0540017707457277,0.139659051075315,0.0437483721678745,0.135333943142634,0.0469536624715316,0.306805523899314,-0.329210046544001,0.293632009445021,0.120179085068084,0.253837941533082,0.228402301971371,0.359940666588374,0.286967056917918,0.0887669492888314,0.0289829271937045,-0.299685991055392,0.0479107102298179,-0.0651782826343959,0.173957438378175,-0.797386630505152,-0.731509584696838,-0.145466147900741,0.387141462559149,-0.52816349693912,-0.0113548500670655,-0.393439797600446,-0.550834718804593,-0.523186915807902,-0.398028599434339,-0.619768711677248,-0.195993595574246,-0.0542003738624614,0.0336978204707892,-0.114881161761823,0.330609282455665,-0.219523398978671,-0.0495096926662151,0.214425252795891,0.16555919102463,0.152151900952988,0.164515859465464,0.117409589620929,0.23029898762727,0.138256185792166,0.109341530204818,0.236474189582542,-0.172117938661133,-0.142344952065252,-0.214187439231837,0.207181549215797,0.45566481870191,0.413751636164796,-0.0735504344351016,-0.179536915060199,-0.286078080026116,-0.360590138061009,-0.294007391060389,-0.024865930696611,-0.165293003932292,-0.0342768932349161,0.0297792092347387,0.345408937879532,0.369082269282546,-0.336882232165021,-0.190639363473003,0.00846254588604422,0.0775788150777259,-0.207244012112186,-0.28870724305881,0.265217007626277,-0.00650442395984502,-0.131672868020038,-0.300812293530084,-0.135161515678714,0.0406028857000439,0.328198924355739,0.240835941550706,-0.0514744978627648,0.212488348545309
-0.458374460559856,0.158944190595225,0.0535897924339247,-0.266870865963728,0.0823015684753779,-0.111180803377493,0.139948873741013,0.163979416890982,-0.455202246236405,0.113959450486172,0.0817226004923903,0.0110272320057101,-0.0200388268276738,-0.190660319936118,0.202599689708535,-0.0667883569727118,0.209726646731952,-0.15874445247813,-0.00993887169839985,-0.106934494858661,0.481343273979532,0.312070334763118,-0.146756698624849,-0.153757581850777,-0.0837625772434971,-0.285904887286337,0.326648006924672,0.323817497343633,-0.305385931218626,0.5305417450141,-0.175759627851416,-0.050027770190689,-0.186359719793893,0.291276608107672,0.00268861248066216,0.0524143903586305,0.154455990044868,0.0923067937977775,-0.0189082039695045,0.159704715916814,0.160273529322012,0.33272670181024,0.188972903254783,-0.473209793372431,-0.150899134372092,-0.111064673261075,-0.0952616343310891,0.231628025849585,0.520363115684267,0.150187005125357,-0.0279236212055317,0.25256594487449,-0.118329400764901,0.335004875203208,0.299485023010128,0.100527744607341,0.0969549318894985,0.342550915770803,-0.103059611952401,0.176824868648262,-0.00829019285207763,-0.114153596301542,0.582864412920117,0.110865546059965,-0.0988958319599724,0.213264717997859,0.0904128274299803,0.152494169854416,-0.0824915825258617,-0.21897262555777,0.307582615595938,0.357070542625615,0.255900618061273,0.00387527356563176,-0.356574319079283,0.512713097695939,0.213918950551999,-0.162577284021276,-0.174887666726221,-0.129261935913132,0.320980764101748,0.488517610043432,0.269577705461208,0.244480313677613,-0.269292096842341,-0.50763253809939,0.0784949350537876,-0.218689794270667,-0.0574078486726334,0.0760366262351531,0.61732965401285,0.319264750952324,0.322051864597905,-0.288260330815138,-0.413072756329301,-0.158464845038435,-0.0216275001994562,-0.0121478766626728,-0.147878265019117,-0.159577756026287,-0.0297806410951906,0.211963755495419,0.364848538965633,0.200360520009821,0.501235149621329,0.353342864027708,-0.29487284224374,-0.039891751387442,-0.140454641797002,0.369346214732288,0.310104673766619,0.187693990778406,-0.303317925229229,-0.110966133861157,0.043359766935172,-0.363815025047374,-0.224093043871533,-0.217569481440796,-0.492167167122756,-0.169825218119369,-0.0756581550825541,-0.162452969333861,-0.0663763240499577,-0.144865677217093,-0.206207874416131,0.108944916492771,-0.111781567769414,-0.0242722828060042,0.264472517895531,-0.0313575361572852,0.187552293916516,0.0046818734650804,0.0491491072051182,0.205534170232865,0.409494640937607,-0.101124438496362,0.258734152389842,0.317474502500146,0.10062215569787,0.0311990735532651,0.0671634192282614,-0.17667285182032,0.00718805976898289,-0.18342361881481,-0.391022317817193,-0.497589914666892,-0.0936258172737252,-0.449759233269699,-0.140331691248986,-0.52582013982967,-0.547225540023875,-0.28318032549242,0.498544509792683,-0.517047523942705,0.536083104872387,-0.289582786240864,-0.266422312322379,-0.147775008016177,0.288239962865768,0.341666414698592,0.170808504701448,-0.179878650508931,0.17911812024575,-0.0928691079904799,-0.293104701364375,0.144252113822278,0.383009780525094,0.42291600237388,0.092131995081166,-0.112454927358604,-0.11266092840189,0.00357610660448567,0.149592179901358,-0.211794508402,0.223700215885607,0.00424362716915924,-0.0551780805674023,-0.137969041559233,-0.10949527108615,0.439532524345377,0.0171866375736504,-0.0813351831255806,0.200762212790007,-0.182147375283059,0.183349370402999,-0.240754551116744,0.320883976017483,0.480116933196929,0.47434319647189,-0.0735810114024663,-0.156749976730504,-0.192040135111016,-0.171106042300657,-0.17724367195695,-0.107822837436359,0.307372959093951,0.140012604333444,0.18822929304656,0.0555868763396557,-0.190832924231773,-0.111381694690719,0.0286060545376448,-0.00682852926732317,0.0927357017954821,-0.288432219154058,-0.0706806174022857,0.688256833786541,0.102646231040342,0.0537508514215413,-0.0630583163371803,-0.0417930158422642,-0.276867162782455,-0.208331771452984,-0.145630712399542,0.0924156442356006,-0.0605343886604818,-0.0921749299542471,-0.14998345241419,0.831490495289383,-0.0665710913949887,0.0808037084664181,-0.0325313072556576,0.271315181603845,-0.263828715283332,0.0540038524743747,-0.110610106165861,-0.0219873805345403,0.117696888476133,0.0857403198274422,0.267198885676949,0.000744782056289812,-0.214694445587636,0.0643248141222595,0.198845612236367,0.200753547446251,0.348809309390913,0.00697310386844154,0.0327383168436791,0.239530716123568,0.319517612371715,-0.11863920347429,-0.0407831505930537,0.232734273408664,-0.209720779020137,0.366175785512303,0.306217646836645,0.251282411122283,0.421997812119486,0.342295372277293,0.470042600637475,0.13694745609146,0.0868205717133179,0.081069842719175,0.405742467884943,0.136162729253632,0.271367441376403,0.251116491960279,0.192446333062451,-0.0684060795438916,0.0935068302916208,-0.0036836052587132,0.492030961071507,0.0219987403548132,-0.0571323886911749,-0.0347914730839912,0.418238673061073,0.238688405856211,-0.183423266892056,0.1777977650089,-0.175950030021695,0.415999852198459,NA,0.225363090216026,0.270915277380887,0.446445060117914,-0.223831343783423,0.298560921054721,-0.267729636451099,-0.358192580885495,0.120299779935961,-0.318421322389656,0.181100452248163,0.0535516931200332,0.165673661551995,0.0654745133600762,-0.00974823311365015,-0.108002694891328,-0.254745912406485,0.038339508957216,-0.255312883491485,-0.110642246117978,0.032799730486565,0.298572687884951,-0.0714455088243104,-0.226592806973643,-0.30350280824377,0.170206279332985,0.201148392627097,0.260345403541684,-0.0458505274526182,0.287228288752356,-0.227291685562839,0.114473787348208,0.165751826701269,0.146030566922017,0.420393185383709,0.217646190926967,0.252534337654812,0.272431837605569,0.506708899831692,-0.0113145598970504,-0.00439997918345108,0.0630147075186734,0.10802200062027,-0.262612201562933,-0.191344399069176,0.0724643584872227,0.625951361714758,-0.187089710319763,0.177657968876815,-0.0324555389281826,-0.398196511410398,-0.471290861605257,-0.106077268000444,-0.426099455415739,0.025890735107977,0.0707880869196157,0.0453210620049729,-0.0989445913619747,0.306638779307033,-0.137745579832603,0.127884173127354,0.25149057305653,0.0743425098262116,-0.00917245309382277,-0.157528025249359,-0.176819875683337,-0.00993648136461639,-0.0934741024453108,0.0257686248966731,0.0235585254089694,-0.259362596416701,-0.219698748205946,-0.250139469361186,0.18729920376694,0.0235110096558768,0.0950344683668449,0.150715800957051,-0.0596678181439659,-0.417257538417381,-0.130785920988133,-0.455655050207108,0.160358873462631,0.212331971709796,0.122594984517411,0.16380525347876,0.238525599019074,0.222064913279674,0.0471852009567094,-0.411236872067734,0.2307742426828,0.0891046128473633,0.189455885698287,-0.20629250040284,0.473753051375256,-0.108555961054656,-0.0475803071500419,0.0169889064968683,0.121124244524949,0.0508747518846237,0.0905079506014373,0.203262660147144,-0.0137301022890816,0.0463317652853038
-0.288107520861307,-0.291944255200157,-0.259372369546525,-0.182561024111823,0.29513268720206,0.00646780812937128,-0.00895002498869171,-0.293862934795659,-0.034333316732678,-0.205852420427575,0.0616666706148696,-0.323072975574184,-0.235298806263551,-0.22854283805657,0.56047339342848,-0.323324719032213,0.0326704848860228,0.0167110608069106,-0.140026104535784,-0.267552669334957,-0.251954549002416,-0.0441297693242445,-0.130129553925153,0.26365302703046,-0.0728260687748333,-0.133833867050611,-0.109268287904412,-0.00597881915283813,0.16318953218384,-0.0484023542977364,-0.248129248095343,-0.214277926290606,-0.142677356156454,-0.265794521328066,-0.406261461984562,-0.238891906458808,-0.462255747944696,-0.354554965926939,-0.184302153435113,0.041669126822786,-0.14061035483282,0.0475710167101122,0.236023724777998,-0.125840821766342,-0.160235501468081,-0.448448102171316,-0.492095703944398,-0.108408145591805,-0.146433373522903,-0.201801920431702,0.437133466973496,0.392888092736783,-0.325117729925711,0.190700391605852,0.189963261297972,0.19858998418775,-0.462814536030512,0.0285931375060427,-0.271841675982841,0.226440511031735,-0.0368171246201247,-0.160760122709448,0.0732904485438608,0.102066214820549,-0.13230196900791,-0.0639538910294053,-0.283711193775347,-0.20785873454739,-0.140932433888255,-0.357239783453877,-0.0561339813447911,0.0951367935673629,0.028953318873604,0.270244200460851,0.0592669920304477,-0.0594666199285571,-0.484109050731911,0.271494746205476,0.161238248990859,0.264421246295331,0.315345970238258,0.227561162509163,0.215596269251512,0.497168880319251,0.322943838751912,0.122753354813707,0.187320360451359,0.184781146478138,-0.298331012020042,-0.325554557889495,0.249195696078032,0.301023502385315,-0.0839923887409371,0.0668771984197808,-0.0679185464989292,0.162136335456831,0.875032814932445,0.68598725081341,-0.0562766070157154,0.649413672902597,0.0845535653839042,-0.174405991486554,-0.104860236529349,0.139939448269505,0.147987288333095,0.475561005970861,0.0383348811272218,-0.196738024657775,0.116897521644222,0.378669343126606,-0.181296766129683,0.215552934742729,0.143022911629086,-0.160606832684826,0.266688412629511,-0.0133901557550601,0.00732648274051734,0.205805869436184,0.149865648755317,0.182144928392365,0.393772712182458,0.173745391397022,0.415676050314644,-0.168905703614124,-0.0246952340269892,-0.163594581770181,-0.328733454158603,-0.588443849311661,0.0833796754531055,-0.2213275222769,-0.246710881725306,-0.0352278868399386,-0.0357840283236642,0.109576265158419,0.274032540167792,-0.266107609789053,-0.0554799152588507,0.352301870794474,0.258513739367826,0.681456585602225,0.564991998058762,-0.297791853450932,-0.00583036801961613,-0.0560211459918411,-0.312956851310965,-0.25743543660119,0.0605061275657588,-0.0098260807306953,-0.111980893979422,-0.127378021787997,0.0640368095638937,-0.0100249119979783,0.0844894405714431,-0.0482442503149622,0.164490904247891,0.0931557792014351,0.0437251588804189,0.245632323984617,0.258987034185755,0.0317590743129321,0.0330458204835081,-0.133337398646705,-0.316328793948548,-0.307503153497646,-0.108977542376446,0.0258852279806821,0.52237037968126,0.599829970313346,-0.267889483411956,0.120280790573492,-0.558827481928626,0.0112675810234598,-0.0645768510132206,-0.027795531332928,0.276418109279419,-0.271830894002936,-0.492324082238779,-0.0268993329800482,0.215815452746392,-0.290725421745487,0.118809300136949,0.34859310608068,0.470764363354218,0.016771799360566,-0.411709294620921,-0.195576536209943,-0.0271031668338377,0.0147230096543125,-0.0241220588325421,-0.377239471790745,-0.428053173017594,-0.213409677047254,-0.439245579971784,-0.22444487694299,-0.253885291012628,-0.173979133234733,-0.171198718955964,0.234233929787937,0.356549445985187,0.275450963578459,-0.230563106683755,-0.386196547570176,-0.156503792657162,0.186766601057626,-0.509214123018993,-0.409567928463518,-0.0700754664862275,0.263433617359398,-0.0802721033690606,-0.0223063267889366,0.411488933961947,-0.323945259484429,-0.256893488218744,-0.412975305946146,-0.0214404526942432,-0.170322583487839,-0.0730713143776216,-0.157201667650739,0.319531858960585,0.151194392107897,-0.0569483096098166,0.225821436372318,-0.123341508812511,-0.076312296058698,-0.104227123911026,-0.0404789184321786,-0.280655873623571,0.0542886997392036,0.0436807790990403,-0.158004369890376,-0.142591898666725,-0.311250964739268,-0.393983569520103,0.0935571643415022,0.155211755773914,0.715851206476876,0.345794120265611,-0.434645506053349,-0.25805042178182,0.324029220587925,0.355596710339919,0.558666294507343,0.463701050579311,-0.287253742444368,0.0247499441241484,-0.176992148166333,0.331127455759399,0.0177246781179395,0.153630394511348,0.277777571308102,0.187567655571883,0.162380339409934,0.532815529017376,0.161549021562131,-0.383675726385372,0.0863056142620808,0.159384955345852,0.481858626470048,0.203175282676301,0.315811471739921,0.257228293115278,0.597650084267625,0.589547772581506,-0.087258652201903,0.326973230830721,0.155928610863817,-0.0104811848562555,-0.236616068548109,-0.303835303418109,-0.257979615105382,0.374832882102515,0.225363090216026,NA,-0.0974949949270344,0.353888369805217,0.0773558336709003,0.439257268325616,-0.0756741015042177,0.0911334088744043,0.148115273696307,0.077457941585502,0.16547129888572,0.564511897475934,0.25514213522584,0.115737008817333,0.0443820759812623,0.0146435674799203,0.0183524598622479,0.0634017496215015,-0.352364218675797,-0.402668727389543,-0.132191202149144,-0.24438178358517,-0.0698677153312944,-0.260942690624035,0.205082448722362,-0.0620732261289466,-0.0816466003121738,-0.101003375935963,-0.0779198044758146,0.00148384358588028,-0.382106783717169,0.211413608691659,0.221021253223098,0.0285519537375091,0.149286995711348,0.180316463291724,0.0645332455907161,0.162640982260705,-0.0494504355840188,-0.14465724196217,-0.193553036589484,0.0955991253996899,0.0404492508137969,-0.0255973896700023,-0.348260283805607,-0.23448548030058,0.206613559001225,0.221056395644776,0.155073939433402,0.0311317523136297,-0.0927935064780803,0.0158965031556971,-0.291118873117682,-0.153190573038988,0.198740204395736,0.570137705976702,0.566558839681417,0.0292132103686629,0.00740985651286751,-0.105502793289335,0.161096947157471,-0.107161310543569,-0.121918938610444,-0.254922099395387,0.164598072652865,0.0177229911281978,0.225463097311494,0.202186399706273,0.285368781720232,0.391210729388825,-0.193450930315857,-0.328390666911308,-0.135999466387795,-0.367160487731802,0.289675942374121,0.439798979275616,-0.277531465456069,0.176511483170894,-0.041371036170912,0.0960778352147258,-0.145483459792125,0.216546773253431,0.174363026821045,0.0317182638903455,-0.194331221767944,0.133001000409047,-0.0312192199339992,0.293080383518069,-0.0259673063086653,-0.212449172991887,-0.124656501316024,0.136587166577424,-0.0136703346784392,0.364914561173378,0.0416720610345991,0.0773031550450957,0.106555768781973,-0.13851897790763,-0.38363076040903,0.0662647989745188,0.0860888621373933,0.175583307743116,-0.0566679910539792
-0.451730723891768,0.0965399680589565,0.226787115643198,0.0554381226778582,-0.147889910073376,-0.12633511151703,-0.0663912045395166,0.266103582751368,-0.0110218145223188,0.279734620789147,0.230809150986628,-0.282398975246009,0.0636611709451444,0.0703531169275748,0.163528399592034,0.0555040389254276,0.2068160768998,-0.130904834653191,0.200304138232811,0.0698933336211853,0.235812668313538,0.42949383835444,0.20377429881334,-0.0217355956692746,-0.0115623828616441,-0.203648061983408,0.297555987260188,0.262015703045611,-0.207914037198773,0.415721641271053,0.119633427274135,0.0951348872774962,0.0424515367316021,0.624180489840304,0.226412033327921,0.141426704551743,0.35828129998331,0.141773848847029,0.28111231516969,0.391135903642848,0.37092453597984,0.401214368099717,0.304348737379143,-0.0977300595936635,0.0698432205393814,0.288728959471714,0.249952190315181,0.302855035271603,0.696324444965589,0.201364893447724,-0.00433343707486497,0.0102292358254687,-0.0258487289745375,0.257532578127108,-0.00261528841135639,0.0602259924486408,0.215133425621956,0.231125608329274,0.138922950992798,0.308718189587476,-0.0798212115940045,0.0110432696374058,0.653750769364832,0.709789311151368,-0.0509501270979537,0.316933720886643,0.118531780271018,0.205238794415543,0.18604017455896,-0.0165419937560208,0.217438310887636,0.176012457945409,0.157791278240741,0.137307633119753,0.0217635307348985,0.458224188535316,0.268707672040188,0.330210587591324,0.296004379709601,0.0674578276872344,0.504928194337586,0.610359112510107,0.254202418924353,0.409366304589898,0.0349611544366718,-0.050858032345484,-0.158358574897442,-0.145110201930344,-0.328009107053929,0.139965947951297,0.114244195845282,-0.15699799706958,-0.0870092551291659,-0.259012506461493,-0.347658778798146,-0.279795802802261,-0.35426451499741,-0.165603829071085,-0.135069970948087,0.015304700120215,0.198079040832408,0.368304224519248,0.586433267371554,0.523980181163321,0.352223374546126,0.378868878007482,-0.0350186416822765,0.062676992450158,0.0184116767045075,0.0669599959783794,0.838750225531796,0.614618224507758,-0.0125785289707885,-0.293421488067156,-0.246029432592898,-0.214250120938067,-0.153492554188197,-0.0608799364742321,-0.119612614207082,0.0939503682650218,-0.0476037201525933,-0.0996361212014133,-0.00440575732882274,-0.143819937080197,-0.276428115416945,0.123622629503679,0.0948592886507913,-0.170469270066314,0.114109246888186,-0.114068527656545,0.218732559352457,0.247619365685009,-0.17548891227736,0.200207287703503,0.130949848906603,0.0426452593113649,0.188195369317027,0.266721910320925,-0.110397308790639,-0.125509316491249,-0.028523158516487,-0.00182150365119947,-0.0128417069784878,-0.214439595921499,-0.015835618683994,-0.00249916764015482,0.0645251216153489,-0.233915066710691,-0.054291470695564,-0.106961315621945,-0.187569827172091,-0.108587312794704,0.169256676983747,-0.267239464708693,0.325039479873481,-0.0840653963193652,-0.165445530674831,-0.0423499423173735,0.0241048194160399,0.628002755681224,0.119216334681716,-0.64721579568811,0.0893786994640036,0.205595645344131,-0.247191443039351,-0.145901182064746,0.0905097553002262,0.203316177021873,0.313512595495825,-0.260218278972367,0.319982995161826,0.20805079210703,-0.39804033905315,-0.309557014359626,0.265168234154551,0.137224900012676,0.17723256513973,-0.0630216558668075,-0.0294817390261027,0.437885896401553,0.048630881084843,-0.169430679464137,0.00992005393926029,-0.358843144748908,0.373104860797075,-0.356601681070687,0.587695291213767,0.343755726774386,0.0548300328862947,0.193885809414406,0.110383230688335,0.224109491644283,0.0786854605168865,0.0783446555866505,0.0339055104501152,0.623737151262757,0.301034873142101,0.119114441195469,-0.128288551627143,-0.43660253010305,0.0626796944907351,0.523075273656072,0.0577594044741733,0.00139359225306849,0.232220052617895,0.286723210145282,0.576639546845953,-0.248837841504906,0.114788875939576,0.198235090349201,-0.127179174479613,-0.193728686163744,-0.184018023812441,0.0107343769965382,0.243131659340596,0.0686226733365408,0.0589142105427113,-0.17497434873556,0.514992201431565,-0.463697101748682,-0.00384387763635661,-0.22244956588456,0.621335858992989,-0.109707408908153,-0.177342608538424,-0.0245943905069337,0.245780114684459,0.151090463334707,0.0957433447934213,0.523342860630948,0.0261898041549179,-0.185882241698162,0.211523594605121,0.49158865598556,0.311793141919139,0.0676339653776363,-0.0528102169590783,0.449683164679628,0.266883020611956,0.224409388850304,-0.0189995070820862,0.0123308588782802,-0.0795782937850203,0.151238561413905,0.946915071824226,0.796771493759876,0.116153734941033,0.786973880507922,0.495923985037494,0.422791163231207,0.0792010901696215,-0.201445686751968,-0.369859089738875,-0.154483046085043,0.196247585780849,-0.0662516464191713,-0.0999564269073147,-0.1005814036771,-0.412174785487719,-0.0598012176917372,-0.197182733179658,0.149206966300713,-0.29039468063749,-0.057561199608205,-0.114984877890558,0.0736274234819324,0.190610162035658,0.345707216226714,0.553248120799187,0.154775707442578,0.576774810113482,0.270915277380887,-0.0974949949270343,NA,0.667379393698673,-0.21529784886299,0.0208674887770172,-0.310030279322595,-0.225680742855876,-0.067600345925651,-0.148310581728187,0.383015283148566,0.109668912935008,0.123270920989202,-0.1938961025842,0.228430409955271,-0.175582343825184,-0.270112637167934,-0.196569202074628,0.000173603193712646,-0.1342673416618,0.0756365734494751,0.326846915700621,-0.190008601471569,-0.0794468607902505,-0.192532280481045,0.28234325276461,0.0308568904639356,0.196134004107346,0.193911980093176,0.449359580039486,0.155090111986493,0.313416313297878,0.144619074624469,0.401253055293409,0.3593636386823,0.0861606539908005,0.0889374967610362,-0.0661771640858674,-0.183647166305817,-0.407347733411762,0.0213691105966043,-0.315035235526684,0.0355780055815098,-0.684722621094641,-0.304441738052361,0.134748929968211,0.159112751158941,-0.521387106026915,0.0345415010803203,-0.224207818095556,-0.273780996976325,-0.511180303834478,-0.112250504016805,-0.20884780010381,-0.171785161441766,-0.295242472662596,-0.121298854164136,0.0113275011888326,0.489546257118144,-0.0590564138577232,0.0290852554350477,0.222504588143217,0.276330803285599,0.387485461359055,0.244311221541543,0.214184639542172,0.11724958250893,0.036444577051213,0.0916805683686919,0.0896084478844658,0.0342703892771764,0.0480787281270003,0.0332821765835447,0.411187915411768,0.228935993023014,0.111190604201822,0.139699519886727,-0.00495930039364857,0.0278214496026757,-0.111368727443794,-0.0710711326307759,-0.0374809126883376,-0.122191841351703,-0.0279442743080716,0.180650925415609,0.344440509755855,0.424587704050043,-0.301394218009962,0.0196394461675849,0.216254987019987,0.374957410500421,0.0489175418722505,-0.0368853199091005,0.0921677355129857,0.117427648456743,0.0185268920266719,-0.0506580700665851,0.121512455434007,0.546163701567747,0.628794350305198,0.327541932447522,-0.0731132767758299,0.20992442865879
-0.568830390864096,-0.078387236827972,-0.0591636386830295,-0.0351701188685359,0.0368063283980669,-0.118879085504368,-0.0423572716021178,0.185169597470575,-0.246236154111892,0.27063037527442,0.0379748388311197,-0.260163948592709,0.00551924484559539,-0.141266471507557,0.416017849372886,-0.0548430585709142,0.294600687059392,0.0142492374614513,0.144653292954816,-0.0216635264575354,0.136692956073947,0.330918278302838,0.106318762025375,-0.0806886316201724,-0.0179708735225166,-0.261262731854603,0.428564591732543,0.286558911299364,-0.0809432118635315,0.272400085156795,-0.18188667147004,-0.0492096303140498,-0.0987151723694802,0.191845514389478,0.0871731899847991,-0.0737114821674831,-0.028278531652059,-0.0784165273012638,-0.0343456360985708,0.272170237991298,0.105953400148809,0.341782703104007,0.177663647558161,-0.331570086828715,-0.041639344489571,-0.178307268046201,-0.178333365502216,0.0860650000548681,0.385954956558354,-0.0303078321211526,0.00368116377336961,0.0166083151161827,-0.278755224714644,0.148812196836201,0.0559563896335891,0.102061684634192,-0.0119888434688185,0.109860134725259,-0.113865245626004,0.509058812344654,0.0289510428557586,0.097155805640876,0.578570024191771,0.824801353642153,-0.0358890825550266,-0.0039673456818253,0.0299237209730204,0.0929356677340049,0.253520274653579,-0.0903600678507894,0.101811606714261,0.362388789244343,0.238067292976168,0.186648733910634,-0.0318659078765271,0.42631289448464,-0.0283280686196751,0.114239817738699,0.262457445757088,0.24174025493721,0.651088419941847,0.753179879933487,0.340245717206694,0.784642343169867,0.105893944251755,-0.162775417533756,0.0639970222408621,-0.0720652378857347,-0.29029049636543,0.0898468766248811,0.11886074267976,-0.0899782016804149,0.0433433450292927,-0.467613224807036,-0.602808645260125,-0.368114582672726,0.0596603622008311,0.129555257283546,-0.129818559287543,0.0583870634016596,0.125939793570896,0.213966793783365,0.431644743980218,0.486807066379181,0.322337895052426,0.434929613060071,-0.0992728247510536,-0.18638729871106,-0.0921538498476577,-0.00950683888263297,0.523710659628089,0.685864964349123,0.0690669273788791,-0.481621040911014,-0.106467065070793,-0.313102253637641,-0.266027851937477,-0.0670555802853095,-0.26210979864629,-0.139249721139591,-0.0629551173697745,-0.226067080374431,0.205688257611459,-0.332453869651666,-0.50282406890011,0.103085396638852,-0.0297284765205185,-0.411649173254289,0.232648052085154,-0.185115368360795,0.060390558888559,0.114442879504867,-0.175624677589479,0.30996845490854,0.0888890317590733,-0.135264819229679,0.171829473370768,0.475646000033747,0.0102230965054111,0.170278760728965,0.0876782794040489,-0.189976783950731,0.000177620175448431,-0.348680038798075,-0.272717640889685,-0.259584762640857,0.0295263511991275,-0.221072385332441,-0.103535460726129,-0.320644272308676,-0.372449502661314,-0.27518102353992,0.235666104245726,-0.459111998763872,0.213965621416162,-0.287044123222841,-0.286347437649307,-0.0376804888946353,0.265579324839621,0.32161765682537,0.00225968828594464,-0.658708033731952,0.0149248621582007,-0.105324154650972,-0.190828676042405,-0.0347921487132997,0.406292071817781,0.369742631604616,0.166673330861951,-0.235247171463515,0.123282232109033,0.263695995052112,-0.255243104728947,-0.403455462620531,0.370903599339728,0.0526885660140204,-0.00336371481883718,0.0650557754730367,-0.0382660410398563,0.195550475145821,0.14466802178205,-0.0962892545909255,0.159965068783086,-0.329358013331324,0.128728851474135,-0.442345482701333,0.544911341670835,0.206406462059132,0.101612224175051,-0.120234163470143,-0.169978104282941,0.142635212578448,-0.0428169556895489,-0.196617063596341,-0.345216388613675,0.339672498217126,-0.0749880673311492,0.274501213410492,-0.170116507580842,-0.435210419197138,-0.308194205836694,-0.0143811480993081,-0.00803990471374953,0.0587276608612596,-0.245407578559183,-0.098107537918569,0.482707592301167,-0.0367300141277801,0.157229596655433,0.184898917604916,0.118294626554326,-0.453339888780877,-0.318800978531389,-0.227683491397208,0.302226275747708,-0.162400751595303,-0.0992325622777629,-0.315153381331451,0.932441881654169,-0.244100168722683,0.217092395655541,0.0748209005299732,0.329985071815891,-0.253992100918393,-0.178802097635166,-0.284333794774256,-0.0621588756157486,0.0607890596064932,0.409858754430192,0.271177907509394,-0.117691974104558,-0.297977115833429,-0.0556326293656067,0.122669541781428,0.365085025329664,0.336768812559094,0.247009375317446,0.0861298124974572,0.252088559654838,0.262522987636404,0.225694736481409,0.188083787310726,0.290625852142334,-0.0720514725058657,0.802210342671844,0.472368804685293,0.203244437456951,0.900453141426215,0.742196305381948,0.894590683126571,0.259521468281476,0.00606742678592789,0.0529539731041522,0.182354615325314,0.0177860063943945,0.057331502823695,0.123552972997149,0.138542560501945,-0.459029061759956,-0.0120515666674161,-0.114682821987662,0.595898576194042,0.00255805676715259,-0.0925075104885109,0.0256622488372526,0.129745550458279,0.29504199364457,0.0455827404196237,0.304263452110358,-0.0844421900502254,0.909556799164678,0.446445060117914,0.353888369805217,0.667379393698673,NA,0.0278979891592793,0.161159315692295,-0.421039421201288,-0.411747059612244,-0.127380065210472,-0.198978312506237,0.425708457824667,0.305490571474711,0.30188928969259,-0.0828998944663836,0.0628347897400895,-0.246676023162458,-0.531955064609258,-0.239464000269597,-0.197008245542461,-0.121499011708737,0.0632512575032283,0.196050793502001,-0.122196320688492,-0.147390524824199,-0.165850865006749,0.159997971171035,0.0199747921477889,0.131706831483323,0.0531412733932328,0.444052289871743,-0.114017143915889,0.323208378910993,0.300107056188777,0.27606536817049,0.421847686217186,0.0882230928733989,0.19016974936715,-0.000336370442117727,-0.0320870575005319,-0.324327448757643,0.065408569152101,-0.191761991401115,0.0984729526967147,-0.595983234873814,-0.384890749732365,0.0709613475524651,0.327394833037758,-0.440513060759646,0.0252374014322519,-0.0771286871706144,-0.458575687692726,-0.588457680779383,-0.0133750955128847,-0.509123848749114,-0.150952693117567,-0.0444078613971268,0.189372892346801,-0.0953304635785408,0.389001599027908,-0.0681975915875715,0.0786910728778132,0.289251947901416,0.237431269974026,0.177949584125077,0.243901067687843,0.160082252945499,0.06922056080047,0.104951170293511,0.19067834236311,0.160723481941054,-0.0721595476244401,-0.167506075175453,-0.196210060187937,0.230839050647722,0.371601609812869,0.237108772023722,-0.0349569596111846,-0.0905141096037029,-0.174976205999308,-0.12884436327716,-0.279507290254682,-0.00715678026380699,-0.0938583190656559,-0.135566806720766,-0.0619415169528728,0.205103968856836,0.159607406949765,-0.28626025470689,-0.327327470105349,-0.14368352088866,0.00127483047347335,-0.0987647652946659,-0.305136528394641,0.286727920067777,-0.165760723337973,-0.00245009188188992,-0.152334059329857,-0.0714492295677318,0.0854634870691566,0.382037895363132,0.110586568762182,0.0123452075295093,0.0953004069442966
0.837442237325076,-0.328355105714935,-0.250934356224268,0.225921155965078,-0.210215897320556,0.551018304927801,-0.209616453395719,-0.125966527319156,0.361642497351738,0.00397125338648099,-0.141637521836942,0.125235083129073,0.11710722402525,-0.0597720078421958,-0.067964610452552,-0.199793696508845,-0.167842687864267,0.326064725506205,0.12439586265215,-0.0737764196695941,-0.260656417660586,-0.303649676799944,-0.173934966282835,0.132137038251321,0.370187674008442,0.441354307430995,-0.0758108767763884,-0.19507946603242,0.136054818735232,-0.230045247807143,-0.167980395768842,-0.147279832372303,0.0795793110121553,-0.438699162149246,0.0715024886676415,-0.159042577474843,-0.238748928909109,-0.128140191543091,-0.140806483227549,-0.315563829198227,-0.496541597896551,-0.166794467440938,-0.109189905699347,0.399736414668102,-0.0185400016630147,-0.227332283885443,-0.128417054839768,-0.394971247231814,-0.318540464075354,-0.395224270556164,-0.259154413449189,-0.0914058650086658,0.0415875691233038,-0.35096702444344,-0.262612858066518,-0.309002236017788,-0.115979528347509,-0.369282827993911,0.0247158246869883,-0.128964734267267,0.342405065458468,0.850991846032006,-0.193208022917384,-0.0752260517437567,0.0719386500840005,-0.189199703306257,0.0360221320369891,-0.0902966221164549,-0.0185375987904176,0.144502746412452,0.0761050136902778,-0.071175606608504,-0.0422626193939265,0.0981537974152528,0.40888463085495,-0.122377887563718,-0.240528257350946,0.0675199750380673,0.256561036951993,0.302500168203294,-0.145210249534416,-0.318997993188824,-0.131694449168106,0.117585503575095,0.518348782132259,0.505412158051584,-0.238543434434751,0.0928052191770871,0.313014216998916,-0.197219356885703,-0.340696906561401,-0.00365020178823144,0.0875399277974646,0.473829705564231,0.510323804698732,0.152929109569094,-0.0467177025640057,0.0835512457258897,-0.0401605599667646,0.14599824079047,0.10463065612131,0.0926985718338147,-0.252595692898067,-0.4175627308972,-0.491623958946689,-0.487294269162699,0.307408698407754,-0.0691520259449979,0.155626912511958,-0.536401942285121,-0.220170407181987,-0.13139872304064,0.429854530572686,0.425822814104756,0.216757653850928,0.470302740791737,0.10579348365297,0.190622087798558,0.232285809277094,0.0610109369206256,0.0405135144174943,0.0127070683089875,0.245039504219884,0.487043096110606,0.108354120570999,0.225539700185951,0.46026208775701,0.129550120592664,0.375668364029923,0.0345300695760531,-0.120875926691628,-0.134186029503451,-0.110557685525955,0.188428476814281,-0.0106919141058046,0.061065652663131,-0.145506572441178,-0.0156486364290546,-0.058624597020561,0.0780592106525279,0.135452634650149,-0.12800404389508,0.230950394151847,0.194178487397566,0.403238132097797,0.511021706404764,0.203885398786345,0.534086439901193,0.391774149897419,0.461536646444287,0.520116093904632,0.196186799006195,-0.208213749888086,0.175801220714716,-0.442480667582724,0.311184816786161,0.205758021746321,0.032146600072111,0.313404231637725,-0.103025427624217,0.0224348893274734,0.569665673763622,-0.347743082953368,-0.0789696008849285,0.521907501450601,-0.195258691329782,0.0393342100414651,-0.252950487232051,0.171079534209895,0.331137123632164,-0.0503183521778881,-0.0134114375850809,0.201380950384629,0.277650858090627,-0.126243575917079,-0.114872411615602,0.00262946299558046,0.126188163274697,0.1405470465047,-0.287345363831917,-0.121467612901311,0.0796809011660946,-0.0543693526588122,0.295092815298672,-0.334037451265575,0.22409387034215,-0.0903192301714477,-0.158430945269737,0.134623033194003,-0.292161215536198,0.0386607692579752,0.0962869411599331,0.171777636138811,0.139959632300111,-0.0446014209647334,-0.519419683979967,-0.292081749025887,-0.391668642161546,0.0333149295636621,0.132615319755033,-0.0545333097054038,-0.13360582664759,-0.351170196484777,-0.220737750720805,-0.142370422860574,-0.0935748996089245,-0.301246479593624,-0.054176472614434,0.0163052679426182,-0.201064672602851,-0.024427853562094,0.145777378792917,0.0588390568538567,-0.0259829717806485,-0.0583254884214852,-0.0778935300203096,-0.217319535691662,-0.0828363214838032,0.0280351885955515,0.635037063185352,0.639290862385337,0.820864924415571,-0.301311633345361,-0.142224526447054,0.362172257052157,-0.041891060749266,0.062809150390732,0.0578677981804726,0.623247564909763,-0.0674060198948427,0.377867503921975,0.102546809762361,0.00112177454990773,-0.0198594538998964,-0.143727391938468,-0.0914245377455751,0.514377667486898,-0.134314885831713,0.00500775757173137,0.0563757953530536,0.509636444649829,0.272348820659043,0.10283484539757,0.258690763554271,-0.310613894057607,-0.255685830559319,-0.0665776671464173,-0.00260696357222454,0.248334990174406,0.0239899936429756,-0.222692780676261,-0.195100311914282,0.327593298865094,0.0593691390105391,-0.252802590057304,-0.145748973732071,0.139425983308705,0.0646528561444344,0.18532050097325,0.012990947142874,0.107661459126403,-0.0135292273743716,0.0144510804828093,-0.0616245042962762,-0.244706939058689,0.274605234831339,0.355803427661056,-0.00722549090898405,-0.0528379251527977,-0.0209525279689836,-0.149493357966018,-0.223831343783423,0.0773558336709003,-0.21529784886299,0.0278979891592793,NA,-0.149246482559691,0.3655699633144,0.127187002518757,0.0697441807010016,0.38451010518824,-0.276586691746946,0.0384344266075941,0.075088822725954,-0.0852997356132519,0.230576751677915,0.200548632504048,0.112543871899053,0.389073193015837,0.442591192391684,0.365363588471375,0.331615187797683,-0.0619281460305136,0.164101714913354,0.115635720434601,0.0325996521286367,-0.0295287119289308,-0.0441512230872195,-0.0346102937218366,0.150581050920181,-0.156849658215591,0.0617318143295468,0.0366890444000985,0.299456279120004,-0.205933762106431,-0.0823069216659883,-0.166384386994252,-0.057323140707694,-0.0671608668995012,-0.118608269691458,0.291098565536553,-0.0443972794936464,-0.0215057565840765,-0.149197374431378,0.427832929245751,0.417007461460665,0.167217947155327,-0.356685753962846,0.276532886963185,-0.149605928669863,0.728271602149029,0.472942552994947,0.415453808759462,0.467534794411806,0.326017846472667,0.302959486032434,0.227847671958944,0.374840554400493,0.045999157525024,-0.0190941727172842,0.445278321756956,0.0932147312208522,0.0477676362728008,-0.282733690424126,-0.298983449132604,0.0742856971455037,0.0429108680033439,-0.30005095567199,-0.171221932625059,-0.143250755385396,-0.0762286422976148,0.0675184862045075,0.212505045832072,-0.10098043790984,0.00622407664408075,-0.0111493855441917,-0.0144169311176198,-0.168741062057007,0.294430550419632,0.366044067441543,0.33800320895536,0.408041720430032,-0.351747943301371,-0.135779242604369,-0.168300112861105,-0.193846713899734,-0.157993268502541,-0.21413534007396,0.0486534577539807,0.205788707335189,-0.366291520274686,-0.102954735668553,0.162715114953803,0.0599998550323222,-0.210138286392252,-0.308926516449797,0.0194804974007054,-0.196094741605069,-0.371011672028044,-0.242285317713538,-0.135110496138776,-0.602365146984828,0.0673916919369261,-0.197187578702222
-0.304544130841316,-0.176016703682416,-0.0359431590402214,-0.0666823652231306,-0.0421703828769349,0.177100978453003,0.135809643850559,-0.121620807732037,-0.0159977042291375,-0.151276826921203,-0.0447165734091687,-0.246336844617084,-0.379298540161084,-0.239223242911264,0.393880294279439,-0.0348929067214398,-0.0292984908972209,-0.0454177450380138,-0.131314790728466,-0.128544863899866,-0.266106091386765,0.0853891366036056,0.0960928939921541,0.320012867967578,0.174792447509148,-0.0802533836168077,-0.189691607104265,0.00272290102706976,-0.129967656568784,0.0655073213041174,-0.401054290252339,-0.189704353516118,0.0134351639887112,-0.102022897191262,-0.262901856559981,-0.104102885296438,-0.27552124683461,-0.185613370074188,-0.155629272985105,-0.212134039129366,-0.168857567228884,0.110809669466496,0.46014536757715,0.0182763700767627,-0.0601774336211062,-0.269509538386192,-0.278064501190841,-0.284124839962719,0.0365944017348742,-0.205991038936033,0.334770596367781,0.482498357126265,-0.186593676747359,0.112474686453966,0.11989431506832,-0.13520717134045,-0.509297686297177,0.00989665134761662,-0.0985073886944132,0.393658209245684,-0.0291432342323139,-0.106819722920352,0.317061255500446,-0.0149259270742519,-0.182167502497985,0.150408638724817,-0.068603466681862,0.13911645314745,0.0320649728990762,-0.20559705829551,0.00586619014953121,0.352090095407697,0.244783534712892,0.072517687259997,0.0156679833415033,-0.103442302098823,-0.122543938934026,0.276328932620793,0.0422954330097991,0.096004403996224,-0.0245030680709606,0.137587392493794,0.123302309581439,0.261846715864086,0.103631904943892,-0.00136794010328228,-0.0383364487985131,-0.0979432684089343,-0.469576173301197,-0.0524977133924097,0.16520332646167,0.115310317428175,-0.18225856678654,0.0923229036666352,-0.0650986089983714,0.41076461557701,0.17338811775091,0.147451299532463,-0.182752484115049,0.099105327143006,-0.0618391236384007,0.20551073685221,-0.154071195597692,0.118403116274387,0.0714534508046891,0.383413435238495,0.13394372115271,0.0411282934114888,-0.114200711277536,0.407224057743366,-0.180386093784471,0.0803721938122722,0.0754005713617784,0.105388547264239,0.200117413181533,-0.292946881432813,-0.106691216488061,0.128951974567783,-0.0918299442937691,-0.195341892275427,0.221711155198435,0.407115502684105,0.129122074344469,-0.201416555848069,-0.301437409913518,0.14402893700167,-0.239944350985587,-0.0457883484600227,0.0916824017579988,-0.173149767149289,-0.117537831871883,0.0127000730960201,0.170245012177025,-0.0842848006646005,0.139743061038019,-0.180400350686134,-0.00276329485310428,0.216754096375647,0.0655956511300653,0.330394336565359,0.315512300846861,0.0869395955898978,-0.317134463878562,-0.218897642533895,-0.0959893088513991,-0.138572727883799,0.300274396827598,0.138521581412018,0.104686802303528,-0.180975157379463,0.0307079125892001,-0.277030737255197,0.0689611752705556,-0.0568513353049122,0.190835508147312,0.0777014151504269,0.37005005835767,0.0615631038917013,0.113376535265425,0.171968062756052,-0.0280355307375928,-0.128745031417295,-0.329206709439321,0.0544248399438514,0.204383627664743,-0.140520248780274,0.856317435745547,0.382607752175354,-0.22074945849138,0.309412241622266,-0.226714329630846,0.0465375736667818,-0.129517883792085,-0.356723649535055,0.141345382450456,-0.141967422554348,-0.332917196444083,-0.276703761641906,-0.0607770487387748,-0.274394672381874,-0.228710617278731,0.422222909746586,0.32621561642635,0.0541354186085993,-0.332348275863263,-0.158337759887844,0.00656375109018681,-0.0979624927724966,-0.221554424806457,-0.16276649838283,-0.18713108448174,-0.179714562096333,-0.322172706915006,-0.38474465030847,-0.268523171434976,-0.176501028002846,-0.0389260195899315,0.120993507327726,0.226254493726356,0.578448411194367,-0.134938234907169,-0.387706994410238,-0.233671119039617,0.146768843223616,-0.445791610237898,-0.578258438922493,0.214030140761202,0.639085749305412,-0.23163667133029,-0.252192230798489,-0.108058201017847,-0.176773375185012,-0.421270012382273,-0.368245133058283,-0.167744376128147,-0.215677790128084,-0.204076138478898,0.0332420833200327,0.26495981956384,0.396499138419151,-0.338591735385665,0.221319193035939,-0.202496694278582,-0.0664363937657439,0.187293060983967,0.0642098073616301,-0.0672775874422053,-0.112519828877963,-0.072559085808865,-0.0726985031989607,0.0125193244184166,-0.0801773592599772,0.0172036195496969,0.0197060528754166,0.307583915088524,0.661168348711634,0.537766787077518,-0.430842421241468,-0.147943368944579,0.578065785699868,0.274095026361807,0.711758066942805,0.42123315934175,-0.165411332104869,-0.0840137359765296,-0.0755344700992133,0.488336165358649,0.0870188499595455,0.158655019272665,0.0554323836331128,-0.177253095052549,-0.0462153791039581,0.00215110973155398,-0.123767332254971,-0.095668201730897,0.022485595066179,-0.071927187623711,-0.0147122079433039,0.264392719235288,0.937962674850977,0.63703619240098,0.266233175883548,0.101859970263689,-0.270383891176232,-0.146409124319857,0.0146863754290548,-0.372213946191515,-0.038605113357186,-0.0113949977363862,-0.268636637670159,0.0542790164408742,0.298560921054721,0.439257268325616,0.0208674887770172,0.161159315692295,-0.149246482559691,NA,0.367866658200835,-0.192588348370767,0.275918493864279,-0.115417824570072,0.059435434751593,0.286704528325205,0.467124559571268,0.166970102086799,0.00521248556563749,-0.0443751206269566,-0.171549558218583,0.474916421003457,-0.416940286355662,0.0141893769821635,-0.0833748821536706,-0.161667928944422,-0.10328943099268,-0.0972278962045822,-0.00927503686659426,0.0422211811094195,-0.0132316742773082,-0.179537654965401,-0.0457781864533398,0.215328364440268,-0.386974348941962,0.00477820974973943,0.178588414313115,0.134087798675284,0.0339033839427759,0.039299672426699,0.0763796631355709,-0.063762248069578,0.0576594906233549,-0.189519985735421,-0.105771234289841,-0.129518094175536,-0.0522317547756677,0.188120842720508,-0.0392690147659123,-0.0490793823716887,0.521209305440877,0.521276263672499,1.01152178502973,0.299340837022704,-0.0451689124354356,0.13392909954017,-0.00473371832268435,0.167913205288337,0.357651881288994,0.719924410554737,0.756037414333948,-0.179383873625717,0.209148180503821,-0.214674471404268,0.240020903719105,-0.00511201584006993,-0.085652324946841,-0.140234848917436,0.259484526521993,0.120262315266879,0.297438253668241,0.185011287069245,0.284552687146803,0.323305116232348,-0.293422909679164,-0.310639821900751,-0.150596748782528,-0.0406015242796517,0.204068845717083,0.272401858589129,0.219008412582292,0.399303426560633,0.213519925947801,0.443226306489444,0.0398357174867515,0.490169782397864,0.408521663559417,-0.143174934009077,-0.140306724856658,0.182789345673181,0.145270319501881,0.461970603279512,0.232666313103361,-0.00953368202698831,-0.0576070091518558,0.076476417569665,0.0792700545673014,0.319095772295987,0.219577620993733,0.228920133636516,0.329122002112337,-0.136209036581676,-0.0588652446636748,0.0455370080838338,0.284717360931401,0.139656149251142,-0.282159921863901
0.590639350169631,-0.0767573471611178,-0.11485711701725,0.0191513704262027,-0.2712615731761,0.431531454201913,-0.279170828957995,-0.190889460069561,0.324493544078867,-0.0562262860843091,0.0448686811083377,-0.0484490337052654,-0.164868813699951,-0.0439306289017118,-0.0919935276995137,0.0768989829338981,-0.294855847089194,0.125765114588058,-0.107495705977078,-0.0998040787247458,-0.453155540140817,-0.330734889139204,-0.267292403353061,0.100778329030685,0.373854213538292,0.164327557849949,-0.45499709427926,-0.280963501616934,-0.0294542277000875,-0.20754080183459,-0.0719847083681828,-0.13909799327014,0.169499533766373,-0.411062822526984,-0.01537800952191,0.0281993810519639,-0.312114189677464,-0.0775907611855298,-0.153849618841446,-0.501887922920842,-0.545191680648612,-0.204096229925302,-0.0851693973595986,0.593709060080928,0.0682192364691287,-0.175388641232494,-0.0952463562205956,-0.35202212444823,-0.388612662377086,-0.155689206633612,-0.24243571762736,-0.141481278440173,0.144504618593349,-0.135581876775828,-0.123436339426814,-0.304858461496463,-0.125378696306925,-0.17964724856701,0.0322526917797133,-0.0275518483119756,0.00240284879681843,0.322696610138363,-0.443723637923002,-0.38383607287593,-0.176839509433055,0.100542395929692,-0.0439684516111678,0.127676571769747,-0.134478482482202,0.0315252634781939,0.119339779264873,0.145953861245439,0.177109797847659,-0.139172306069701,0.10366992282497,-0.323028039079498,-0.0890840795932969,-0.0811018154028023,-0.125127077167299,-0.070314606401593,-0.336806266905777,-0.477486971605113,-0.253749035752118,-0.27322586792727,0.210984972807004,0.261723714538448,-0.241188564053639,-0.107393815139426,-0.0833945024409661,-0.123960198450024,-0.34610599991205,-0.134208649408122,-0.312686509109158,0.623113008999176,0.537312972329024,0.316870871119313,-0.0127080026756982,-0.00324996947483294,0.0373079724681933,0.0518764475122619,0.0151737891270117,0.270458269038735,-0.322640065660375,-0.192355497390827,-0.407690602761138,-0.506609333127495,0.126253141973086,-0.0793450786352652,-0.231282305181717,-0.173404115523312,-0.453605706253369,-0.483962898214486,0.0884634192930612,0.59106836402848,0.258523833180478,0.342164893425871,0.252285789674416,0.287827379388203,0.197594679796224,-0.130572909695763,-0.00443911495546346,0.275765557806506,-0.00874297852664622,0.538575243361858,0.169482222145864,0.256155250101366,0.363822205072904,0.332382751056392,0.254412525211905,0.213518257488153,-0.102394944193973,-0.0698338395722168,-0.0735497584394487,-0.0635272738845185,0.105724734717235,0.0953313047649846,-0.23897273747435,-0.235802119258917,0.0531113205038307,0.0704384968341131,0.0578785047704454,0.271875083141996,0.0141596029988706,0.171036157124782,0.607155363282243,0.539932209728284,0.0912515372282858,0.555235415076398,0.323971683835075,0.528077658781408,0.661703737524091,0.14062699570444,-0.324575322613681,0.305578905456086,-0.42748525075212,0.299054065914967,0.343633203030024,-0.18147241581471,0.0613201064916242,-0.0741669743487447,0.17685010509509,0.68839019692542,-0.302360979273068,0.100361882460426,0.530317555108092,-0.271929394624587,0.0330504695539001,-0.111476053657816,-0.0465387713726366,0.508742634848814,0.0945155489547407,0.123530596852156,-0.0498681180123837,0.155485681194971,-0.25644078800791,-0.10631527333251,-0.146954940413879,-0.113829099220494,-0.0875555098236285,-0.417468696683008,-0.434183437826895,0.170663920342226,-0.0629395092107392,0.38053838722337,-0.292332884123111,0.245006651984744,-0.524093754468078,-0.398241772612287,-0.0480239385785078,-0.0022520610477296,0.123377936512808,-0.257589214324654,0.167190219230898,0.0249711871147912,0.178359420392525,-0.560497325232038,-0.125394273222654,-0.190099788566909,0.155077356415438,0.596824232249553,0.151605311383306,-0.206405786000899,-0.242732112267418,-0.34726042616573,0.0396490291647314,-0.162413581563543,-0.25735449969465,0.21341124329877,-0.0918841391943295,-0.405583348298581,-0.163968695817668,0.27744204034996,-0.0400211687685175,0.0554765044872416,-0.276398519643001,-0.00574325064369628,-0.0545700267369862,0.207202135287141,-0.321517555211023,0.748198096614504,-0.030864721294141,0.275537865965795,-0.250465375479216,0.170872843413618,0.517847162632026,0.400759701596135,0.127233134097591,-0.0421018396885306,0.0698965788663687,-0.0784172989297078,0.361812346844448,0.397845224356529,0.106430389722756,-0.0675953522740523,-0.0193283295616429,-0.0357089603293734,0.322287482950589,-0.176658378973921,-0.254810023630435,0.0644800901563214,0.242516547995029,0.345226738821472,0.0247324112864689,0.162894589876184,-0.410652232394129,-0.296317120171915,0.0973316712701348,-0.260248962317545,-0.0315120590976665,-0.548028199137922,-0.365424966897935,-0.0971138399737751,0.00413513801467422,-0.366411448702642,-0.179667225342261,-0.252016350391708,-0.0793890277199386,-0.0479452127544574,0.471720364957481,0.266995690181062,0.264136155913526,-0.225021247835192,-0.0292369966678429,0.0128061543688569,-0.0585352746583672,0.103645619204856,-0.0607861046036233,0.0751643931499991,-0.0906452054165102,0.0116966682456264,-0.588055946694088,-0.267729636451099,-0.0756741015042177,-0.310030279322595,-0.421039421201288,0.3655699633144,0.367866658200835,NA,0.358401753502185,0.162873394626638,0.352835339176524,-0.286015968970627,-0.0549862483518608,-0.0628033808221692,0.11687671255336,0.287256948814771,0.413525844468178,0.33845395147819,0.753507171822225,0.378668184704127,0.346546104997592,0.341454718103082,-0.1676511375251,0.288833202866824,0.20888012244502,0.130791186243083,-0.091777521071728,-0.0783294022885006,-0.10311207507801,0.08042085721241,-0.218519864445398,0.130870256537743,-0.253687415319217,0.130541129737957,-0.0998952783902761,-0.220975478386929,-0.190307767223736,-0.269260700363695,-0.323590098081557,-0.259167652024243,0.066011598856235,-0.13054187691272,-0.0645726347797519,-0.204642858718912,0.98393489992658,0.61405620062415,-0.0412147113408882,-0.216401300020602,0.954501221944472,0.30821113741506,0.703748908558591,0.865296706115516,0.907336751752791,0.411507601004663,1.02482900308009,0.261498834575589,0.430425935082785,0.326456285164863,-0.0342159336001301,-0.0886915286981155,0.211616918743736,0.24936766145946,0.0479604698756384,-0.271193290975844,-0.393820901110729,-0.00877704601303177,-0.0368827498664306,-0.125874679388971,-0.195713803061644,0.0847224298683039,0.0298744962700855,0.0891994862913375,0.278905284932986,-0.0642730990168887,-0.0932386759948984,-0.148683523814066,-0.0897596133199279,0.164384283109813,0.534863109208573,0.526486935620639,0.817578861188018,0.594519330732668,0.00971562232244439,0.143825572121927,0.0711130165983462,-0.00996133733975955,-0.0715140623030159,-0.187281526141512,0.461992143125258,0.375254364379186,-0.0940904469340756,-0.265428883131506,0.413886218618635,0.555360128730265,-0.101641164583163,0.122302598949086,0.0839896985761108,0.239705499493195,-0.127892235441972,-0.0297970465378265,-0.186463627347029,-0.14291434457753,0.0415542543182564,-0.339911399090497
0.440440636312249,-0.157469032079141,-0.163036791399337,-0.0340924792800043,0.0679765298696319,-0.237985939423091,0.0713813984166547,-0.262074896987039,-0.0159029619000892,0.0159415486459528,0.245801474696346,0.0593763403948699,0.199358627810186,0.385133770348117,0.161879317864807,-0.0197805396857571,-0.212174262806944,0.339624468809177,0.0945604671090936,0.0125095309423413,-0.498918549911663,-0.316102646745236,-0.190567550946516,0.0552162423015467,-0.127340285751253,0.197319400117282,-0.218745582053039,-0.0234574425123715,0.430298246801508,-0.545858203893678,0.0902095005576341,-0.0890214093813753,-0.0328327255684296,-0.219205057670915,-0.177081661079568,-0.121677277620707,-0.317772768773078,-0.151621794331713,0.013185198891409,0.185930046464251,-0.243503570386564,-0.441269636883166,-0.311016810219189,0.192777828852726,0.104850487659456,-0.186801605377857,-0.0606466825974864,0.00627309524273302,-0.505526195118829,-0.213593916335039,-0.270547817228024,-0.328296857044578,-0.128315454312969,-0.083317202102556,-0.354301237568467,-0.0656419623505809,-0.221865581510766,-0.124980908168781,0.209077956020068,-0.360573412171645,-0.130382805794074,-0.187283460634633,-0.561204441075204,-0.286568452270798,-0.0344439684082649,0.0375649302722658,-0.122631989095958,-0.203611603891497,-0.29771532334765,-0.0689445328091982,0.181705526593619,-0.082721089285819,0.0905266071400635,0.0168404986692226,-0.0149695620996808,-0.330368556171902,-0.328692582038457,-0.0743689989509825,0.0595951209626497,0.00778479066031794,-0.110595481053717,-0.29985445267813,0.15137738883127,-0.22085362003171,0.261257859015217,0.247042985701919,-0.296382731409469,-0.0452350942561328,0.0097217342822113,-0.394174913339331,-0.330606246480415,-0.228618552753036,-0.385316453599548,0.14476159180157,0.391085396983105,-0.129113329608721,0.169668204235627,0.228632241945168,-0.118182142866403,-0.0388196114767993,-0.0747419978642451,-0.0686737732114731,-0.358212839852432,-0.263594629560454,-0.478097230502235,-0.315871419334862,-0.0682034278214584,-0.201852191610539,0.0221648235789744,0.0858576009871746,-0.189938203034032,-0.413340297201956,-0.331093630697009,-0.0324334729785048,0.154771341947047,0.915707026239832,0.75508381282681,0.380743293731283,0.507884615932606,0.619747062556249,0.0317427355311399,0.108394716572889,-0.0146938865459208,0.239022011389349,0.70995808794371,-0.0872592341688521,0.0992731925910417,-0.152230668354858,0.0408981497708162,0.484964304162892,-0.104060827144181,-0.158458350561421,-0.101755043703492,-0.176939805992698,-0.0168663003191983,0.10962394796366,-0.146797447590065,-0.0232503522958543,0.114171079909991,0.277077979984716,0.131716285511926,0.273836334674301,0.369328115793305,0.678454110288154,0.208598561304158,0.130830258011594,-0.0683478199698257,-0.11473932712723,-0.186204676237008,0.398643289534151,0.319598400101691,0.67811609501274,-0.187917647293813,0.631984835004009,-0.160287934523557,0.22241360033034,-0.102142598426262,0.0573961329022447,-0.0629327610598458,-0.232869375110903,0.228799608240135,0.440358944010259,-0.331330974391358,-0.315059341177449,0.110190546192172,-0.112176577588964,-0.262443863508567,0.135167637179256,-0.116588042752886,-0.00989894683646588,0.0150847966131612,0.00772786199177159,0.150039227894188,0.773057064305726,0.00475482234471722,-0.00960438081654,-0.216869915560574,0.241526299216581,0.15261483287732,-0.495635183917158,-0.0484218613610753,0.138716129202511,0.251252511864181,0.560861525164412,-0.206011621769192,0.349477797970239,-0.29973189747582,-0.269891951738009,-0.374260041821156,-0.0510097304699297,0.0760781091532256,-0.107571292654786,-0.0547724204471546,0.172692203299177,0.209090082509852,-0.394016365982877,-0.204271557095664,-0.14781443246265,0.239133910934751,0.240192567859964,0.274159706716117,0.014996915266799,-0.0776597948971623,-0.153641347772957,0.330664946188688,0.135249515114772,-0.257314885891913,-0.105195892454499,-0.288411849733278,-0.351719376075029,-0.101633271531792,-0.0957419212372872,-0.0530694907404248,0.0321340237423724,-0.119409510307789,0.0443501830454914,-0.111261690077013,0.061898420694615,-0.466581594136557,0.0499825686861726,-0.096428266549305,-0.0510082593043639,-0.386977547516402,0.256518549772767,-0.0826183487260444,0.500021182155997,0.0326735093575621,-0.0566306878108616,-0.103674187314114,-0.302650934135139,-0.0256935158966513,0.219415282770468,-0.293861494428101,-0.0104887213270596,-0.145081215683933,-0.0451184815923951,-0.0235234204862555,-0.0490008940512592,-0.393348002605917,-0.0342173120247553,0.0829249992631515,0.181450452410206,0.00818448643221546,-0.202011611533691,-0.19795862225065,-0.206994739757389,0.106034640687688,-0.299726544800966,-0.261057507554921,-0.283847559250693,-0.327685935585957,-0.331548403381164,-0.0978116655238452,-0.444252840721149,-0.396510797539248,-0.153848454504923,-0.229143399548617,-0.113298397001595,0.323615153673338,-0.0310570651474529,-0.0717186564708489,-0.421534244124039,0.209541974792068,-0.108781824223533,0.193057559167892,-0.258174964134392,-0.0752293071189019,-0.169665071305538,-0.396104717769761,-0.0222660756697605,-0.308803574672845,-0.358192580885495,0.0911334088744043,-0.225680742855876,-0.411747059612244,0.127187002518757,-0.192588348370767,0.358401753502185,NA,0.0825682460720957,0.960035784043623,-0.148742322218597,0.290392937524228,-0.261017800501712,-0.0616517902522743,0.0818155671582137,0.808572216503847,0.952135963144061,0.0487964152854608,0.423771692189309,-0.304311723208456,0.0553743670267871,-0.252328307406373,0.335921790245918,0.14422293361322,0.344785081814323,-0.285071395195179,-0.176336358278537,-0.0278112038870447,-0.0605809717494131,-0.197340642247604,0.14460430243646,-0.152688274353797,-0.296926706699939,-0.295631371051739,0.0606805723115899,-0.0273928330097244,-0.189664588440645,-0.201103863060592,-0.265847933677561,0.105060761175204,-0.0700231478434223,0.448189669497085,0.0636555512488301,0.611140902287243,0.0981616578810242,-0.33959158745703,-0.235512571601637,0.363279663331533,-0.295917470327983,0.108913941795648,0.790131435177419,0.545898443636405,0.00716587935086065,0.546389634973154,-0.0436639346095093,0.075157681854109,0.0868852972618383,-0.0412470401453073,-0.203033107094655,0.396695441841713,0.209061460310224,0.160103395418746,-0.0824116922619973,-0.129976493287325,-0.00550356370550996,-0.0667369069837738,0.0934801490812178,-0.0328474791336689,0.0447797312640631,-0.0578337036195541,0.220042726204938,0.490470213156907,-0.0265291991884729,-0.194104113498156,-0.151369447733591,-0.0710679501498505,0.0258215279869117,-0.019411747152266,-0.00556803332133229,-0.000797991567005954,0.123779354516454,0.0606858266690387,0.0246294744040982,0.326558262433814,-0.0418342943458369,-0.0788682942870278,-0.388970036092257,0.0996382594892013,0.101526580452472,-0.178947152740032,-0.251173690142812,0.471892172850382,0.547960101183812,0.118413163377273,0.409101423452145,0.0795908981918226,0.220275375091279,-0.0477406256285857,-0.153385517282483,-0.236189408099953,-0.112133505827876,0.0520408887610741,-0.00121622568173175
-0.0329972534871222,-0.341427327770249,-0.272264943792023,0.224998158224294,0.128437082228121,0.234857196620736,0.0419768412816724,-0.199274584439554,0.0184400297361961,-0.493501245067909,0.194634492434211,-0.16163028208087,-0.255946449807809,-0.150035060451386,0.222876972507458,-0.0975036293884083,-0.1703750437049,-0.137696245657415,-0.0202866911606909,-0.226165214217859,-0.321860962195313,-0.090150367969518,0.0954572303272911,0.382852532077259,0.279860068002444,0.0302574610868889,-0.164466092632887,-0.0466277340289393,0.0733728420208044,0.0703631548556987,-0.156759211120138,-0.194404344302381,-0.147839675588839,-0.0418467021440515,-0.280079294883097,-0.224054996444988,-0.223110373520847,-0.238887293161967,0.087570068498788,0.123321213316338,-0.134500037411278,-0.201881438709969,0.139647074441917,0.165389729397828,-0.139750681009747,-0.0649466738571633,-0.0708473526566024,0.104687797430015,-0.199537388256383,-0.385825952441794,0.104583800488348,0.352437266420535,-0.212182851991463,-0.251713640189824,-0.139321735510771,-0.260042481225055,-0.472389800062453,-0.294206848307493,0.0197939174208046,-0.0448513819849464,-0.100073648718573,0.0774792031727381,-0.0266569659471703,-0.0565022522711639,-0.413436522422965,-0.176194308961626,-0.306770107662411,-0.270304660656141,-0.274904700699256,-0.384541806356872,-0.219064948776394,0.0877678470957773,-0.0724378672176717,0.080954797221225,0.177262405521709,-0.0824661557160302,-0.310480409152365,0.201010130045078,0.0680785124409342,0.0822181838271456,-0.360096674941145,-0.0749935925066404,0.0615066096124473,0.120227023620879,0.00746234770469661,0.0983458315857047,-0.142974748112486,0.0168552371529015,-0.386889982872758,-0.344855428943403,-0.140771651312318,-0.129624128443532,-0.385202565559686,0.162278782032929,0.152654390982037,0.279497775575987,0.15787266190067,0.338304723175295,-0.045818209117482,0.038165190045079,-0.435996954756679,-0.00646462868108684,-0.334679243000421,-0.316579403638124,-0.252896493902547,0.0983056128268549,0.266857288035209,0.17915997860071,0.104742802036853,0.128248034435129,-0.19547276820124,-0.0549872230718061,0.0521054362744919,0.0715402225665067,0.258087245696268,0.305132684402417,0.0597731230256605,0.261175571032922,-0.00244567371797495,0.0929501620520092,0.247410311741288,0.471690249403419,-0.0233138062688809,0.204278221287606,0.170013708865838,0.446415066420635,-0.0507244593053855,0.170936122924397,-0.0568740651622679,-0.0297954810501242,-0.22275981409668,0.00398033880860424,-0.219544322987246,-0.200219646724286,-0.151424234953691,-0.0819515469426584,-0.0245591571174313,0.172172936570145,0.0394153161398358,0.277798627927069,0.384465344276296,0.00929516477815039,0.0500349298061448,-0.0695576381610091,0.120602599540871,0.061918925820499,0.326949194410955,-0.135232423407773,-0.0345345526834883,0.033319232878481,-0.045606985815614,0.240890151329678,-0.198034444054351,-0.0130552009767846,-0.124156040010483,0.262537056428319,0.446521290666397,0.196911293516583,0.266061454467181,-0.108424892634366,-0.0549766739818605,-0.0446313760634755,-0.373788738156988,-0.30186992076166,0.282009695154057,0.00365263183751234,0.458219588147646,0.11327974526492,-0.0692497745571985,0.263093867908572,-0.457650705773641,-0.1350540336434,-0.0807838944157012,-0.146608674056252,-0.0081915979102549,-0.208083878767683,-0.356824433829002,-0.2740303091167,0.0759007758152432,-0.368874482158227,-0.0520449227180864,0.469588348400295,0.351787179614531,0.377742419508166,-0.253080185983401,-0.20012183002517,-0.17149427970406,-0.05633093241938,-0.33276720073687,-0.119266610308512,-0.149280751773605,0.010349103848596,-0.355034707275725,0.0857142969229075,-0.0284403032360031,-0.189539183772681,-0.183063446057683,-0.0465141566924681,0.134406791803799,0.453150476533934,-0.171835888530656,-0.182157852630937,-0.144112442013116,0.0597643062970329,-0.161270956299931,0.0489280567500941,0.0827359085109995,0.094347143720445,-0.435380097659038,-0.423620019674424,-0.131042790926464,-0.216417050514325,-0.24981931562398,-0.329687662818002,-0.230223381959385,-0.318382554587157,-0.392923990889895,-0.286857328105965,0.0874680775013047,0.347437894560512,-0.155584734372645,0.179658501036699,-0.466053836539584,-0.1535330787628,0.133527740122222,0.114835439543254,-0.27760845311322,-0.00820295094639851,-0.0910526707751178,-0.152259067442826,0.117190307448989,0.083609296769467,-0.0965472474377801,-0.152328922414679,-0.090204351422894,0.255192451816168,0.24683321999554,-0.453585608423025,-0.309548317148082,0.584164836367229,0.216443851695366,0.283073818202415,0.134138506771053,-0.378232225242665,-0.182365463165445,-0.258145780662758,0.396269555298338,-0.129016440704934,-0.0936111773247791,0.0443410023524764,-0.217668149763655,-0.124052325276561,0.0179908764610435,-0.206370354409142,-0.463858058076455,-0.0493657970682749,-0.0977669031155618,-0.144212156876487,0.210316333150234,0.429964412559169,0.319085588678479,0.0643574929776121,0.357548653471805,-0.159915390461291,-0.131052976741788,-0.0319387200244032,-0.230062406489781,-0.348602370732007,-0.264841215738497,-0.451987148379887,0.0331171727861123,0.120299779935961,0.148115273696307,-0.067600345925651,-0.127380065210472,0.0697441807010016,0.275918493864279,0.162873394626638,0.0825682460720957,NA,0.0820764143388466,-0.0772560371987605,0.227754875393694,0.292491312473562,0.261845175474292,0.0714267293087408,0.570258236827214,0.377701564467813,0.366939356216127,-0.146929329616196,0.099342061449166,-0.207453088051505,-0.0988858396806529,-0.398695056646118,-0.232203599418283,0.0815023631324015,-0.294677205517441,-0.00226586646343088,0.0608404566339796,-0.529313356844602,0.0579877099890048,-0.199300837321331,-0.473625050027062,0.0883624784526917,-0.0475633132644604,0.151361098216136,0.134486303424484,-0.00116230783844703,0.244633944473671,-0.192758920264376,-0.349440423254845,-0.318196042574985,0.0963069582222592,-0.027160264795248,0.211516354873207,0.179284051195473,0.0481921601609202,0.139356504389309,0.202127105394704,0.217169273882271,0.217261633780499,0.129567450391334,0.259088107205416,0.153933490215503,0.281083513706075,0.43808555946427,0.438940605921586,0.451729960467391,-0.16805496940523,-0.0784138605416864,-0.10765076055525,0.00124073414363294,-0.10722724478995,0.066321653288139,0.0122862621971758,0.260721997384626,0.184396828026761,0.0863219678643424,0.0400546247334989,0.0313770890724249,0.0934474975956003,-0.320684327304687,-0.178585541393921,-0.239856657222215,-0.104459518462803,0.133089339803223,0.300662162844462,-0.0463771701044955,0.256159091883207,0.100663098090706,0.241658787663441,0.059854321281113,0.0664785199906526,-0.0624836816358238,-0.203477259203163,0.0968497712106801,0.0966137126804366,0.0260402422882852,0.18471432470861,0.299855140188413,-0.0520037463601145,-0.0965387247591575,0.0238704295136088,0.175370800815886,0.127124526334269,0.18894737853616,0.138704803957774,0.170472651191517,-0.0750729409504801,-0.158939461497615,-0.0780884723288088,-0.128412181917886,-0.103149627776008,-0.0822463376512905
0.679114682484945,-0.191014676865413,-0.133965194039743,0.0941246334517296,0.0638928561288621,0.0508219349049354,0.0437481514322063,-0.201071422709368,0.12836964721414,0.0828678982169178,0.120607858412792,0.0342080005314627,0.220698403365905,0.342864423801261,0.0787905383081123,0.0153602061793195,-0.245374455218553,0.370764564683222,0.069126528245952,-0.051905389070604,-0.46713986606536,-0.322031056852702,-0.0563503802959534,0.270808472784598,0.132004669349251,0.286533565114928,-0.270495192036763,-0.11749429242177,0.286131592783193,-0.195343699629242,0.0802994303103538,-0.0424576029009057,0.10482459047736,-0.193719960998327,-0.0102451422461712,-0.01803521286396,-0.329464039999427,-0.155514531404547,0.0850114353614987,0.189582724222814,-0.315022512479157,-0.19961783136255,-0.119924861839449,0.365828512364609,0.120672508551685,-0.0941293959244517,-0.0129851188941729,-0.106899837176757,-0.425893663231804,-0.319117431241344,-0.10318974299334,-0.149122797546432,-0.147566026128021,-0.154526569775683,-0.399282686486641,-0.150486467965108,-0.229755491455818,-0.22044550506382,0.133402018323123,-0.177953167749809,0.181520483119464,0.110277477649268,-0.362970750543003,-0.147576484940059,0.114417785321369,-0.0869228961784075,-0.0249640072490337,-0.237197557707883,-0.102538063928998,-0.0113924601446836,0.178335275543151,-0.202095312189153,0.074484906270799,0.292688973705259,0.295975626735727,-0.462556870051826,-0.488697318023405,0.0750434117810663,0.182783959114629,0.0217779294542556,-0.10167090901545,-0.448485240638552,0.0541857139471186,-0.10716014032819,0.582468998541589,0.524043050093954,-0.283513438296717,0.17956462926498,0.102682636456854,-0.224222791575217,-0.333555382364693,-0.0696629624652202,-0.218078883191594,0.26614324042035,0.563264902182246,0.0212777721242028,0.124867632031526,0.178291295310203,-0.0673970911954435,0.050181038740649,-0.139901672831805,0.141101585026523,-0.319741074283659,-0.300754174675889,-0.468683204201087,-0.216144655053082,0.160571987879354,0.019131875557726,0.269072924693892,0.0191916378482181,-0.206546295825835,-0.199881630286007,-0.088036589680985,0.138611901919776,0.0439915608982067,0.921894611412695,0.620252548396487,0.474983710372054,0.77221012285661,0.704065947183013,-0.0197636939673274,0.145406250535306,0.134678683881387,0.306329384845851,0.668492179979957,-0.0709654478736374,0.19295129592743,-0.126721783275182,0.147020786638623,0.503537494229993,-0.0324470773673803,-0.155394814042004,-0.0043546678321536,-0.0959186808156192,0.00218957421895678,0.249760054222077,-0.0611476949228247,0.0252334420794922,0.0649774151611082,0.236940762134987,0.24294533375824,0.247286901905195,0.339987540569149,0.535084229431669,0.342113358613508,0.310060594837693,0.154677548441165,0.0784948628388401,0.158227513106645,0.523792620107775,0.486594907566289,0.422664994037878,-0.203378921517712,0.497291134126548,-0.16242870689842,0.411268877314839,0.0510049974326452,0.0722625443254353,0.0365786057318416,-0.190669696773037,0.238864170429784,0.438417261985937,-0.236252342284651,-0.223296284815262,0.324025367901117,-0.144930785178084,-0.207099101493779,0.0706744471193857,0.0847863173286324,-0.00651255312814808,0.0799164339088509,-0.0878984242572645,0.10588482980884,0.607111130870997,-0.0927954338165808,-0.0458354344974405,-0.141001334135306,0.266383538927328,0.0620425788139249,-0.428241344577777,0.00652965563626806,0.160252490653016,0.0156284959597276,0.431807302726637,-0.285270619611535,0.230607112647969,-0.302709025996615,-0.386018871153227,-0.344629963615607,-0.0234649383781377,0.239354245716971,0.141978424510044,0.12354405838015,0.176863541622487,0.115529347812778,-0.498124126891409,-0.0899203394597432,-0.158345404432847,0.171131711702969,0.205804148567369,0.302977617774543,-0.0363373335948085,-0.177030545853626,-0.148276441082643,0.302516284812642,0.126706226805605,-0.224513596116843,-0.0532282259109808,-0.170421924288665,-0.27139356916709,-0.200887317499927,-0.0921440604629425,0.0230523288850394,0.0215439049875887,0.00110058037084288,0.0363068713311094,-0.217696665986498,0.0310664318143328,-0.314259919986483,0.194126163841622,0.0162047394711774,0.267036959790646,-0.408194255351595,0.348153938153416,0.037295864819979,0.537235473668037,0.111379720377716,-0.0569975788071444,0.143740637771741,-0.187377755907271,0.125312938515149,0.205723292638214,-0.0137546880789871,-0.0507964511490345,-0.0901897837501168,-0.00989096743761065,0.2834383836738,-0.159489079134115,-0.281473204675853,-0.00847101802522811,0.388349668734064,0.34651573445818,-0.0280601084019166,-0.0512692842109811,-0.286290589341423,-0.292816732285466,0.0407947624825971,-0.1912273588218,-0.0910311287254332,-0.184308476395526,-0.31751018007593,-0.367104418450396,0.0181115318764514,-0.323899458503574,-0.266030111725735,-0.0902191549396955,-0.194825448530497,-0.162316559484015,0.22547916030464,0.0700316801945502,0.128113244818472,-0.379094827667104,0.106612707578162,-0.174131528684494,0.110124086787503,-0.177596353517871,0.00843216167464438,-0.0752592365118165,-0.238531344659524,0.115898054378644,-0.187196823984493,-0.318421322389656,0.077457941585502,-0.148310581728187,-0.198978312506237,0.38451010518824,-0.115417824570072,0.352835339176524,0.960035784043622,0.0820764143388466,NA,-0.0765708308505262,0.379130329581423,-0.046183327311652,-0.333736251145302,0.0722554236089959,0.793186577125136,0.790840530289083,0.0246656270256765,0.406492673422599,-0.191928554159751,0.0982476568454727,-0.250360812322664,0.339001104159599,0.179540113497117,0.194560779705465,-0.393358599937911,-0.15769257768339,-0.0236729963559632,-0.144293178719338,-0.0997966504909537,0.0505689994995931,-0.0489931104561865,-0.15707891810872,-0.239865006291656,0.0932422187396378,-0.0879014558399141,-0.213739244822399,-0.185288840607054,-0.256716497117454,0.102460675712867,-0.114901609526452,0.29263029971168,-0.0394353819537492,0.576035200541342,0.116225552850883,-0.202971486085527,-0.365814786647605,0.373379745378789,-0.122925466551735,0.335085636384252,0.859418294304447,0.641882418031682,0.203892462258502,0.658889813011313,-0.0156750257117281,0.0654647470475189,0.211945137979318,-0.0634686708764213,-0.078062939365873,0.558823329825455,0.303683495634398,0.249274943093664,-0.239129102784544,-0.199471605887154,0.0355509202963935,0.0155587564701906,0.0463544597964492,-0.0174216863783297,-0.0846662439758302,-0.0903328065175217,0.161321820864488,0.49773856082842,0.0284239485252631,-0.176826486951871,-0.124125743071969,-0.185802878804636,-0.0737126036212451,0.149881814055576,0.201022881287022,0.160501277433883,0.341621291136008,-0.127989771208071,-0.0520972207316765,0.134993552085508,-0.0964619357989116,-0.100464078650033,-0.291241988029836,-0.0430638226883281,0.211318418135784,-0.295658297670933,-0.0907489411492051,0.485667817052081,0.48236189706456,0.104739811008168,0.328284335953323,0.0254592916245782,0.14139749753385,-0.222127470050584,-0.121855497559919,-0.140253725847316,-0.133578808329579,0.0667087296846367,-0.0712639935023886
-0.442152783019395,0.0234555469346568,0.185542927804058,-0.166028657862156,0.109485941730626,-0.238902028785079,-0.0466974900196448,0.11088311172772,-0.0647233151917864,0.141942913831096,0.523726562809651,-0.168462194789721,-0.0186521709389141,0.0913485875028003,0.391348254362263,0.179576215655207,0.400557288789013,-0.243255848335793,0.161275652070253,0.144907144046355,0.202239452362467,0.231434382277752,0.107731404643085,0.0577861143733059,-0.149245477814713,-0.133445048509207,0.178984854740904,0.195994952391615,-0.20267085715348,0.39329204074168,0.0513391871735173,0.156939821885176,-0.124294144949343,0.143961600116779,0.0391723689165403,0.0371179197402777,0.181914628212246,-0.00153975137174646,-0.0944014484490295,0.329162784659961,0.119801895019337,0.161772205423787,0.212840403170688,-0.220611555755071,-0.0198221545052323,0.0411568867813658,-0.113940373416789,0.145512532190594,0.287615781674199,0.100188126582612,0.192417000669614,0.0462990578043334,0.0472211648027386,0.192055565235132,0.19069229745514,0.0708894859316808,0.0153546849135695,0.192638901155404,0.12240414875486,0.20320388933674,-0.213827799702021,-0.325903317158931,0.180066708940652,0.347091484157769,-0.0753730031486064,0.184747005915035,-0.0817265779455674,0.177135574615606,0.0712431001130578,-0.0882895117176739,0.0337226160115282,0.0899474802745869,0.0491520683517052,0.254661365881138,-0.0738267593122419,0.128960973104646,0.0885896769445121,0.0924885543997579,0.221935934951958,0.0560380750865973,0.376932608186857,0.358081444233933,0.332845063894215,0.320987853295204,0.0862501722612728,-0.0681044716283527,0.094609616614516,0.0916107651915717,-0.299756568920259,0.143742267358657,0.266170006148031,0.0583534393427716,0.0692484488589737,-0.200907351891882,-0.318692089304877,-0.0316374071575852,0.0585945792654884,0.13367305237229,-0.033120784785625,0.120304056186524,0.0897495434584301,0.185623483203606,0.244223005803389,0.386013258321276,0.385630103495293,0.426894715039556,-0.078060664446996,-0.0913295676986627,0.108046618836627,0.180109650631346,0.13319301467909,0.426527249228051,0.00606112242654068,-0.261397581327312,-0.118509983220118,-0.30952135250749,-0.302750134238064,0.00925927291175469,-0.083360822263519,0.117124976246217,0.0517250875986085,0.0191178102260402,0.0524506372576478,-0.288780935674573,-0.17496952891061,-0.110949304870005,-0.270572911855678,-0.221558873507293,-0.131155920158581,-0.118995897029114,-0.00215324356112589,0.123696162789656,0.174628310204164,0.303737225668853,0.0601911892564099,0.00901598863019266,0.113715899477988,0.260553431215104,-0.0032093244105315,0.127500030229862,0.0876064925776664,-0.18562192076097,-0.0979943635943048,-0.200043499844509,-0.237797729331305,-0.307143749319084,0.00586399803810798,-0.164172112023032,-0.296795080446485,-0.22887489635071,-0.152596522472041,-0.257671857259657,0.0108505211583483,-0.0159248154401225,0.222341917600881,-0.0806187985177323,-0.0656340149537874,0.0700166581614285,-0.0195031735585613,0.228968624919696,-0.0317167070562239,-0.431807493888438,0.159922738671034,0.148180623227923,-0.383734370986619,0.149489401520173,0.155712029314455,0.332344049376217,0.0722404137622364,-0.109247828924111,-0.0851380049604714,-0.0340739382268394,-0.188238070398739,-0.129743745335578,0.43244694828284,0.267109324449179,0.0341895734935854,-0.0790915464528164,0.0499519178328832,0.143019562126934,0.0980940536286306,-0.104733728662054,0.117892659329202,-0.400334627994566,0.169126930321102,-0.180474136258605,0.248630287161097,0.0603551049871364,0.0177635519945972,0.136067366074221,-0.119316581507077,-0.0557995611515522,-0.0385816751721924,0.00992127384096248,-0.0171256311790048,0.448671543583262,0.295385372965512,0.306272272949526,0.0339795614969861,-0.0919479308148628,0.0969300583078235,0.00316144822088932,0.167520805973369,0.101617870003174,0.222209558719108,-0.219536866988543,0.262465024687177,0.0351045930371838,0.0628069370150668,0.289995288274369,0.117356181775952,-0.066570877305547,-0.220062495002748,-0.218726571917944,0.0406919979162173,0.0306647757822323,0.0422116351740947,0.00317425778454889,0.233499626289315,-0.271868785886826,-0.301451980086312,-0.239245506625736,0.376427909009955,-0.192032251016569,-0.248614256059348,-0.147222402197168,-0.0276927808672048,0.0838475975785236,-0.143917796753891,0.14983961195868,-0.141684427203327,-0.30793015627192,-0.16272925492944,0.142801120735462,0.395358829877575,0.218754945738238,0.0194000060138751,0.141021541734876,0.205852206343872,0.233357679038017,0.159485217139826,0.00684615459270904,-0.0724576529831653,0.131924891747219,0.616519876213427,0.240118806167815,0.0436348351199557,0.241625246566778,0.000865793378612232,0.256716292866439,0.215716752760992,0.12204371714777,0.15000951143845,0.144991735097696,0.0596929517689455,0.161934878665757,0.152489580559561,-0.0141963560894637,-0.0483516109020922,0.0767794334751176,0.0650746420448721,0.393564760564047,0.121683183465117,0.0261275207290134,0.210698094203787,-0.027467832867208,-0.0442414005578376,0.269633620184075,0.0802114481072745,0.0371429643075804,0.354348843731325,0.181100452248163,0.16547129888572,0.383015283148566,0.425708457824667,-0.276586691746946,0.059435434751593,-0.286015968970627,-0.148742322218597,-0.0772560371987605,-0.0765708308505262,NA,0.0795882233469194,0.091676133157538,0.0391544699891127,-0.237629595503506,-0.173166617684538,-0.191831809597528,-0.307004969261733,-0.252122445381398,-0.118569391799141,-0.138410530647077,-0.0899520552221778,-0.0970816349371921,0.0202476316307605,-0.168966926277291,-0.0534070247698538,0.0286060219997847,0.0881687478999717,0.0896733884471807,0.180751901299596,0.164725718901125,0.390472751137934,0.151231467980721,0.00395022424523942,0.285516620863894,0.18020128717464,0.0923602572207788,0.206637005463115,0.0508211372450016,-0.303643970172987,0.169105799978181,-0.336105270061508,0.196432357976524,-0.30148492534346,-0.488203647963001,-0.2914889475004,0.142446032766976,-0.223311178370313,-0.0813939516445703,-0.29854406562551,-0.394153902913418,-0.340645970408705,-0.373029723297343,-0.266007821295953,-0.362092111055641,0.0571817160432189,0.0279704849156446,-0.0365738842474135,0.100535719265593,-0.252363594485564,-0.270511984663646,-0.137591388010487,0.18043775535548,0.197345190831779,0.151600703486207,0.223686947468085,0.0476572526746468,0.0292312512521381,-0.198143572900219,0.202605159645423,0.00485217822331941,-0.145786433097481,0.0360370475935034,0.221217238805941,0.0735213286657556,0.0317961353859537,-0.0834508504568699,-0.0828122234394866,-0.0576560410804987,-0.0608689199662804,-0.154375145439661,-0.115719409091763,-0.217051100813593,-0.0404680178203744,-0.11339010932173,0.245809440225629,0.243761977557771,-0.0505337787716091,-0.0636873545511255,0.0554128844181002,0.0317319661689669,-0.0507649937015279,-0.0175797055806169,0.122820867946715,0.02358055547978,-0.270463298057711,-0.057251518411356,-0.0867912019870312,0.140414545101295,0.605877049298675,0.382025309559819,0.0410789989335571,0.281727346815903
-0.134253330878499,-0.281324063871575,-0.415724809289329,0.16310326402175,-0.0217068032691332,-0.0843762480183407,0.0301700289246654,-0.310893639814292,-0.227858408472898,-0.211542560929507,-0.0664461711673165,-0.113091463046117,-0.368564451946976,-0.207504621482966,0.255958398063577,-0.421124100108235,-0.321418643239561,0.0661454709920139,0.0967242929537614,-0.343397730640102,-0.24165486752416,-0.129111121139265,-0.020190586962318,0.21297630563187,-0.00424768957310689,0.163814666607367,-0.0633142340670015,0.0772154997111777,0.38007717371159,0.00158723645597908,-0.240897622778405,-0.10630284277899,-0.212248128932965,-0.0445956523130822,-0.229747697114968,-0.142023231732849,-0.270490398174964,-0.302329453740246,0.19551297256198,0.16781535672198,-0.0885042411046424,-0.0156828260425456,0.00534531423531867,-0.0580031293650395,-0.172669755981213,-0.312654491133164,-0.347066477119376,0.0891309351757837,-0.176753504557398,-0.25592453019225,0.0952204104346896,0.158639571589777,-0.669480839451669,0.0473396986260061,-0.215121740805406,-0.0735865237552142,-0.512746453509173,-0.272225522628465,0.00197037360430058,0.0889591614672828,-0.195182094573564,-0.112734123556224,0.244016946397132,0.19468228347395,-0.261606206122065,-0.256786159156393,-0.129768579867712,-0.216593488410898,-0.255116668782978,-0.41192635311727,-0.1396363520737,0.034102605009969,-0.10683376364736,0.406891476432789,0.0309325570503615,-0.0927196574616206,-0.574944144412116,0.254988326465894,0.397654731526886,0.340627493365351,0.148979532853787,0.0342265135584469,0.233383006665791,0.342803884726137,0.316714295267216,0.107911381213473,-0.158206108925172,-0.0851881651210354,-0.237518871700253,-0.273780460108735,-0.0751103180940146,-0.009563554115332,-0.248666343330612,-0.0545749627892969,-0.121404545959658,-0.120864472511566,0.290322808776665,0.231699629929157,-0.280645669917624,0.238086527852939,-0.283783251828421,-0.111527675544556,-0.183571231474948,-0.0878314218170419,0.0142131672651703,0.157483155650814,0.0382546916156344,-0.00749732300096155,0.0698535227689621,0.195319589169235,-0.0717058576594017,0.161912873629416,0.0627929944096454,-0.332533091592542,0.0328346046210871,0.396745076787185,0.442013319537189,0.341092510310948,0.17077950321433,0.421895623030668,0.0103971401622344,-0.0149439861472659,0.396703648242997,-0.121474302398768,0.0856095371009083,-0.0281564061873005,-0.257484129992116,-0.425425643720447,-0.0410786851087578,0.0513652831808852,-0.173225445665183,-0.0839041412670088,-0.152810301346376,0.0741669417825386,-0.00659405448273911,-0.121025705190514,-0.154234717175503,0.201946696267275,0.0117163315639518,0.493714638232718,0.303840972718224,-0.018371645691231,0.078025365247198,0.068911378765794,-0.15944094383584,-0.173209399126565,0.163473586605811,-0.272096210039619,-0.0883450354168469,0.0422285039776155,-0.0371003954752198,0.290480082348408,-0.045576208149638,0.0216252207091963,0.0646038155081715,0.058840420727546,-0.158651917511593,0.218223448953481,0.235967208233255,-0.0625130705003608,-0.0317812646439239,-0.191622869738373,-0.333856463691271,-0.517574558730159,0.208240189842189,-0.269729838822851,0.422631761881923,0.482001167277872,-0.0876710919405122,-0.00247960256765135,-0.365645132865376,0.0651121999309628,0.0305320847540103,-0.105166461386468,-0.00652571319634297,-0.40355390195185,-0.543000011001984,0.223177772172929,-0.0845769276861261,-0.190738513992014,0.0342839625505693,0.240767752934608,0.495629598351871,0.406912927376382,-0.274279358461565,-0.0516768954243735,0.101974344630857,-0.0244355208685071,-0.31794522242128,-0.23980144663697,-0.217098334600208,-0.0453256502486806,-0.294978750534218,-0.122357724832508,-0.198721898146324,-0.214746654158417,-0.315376106629717,-0.0790685116041445,0.149022809768566,0.0220568293589611,-0.272910924596926,-0.182915115291086,-0.284276655530887,-0.0414094384929304,-0.193907318416049,-0.115331824393174,0.0910611644784311,0.0306163440509381,-0.334929339082079,-0.231772719141754,-0.179299197374216,-0.654780734231365,-0.322398834748116,-0.287160239989947,-0.121962858000722,-0.293841073909141,-0.320867644111659,-0.219631582146939,0.311358769614471,0.00325081695192256,0.00084103981266342,0.228537265051124,-0.244008448263233,0.0173570249969154,-0.152939488932945,0.114193308199506,-0.342093559640299,-0.321007093708152,-0.0141644784734926,-0.262391868930823,-0.125026390343691,-0.109024405483554,-0.25416918613728,0.060217542111782,-0.00618521173809166,0.480673984957523,0.248818815934962,-0.445331440662212,-0.178367328997202,0.558569231097379,0.509620503827538,0.58923212505802,0.723070438930837,-0.310774665542907,0.0623750976441952,-0.180211118549701,0.418112956289929,0.257337415782517,0.271799686283985,0.385139929507278,-0.242470704055773,-0.377619534653963,-0.0912454153404096,-0.16383734243286,-0.46951563496163,-0.18771504765375,-0.195553859855977,-0.0983223848861897,-0.132805833091084,0.258857200484319,0.0205082916508814,-0.0152330963465782,0.252748009916689,-0.374016373444504,-0.0835437821751859,-0.1266858910595,-0.220743677207734,-0.476275837773178,-0.437994591140236,-0.23712405079607,0.0774357877998151,0.0535516931200332,0.564511897475934,0.109668912935008,0.305490571474711,0.0384344266075942,0.286704528325205,-0.0549862483518608,0.290392937524228,0.227754875393694,0.379130329581423,0.0795882233469194,NA,0.277768598716574,0.0911634595825479,0.158610368966348,0.254841009650303,0.255388091967191,-0.0434626577053241,-0.242929685021762,-0.307767400713107,-0.0520163121484362,-0.294096688808176,-0.108056467608748,-0.094948460929165,0.0840806637018149,-0.370451343581631,-0.243447366919614,-0.0867608147991601,-0.251169664360475,0.401137666043614,-0.199909023411156,-0.0373744292047887,-0.0620963958189208,0.158019438032149,0.237612680685279,-0.108330554241943,-0.00689969435318483,0.0461481946225212,-0.265596971293582,-0.310993786382593,-0.311442054884,-0.015040059177561,-0.218030010353175,0.0645165690501651,-0.0513445364619884,0.0658786968400801,0.0607512602440556,0.0418129438060823,0.00235063122317273,0.179003591335497,0.10648707403184,0.00593775149133342,0.166702890733793,0.158856500496563,0.118585854360403,0.124445492409952,0.377831804514777,-0.105261072891677,0.0347668411723656,0.142729918786214,0.173791767196288,0.0587024831474518,0.228208463084289,0.2305964808328,0.337633025274556,0.0982374969906992,0.189166232876117,0.187855140410335,0.222412536659584,0.233842931264724,-0.150593453021173,-0.189476232698913,-0.135839357073471,-0.371423726211612,0.100626068720621,0.316705497932783,-0.122667620033608,0.10700536809172,0.0309733576157631,0.129585112808399,0.00583627975492384,0.30125761592377,0.173547671664057,-0.0288572643151682,-0.0366226616270491,0.0329968943229417,-0.141077202453047,0.0493763966210315,0.127718719190254,-0.240159464966555,0.051810135593934,0.17151949515237,0.267300528612179,0.393894648680837,0.215157683333717,0.180131474385797,0.198296412713057,0.0325088202722261,-0.0191553106709309,0.0842054465904274,0.00954039668487322,0.158706515714204,-0.105062215587546
-0.15106514165078,-0.336169698151927,-0.178098798525115,0.413159650503108,-0.000730704794791861,0.266739823635177,0.0697722378328876,-0.148476659572465,-0.0449694190869846,-0.120656251239454,-0.0152102824637517,-0.124196489594587,-0.150697240384459,-0.135542914323481,0.247059058817987,-0.0143281783742008,0.080721004834132,-0.107882254799294,0.125183555989103,-0.0260977043557619,-0.130962479728419,0.135130292289548,0.372867638103841,0.399413444053639,0.342717005302213,0.236139934185472,0.108878195987937,0.154547074559432,0.171847548439026,0.123946137250974,-0.238136031486715,0.00663332464912447,-0.0158136870055323,0.0740288924050792,-0.122083669238713,-0.16645636465924,0.0121275789121444,-0.0419533941413224,0.088925847273114,0.0622675513207335,-0.0145838454632952,-0.108944848990759,0.218045712390687,0.153506416047466,-0.0976371169183295,-0.207049335905671,0.0174232512036477,-0.12688358198456,0.0622218839799289,-0.333962060046979,0.0687300829009539,0.270650313733247,-0.284275545914264,-0.058486245376959,-0.0259705632975189,-0.215080031814446,-0.35591362858149,-0.183321409937585,0.0126082841158902,0.429846911803377,0.127129610584245,0.110732943177201,0.50654939082743,0.333249664526528,-0.222157864035679,0.0425591314769427,0.0266648756643728,0.0193944075928458,0.296965357998711,-0.232937805429907,-0.200182450381525,0.0480042556633359,-0.0774489272413223,0.455916127091648,0.339372767728346,-0.10028000536632,-0.184362176228662,0.353769125295235,0.357761910791878,0.400828514816947,0.116365492476054,0.111516458931261,0.0617429432128075,0.403516015520041,0.277291740296529,0.243209166198173,-0.220402078609717,-0.101572275371937,-0.371244095692673,0.0404227574058795,-0.118111096452514,-0.152487627726795,-0.110019139978878,0.0140650068991392,-0.122426325316236,0.0564389779622361,-0.0057189521010993,0.0367785312911481,-0.176909224471148,0.0355625296889008,-0.172827261268005,-0.156739363315872,-0.0555100972064419,-0.061148084430512,0.0827558010889406,0.201255961829599,0.351955591084883,0.176601007290541,0.139629587558916,-0.00932584528976509,-0.0482872078725902,0.42222986780739,0.484548872269544,-0.060771309954405,0.0788216770899307,-0.0967053762455454,-0.087591528514099,0.438901502434045,0.025315808283409,0.064364078252268,0.0791842320196451,0.0222499809855048,0.0189942493763214,-0.0651376609599228,-0.0527434652667938,0.273160267778429,-0.129448340006753,-0.0250207051342816,-0.00487279282074966,-0.326542972610018,-0.128686300650892,-0.105116853027551,0.00737243399945096,0.0387215066649589,-0.0246618695310022,-0.0860021826310924,0.0192105438808975,0.0530831694964871,-0.0870382822852754,0.315372235810471,0.268902690055112,-0.136054821284647,-0.137087691955173,-0.259495176431558,0.0810607803307476,0.0308532647393555,0.529858554969347,0.0721017676488538,0.221722178522891,0.00664577043424167,-0.0869323541058098,-0.0184064245025124,0.0168548109462238,-0.182741590117134,0.0448636645867074,0.120304259811047,0.238958897446972,0.19921822327635,-0.00274423318410654,0.227677353769972,0.165090175981656,-0.278102230181343,-0.265228840381977,-0.158738767646357,0.405974857153106,-0.158583683127563,0.479092895729964,0.345038475199622,0.0366156175365332,0.183315844722894,-0.184669826455857,-0.0654223028628283,-0.0204491113668838,-0.308103501208234,0.0934355988049855,-0.101299905883966,-0.190139647162395,-0.123295499358415,0.0484171941071032,-0.0954113366353421,0.109001830133028,0.519997341374024,0.292983918144313,0.0881925141754268,-0.117137644587945,0.0154370897337335,0.132254677992824,0.071688380179857,-0.309556097348795,-0.287075886175313,-0.0897694293616969,0.0812506692069006,-0.179176002297429,0.0877883898943529,-0.0225955155840586,0.00357070754728817,-0.12606651414223,0.0777732938929141,-0.0914521850565306,0.0646359866558754,-0.101894010266096,-0.121243194819753,-0.0724434506211499,0.101021578630016,-0.081171952804678,-0.099754202327064,0.198801777854045,0.120487073880501,-0.0242341432755892,-0.10987897059369,-0.137859053656232,-0.33062745922269,-0.203945897871673,-0.0381738139530201,-0.0275488256515227,-0.173227941707728,-0.209199041213719,-0.0807201403853641,0.393520586111473,0.233495584790486,-0.146336239315265,0.363024186042933,-0.138842945404459,-0.145467187384183,0.168328131779751,0.0183337090750359,0.04167476879875,-0.181208265827683,0.0282582046540119,-0.029300168121397,-0.113767649051773,-0.133149065976482,0.107399490794092,-0.0638776852068665,-0.0605611254128899,0.507358625605597,0.728804357469073,-0.175458669388105,-0.0703685558167429,0.548364987042276,0.444789409469951,0.679917470008627,0.190528880349282,-0.112574610334444,0.0894819733073903,0.0232784865633068,0.15005077564912,0.195139722946857,0.310864240506141,0.344499990443382,-0.223374039949709,-0.238393139763958,-0.0869477985808932,-0.0501580120956384,0.116330819186617,0.0267688996118051,-0.279341433268298,-0.214530241941884,-0.0625118415817054,0.226223719100782,0.19594069795268,0.0575553567847869,-0.0140043668705347,-0.286546054713344,-0.15899871479956,0.0738896279116885,-0.198133276070931,-0.0786645167342234,-0.0503005188442531,-0.113413416087218,0.126430332735748,0.165673661551995,0.25514213522584,0.123270920989202,0.30188928969259,0.075088822725954,0.467124559571268,-0.0628033808221692,-0.261017800501712,0.292491312473562,-0.0461833273116521,0.091676133157538,0.277768598716574,NA,-0.112793174343019,-0.108587296434176,0.0193848231617143,-0.117608774873761,0.262164599028031,-0.357786787981322,0.114422011916127,-0.129663652599134,-0.241329516461042,-0.219488059476189,-0.328500366373201,-0.302664834976602,0.0227074688639551,-0.0394151136392321,-0.128094295026494,-0.209208741866258,0.34163761750895,-0.348659124114379,0.104408491240635,0.326950440674511,0.0717973303563613,-0.0309145959524313,-0.103320176767923,0.0922059788935793,-0.0370170058010177,0.00894972388968609,-0.261153065416761,-0.282548862114709,-0.0616761319420948,-0.111018836210617,-0.026325738999417,0.190631399520262,0.350064428779054,0.206414763444745,-0.0190906946353844,0.362315956078749,0.304779651473889,-0.156581000145175,0.0619984748374828,0.252762527028509,0.0477334594869338,0.258146867717008,0.22812049765951,0.53242255169115,0.0507899831861164,0.327205955604829,-0.0869648277226568,0.190626577366014,-0.113880837853839,0.14550434177954,0.126473884022961,0.509099206110655,0.268598223392605,0.309814819737559,0.31396731610795,0.223056733532274,0.221063775412213,-0.481166258719902,-0.525243065303608,-0.137217357376853,-0.15561587368641,0.445859910422401,0.257527342943484,0.00845830316108621,0.230723773623684,0.235887446292973,0.174981315985748,0.105389679449246,0.128705518591179,0.169169267909298,-0.278622174213298,-0.246516079931109,-0.109378004591913,0.0237775748334988,-0.0676148226603362,0.170254698322233,-0.134926085027544,-0.0199271421317958,-0.20037829862441,-0.0745736000068986,0.129980922382903,0.0622019631215375,0.389675574616435,0.282495707107672,-0.205668604047033,-0.0795999547712803,0.171894617669109,-0.0111393363500534,0.0916315343732065,-0.156614834479548
-0.193822848105328,-0.0999384321141029,-0.257297869506287,-0.0947105244872386,-0.179978167278769,-0.083411531583239,-0.18898135248533,-0.272442431594704,0.0251214033624338,-0.367122052998219,-0.0341837934988067,0.0930920231683583,-0.354454890647774,-0.351267527898784,0.0425966524488052,-0.104005718584183,-0.124366524911479,-0.152852470886436,-0.0925848489024688,-0.246819004664006,-0.0804221368305317,-0.129105465676725,-0.155092178988013,-0.0167191575425437,-0.00428162373933525,0.0284465495834644,-0.0185922514711036,-0.00976853553396561,-0.12621611104505,-0.122154556536807,-0.346027173453551,-0.156153047600977,-0.393280999696938,-0.250241292643752,-0.450751086527311,-0.309241204177537,-0.106328879895408,-0.356261102202069,-0.282924342546798,-0.208232148795484,0.0284995536348859,-0.153057491737854,-0.0776891855128212,-0.167029751255067,-0.444317427635429,-0.196037827547054,-0.428665699728146,-0.00594244680952407,-0.165002112802709,-0.016480542812577,0.0828849810884964,0.0419158930270026,-0.0706710274420372,-0.144741144888435,0.0903957761334289,-0.129497533067303,-0.162588584764671,-0.152571731167559,-0.203928049917595,-0.13818242391897,-0.541207509004364,-0.119110593009633,-0.110729731171375,-0.210699999777193,-0.412683800224786,-0.055386927180819,-0.0549047147025779,0.125811314524092,-0.36398928415433,-0.140262416961114,-0.11560849924575,0.114243222941875,-0.1208694891805,-0.0088902750333522,-0.17072163672924,0.105760535240223,-0.0343278471098849,-0.0799060096156434,0.0119718040752854,0.070195990373971,-0.160004971865011,0.0678302948753161,0.120438378691785,0.160022259144222,-0.123049914756779,-0.140290155979286,-0.0145946771498594,-0.078298047839272,-0.132875659981017,-0.266741069188344,0.0132715031046174,-0.0159073610381418,-0.133416527289301,0.0543831799434413,-0.18528776587708,0.0672571838817981,0.0962792431727616,0.070779781240719,-0.12828903414938,0.115757107478857,-0.074379828979705,-0.11184743877126,-0.121084989923797,-0.154835326375805,0.0939327524531934,-0.0451753855066939,-0.100555358836896,-0.300331989963202,-0.225723965689721,0.0156743784192589,-0.170296071836602,-0.153177878401674,-0.074086502225413,-0.0590880663243617,0.308731763869011,-0.0415563096370163,-0.130871207225189,-0.114542484196291,-0.271588389338458,-0.145920656149328,0.138134111207449,0.112634378965086,0.0314432652103836,-0.0364037914199087,-0.168370856236962,0.0239910991428133,-0.174066595266662,-0.121981061124353,-0.260150116986822,-0.0909888177911346,-0.228833560618763,-0.180407111935863,-0.0970003877640163,-0.0304150187692843,0.097473533168174,-0.208463697266975,-0.275108723365125,-0.0854792869925999,-0.0887335663451243,0.211851191508984,-0.146007208755752,-0.099543327829312,-0.180870652262598,-0.146145794791311,-0.174452751699189,-0.187496373768472,-0.131028637358933,0.0200353539296736,-0.298101047124281,-0.172068993046766,-0.0634392643712465,-0.0384577408734157,-0.154916704547948,-0.0213267517414669,-0.203566218110864,0.0266826900499427,0.0249160558417587,-0.00311685545869353,0.0853873985409914,-0.164333370810619,-0.239247136650525,-0.0324355246057829,-0.139975158646671,-0.100631876121697,0.0600844717652129,-0.129227325944013,0.199036321214114,0.149510310274214,-0.232152172888404,0.237653992377291,-0.184377743425879,-0.0389545304196424,0.00540534346462212,-0.267042884446056,-0.0942343387359884,-0.224087336730283,-0.269964167168166,-0.107766036332914,-0.14187819634421,-0.0586439852603682,-0.0668082316359108,0.128398039088769,0.258561022979135,0.169913775354872,-0.082988995550333,0.0299621168148299,-0.213044175367304,0.169926780185672,-0.0246754285660493,-0.151919426704671,-0.444323020540041,-0.32709847982502,-0.3343927566215,-0.302784122333243,-0.241043374360063,0.14530096906024,-0.359466519362732,-0.127546373970051,0.135851574110868,0.105022577449622,-0.337730698549189,-0.281085675280683,0.0210473191193356,-0.210236275452532,-0.39821483214678,-0.136564534352818,-0.118916614302783,-0.0758979251394466,-0.212432867022752,-0.162813436791032,0.0734803346439405,-0.00942699239328496,-0.2192554734831,-0.293906640064761,-0.384511599240009,-0.465916082285978,-0.0675041093171606,-0.0516381048223749,0.108844962063228,0.0631068929256715,-0.0489200881572647,0.05930253934962,-0.151507228756318,-0.060407009013046,-0.0748025807020943,-0.0505868573564403,-0.256803249249206,-0.176960655753004,-0.0701394512386465,-0.349008964667798,-0.00638681008013313,-0.278643024803456,-0.0830301919670525,-0.039912129234869,0.0455676338266477,0.262805032360199,-0.0583499258727801,-0.317551840368756,-0.196759328975148,0.126461679673336,0.0736920139779082,0.102546790140677,0.317738597393481,-0.128005208320743,0.000631917731131486,-0.175920928916875,0.224034837595967,0.011677839314823,-0.025066844357881,-0.0798477634449585,-0.0412291414248244,0.115751131975821,0.0907528693244482,-0.0501130107339181,-0.300158207009856,-0.235023082715604,0.122608289491517,0.00722513727800831,0.0333482943053486,0.268845684674574,0.150003554418165,0.261097253581883,0.203294282421427,-0.0326433693261695,-0.0562261871468545,0.0174835757145667,-0.107004956197273,-0.235306546012102,-0.450344410461862,-0.349179346289841,-0.115522435129084,0.0654745133600762,0.115737008817333,-0.193896102584201,-0.0828998944663836,-0.0852997356132519,0.166970102086799,0.11687671255336,-0.0616517902522743,0.261845175474292,-0.333736251145302,0.0391544699891127,0.0911634595825479,-0.112793174343019,NA,-0.153635657917456,0.00984359322430055,-0.0618099246564618,0.320579619746815,-0.238125144168674,0.114303830489818,-0.166667274372513,-0.282169713550285,-0.174617425393751,0.0235336154239316,-0.0249593083128627,-0.105147553587429,-0.205934968919462,-0.218822506849055,-0.160965337898761,-0.0833857739908503,-0.18453832033189,-0.218027645994401,-0.23024770249163,-0.00354730652559064,-0.100619974200194,-0.116763683034517,-0.0861709626953794,0.071075406768407,-0.070715328573744,-0.178670225883628,-0.0871626913801628,-0.0829381886676039,0.000320934859151359,0.0382653743342736,0.0102841342126361,-0.0915270025434158,-0.041205710261372,0.0402680693354599,-0.0207603580415574,-0.0101236238881447,-0.228119863786499,-0.0863088660937349,0.00801615568609271,-0.0631140845495554,0.0847849812008548,0.240425499720343,0.185331617182387,-0.0848038467735867,-0.212057376968138,-0.482755442942414,-0.329065699950875,-0.139016770209051,0.337516787169093,0.226845923916723,0.216829794570026,0.171145507011851,-0.144558068093014,-0.102058417004325,0.149751741757809,0.101158059148625,-0.1572416277586,-0.315079126208212,-0.177082919701924,-0.198814246819228,-0.0713485704149247,0.313577032832368,0.0274732241342503,0.0242333849550636,-0.0538936781238114,0.134742537693359,-0.0561761308689793,0.231889450161832,0.0686426044897847,-0.0868585195955462,-0.124249231880107,-0.09935403774787,-0.123613964207926,0.236176852367229,0.0838698788831906,0.00559700874279848,-0.289544984681843,-0.139791581066137,0.0880036098105892,0.125078116874676,0.0784805356202823,0.00877618339379346,0.160186262393857,0.0878568762080019,-0.195630367955052,-0.0566164090794752,-0.235433892219228,0.134174039989666,0.0128213781258595
0.153517101880417,0.0318701729241631,-0.0555345238284715,-0.000702395649843391,-0.126511387566468,0.167831985626704,-0.223753482928275,-0.0272998473903477,0.0840272652031279,0.135666783380887,-0.0539954272979836,-0.125447187906439,-0.0657520073124334,-0.0733184856061731,-0.0809556596302435,-0.249520218663601,-0.0394923982549734,0.135320842455065,0.107558889055878,-0.103123197264789,-0.0395724186530861,-0.0274457172555724,-0.232620747984818,0.0153453000760256,0.198565493165692,-0.0934717676788285,-0.127165699267009,-0.121187539604195,0.0363199530705939,0.0440805753689497,0.0685266139044166,-0.15833421056084,0.121109108264999,0.0170754723030533,0.198528288410407,0.145411890524146,0.0150182740629331,0.149235757455543,0.0624984275794011,-0.343361757396272,-0.156446277585854,-0.00180462157582861,-0.109531821377473,0.163472920004487,0.292734528037297,-0.152155360742782,0.0445511634319558,0.133801868369166,0.0346016119379043,0.0259393514095462,-0.159391964744469,-0.0709703416734511,-0.0200087529700374,0.116505962991133,-0.0537829213916921,-0.0381156563525856,-0.00905343597212182,0.172544706325223,0.142575524187242,0.0477595899332797,0.0285927836491979,0.343395232729431,-0.0972382811593183,-0.0344072296546384,-0.0329114585059295,0.0183398009416563,0.014020241010996,-0.0240057364084464,-0.0451866141190292,0.0835725938199042,-0.00166124589318108,-0.00514215149795935,-0.135192860805989,-0.203891832947771,0.0615833527869739,-0.0683507027091703,0.0208305849620031,0.142138566189738,0.0312923193835104,0.08794008273313,-0.0805809734761251,-0.122815571662196,-0.16538853586796,-0.0281436213205916,0.160212310144734,0.0432638976868643,0.0151659575406138,-0.0688474957840796,0.0608571623001105,-0.153377530247505,-0.193235379025659,-0.0922180642959241,-0.0820132918685895,0.138410858752703,0.164429464781951,-0.000274089787444862,0.0940365996617394,0.141635094333261,0.043364014319036,0.0687080931012499,0.103440295132235,0.0564269190501165,0.0223899374749933,-0.00773913840844737,-0.143423641284965,-0.236050370656056,0.199652561640531,-0.0429531637533254,-0.121576007437596,-0.224153581054023,0.0658964139675889,-0.0719402013341817,0.121498311866565,0.274064263731858,0.0406194292937416,0.228143873716709,0.158082629855332,-0.0133345885010189,-0.00592455532940917,-0.00898931691087626,-0.214705919794635,0.0638257557170797,0.0969008776342664,0.24131865733035,-0.0183404569199475,0.273809169337567,0.238524555354113,0.0553506528162079,0.317392791655821,0.165487279174704,0.167211651440088,0.188167642082565,-0.417766108373175,0.0356602227833362,0.214615442700058,0.124543410993421,-0.082787029134969,-0.0167173019251136,0.225528992973373,-0.0579111937637821,0.035799539024418,0.269684111755197,0.397811818233411,0.0363391321299493,0.200917565750475,0.33226703593224,-0.130375404643836,0.0748688372308064,0.288170680744011,0.214550603567632,0.180066521907916,0.0492439636338326,0.0178281157195243,-0.104902484351231,-0.231568688343841,-0.00358287491614705,-0.0431651803273861,0.0221320906553156,0.289191404564264,0.0622082995656991,0.0732829771068703,0.093075023823135,-0.0351673883465063,-0.158270110750019,0.0972526021718382,-0.137389393239789,0.0682943689044336,-0.108970882346487,0.353081005188373,0.0751631627220064,0.0884956415666598,0.161899002771904,-0.123049193338402,0.0426216662050639,-0.00362763046336162,-0.100408410903021,-0.0136332360766406,0.0497029958719762,0.244929517658305,-0.0329325865560123,-0.266639627297469,0.00280759543785579,-0.0996287635874245,0.0952158444238931,0.0835298208756972,-0.206869019082349,-0.0236197191093117,-0.0708913564285009,0.162042494269604,0.136170563382215,0.163142500148373,0.0922869063151666,0.193166456443676,0.117300073182759,0.297201305329979,-0.0811710068409083,0.0567043255423115,-0.0673385254852646,-0.267334357636594,-0.00461347796336282,0.0834824391094165,0.183065436211325,-0.170045540685718,-0.0224911287774205,0.123213353354003,0.00418541112055605,-0.0329626329870552,-0.0819731842211639,0.156126334079323,0.0119732572395206,-0.00699567569402411,-0.0410368593729116,-0.0418405368229449,0.0609849007140126,0.0407453314994935,0.221960936495021,0.041408813974648,-0.124288196168233,0.116256935152598,0.138432391565286,0.189378619562437,0.0443810788196771,0.133757808863676,0.0431895126566075,0.110239144436144,0.00300515583390285,-0.011525883396556,0.0401371035535643,0.258589948529989,0.123151971824014,0.231368364882692,0.259112431352803,-0.00924276035434557,0.238533909763609,-0.149877092728602,-0.124292989246921,0.0406728850306804,-0.0972871798947569,0.161457654612072,0.0849005202559673,0.0876603343792467,0.0307525205243861,0.273429110088476,0.0757309509865501,-0.0696109438960324,0.0487883223129476,0.193180983417142,0.118342129650541,0.134867888890534,-0.0620823131405079,-0.00863402427951895,-0.0658046095681117,0.0123739085812244,0.0527840699060308,-0.142481620039605,-0.117256094203511,-0.0178725448702794,0.217214881877097,0.00252662426777808,-0.0734175015136428,-0.131384649352297,0.014404568815251,0.11733202540997,0.0586073211552206,-0.0367530493074463,0.0222836644046725,0.128488289706738,-0.0951273113229298,0.0820775946295962,-0.0594675078960625,-0.113928040274889,-0.00974823311365015,0.0443820759812623,0.228430409955271,0.0628347897400895,0.230576751677915,0.00521248556563749,0.287256948814771,0.0818155671582137,0.0714267293087408,0.0722554236089959,-0.237629595503506,0.158610368966348,-0.108587296434176,-0.153635657917456,NA,0.0741583223486602,0.0313572148126011,0.0132601372821357,0.278722354641342,0.153489570977709,0.43751113318892,0.269351991192053,0.137942855818569,0.134279116262736,-0.0339174400753462,-0.00750679751268751,0.143885713145775,0.289523761531295,0.0635477208869361,0.121727781753695,0.186817341574589,-0.0583777761261036,0.311320576861484,0.3460432803541,0.0717251366655741,-0.0252239504245961,-0.113642733535602,0.0458107933721085,-0.161820358781057,-0.102516588858068,-0.0523059510075128,-0.120181895994719,-0.174671433467019,0.0504879528380105,0.228586048998829,0.215207416326969,-0.0568849010337762,0.0835322819767826,0.139342311053762,0.247335592332908,0.291046154692504,0.0124463928170945,0.276235953185587,0.245306602020207,0.230330074300117,0.00993068901495948,0.0333795992679603,0.0975640898243389,0.148824865824778,0.228858325059313,0.229765854326246,-0.0298315651919725,-0.137159487878674,-0.151174690509159,-0.204356469440287,-0.163805783560207,-0.205895061787736,-0.142986810008228,0.0291621990345896,-0.0758483375558979,0.202220029773655,0.237728063256612,0.0153221361688489,0.0924103193721792,0.1145927977085,0.105641923131093,0.0816945145734154,0.236918166618754,0.153980448688472,0.231609297201981,0.0930692782891256,-0.0266089895502898,0.0552273110704495,0.0671814681358406,0.201385223285822,0.015442494735287,-0.05830957621596,0.102528891490243,0.0159117144373625,0.0367255047762461,0.145742329797744,0.356508065418259,0.143152275413704,-0.0999880330245232,-0.0992839364889355,0.0304709673355666,0.0238197944655957,0.176418015261528,0.0698993364694592,0.147735781389156,0.0275759622802816,-0.0422424204722115,-0.0163241649280098
0.430833326210327,-0.346283377255911,-0.188976850462469,0.0890926295192424,0.0376132895771995,0.0512178088034057,0.0732858839015646,-0.257348663737629,0.0598444106437917,-0.179440200726883,0.236386405180014,0.0634269419618425,0.0344233904159794,0.171576626896615,0.0551818070501016,0.0404660542972964,-0.255301791551609,0.193602928831973,0.0809129717274808,-0.119460760124919,-0.474229804803338,-0.352104449661325,-0.0764144478106455,0.233241275104411,0.186970886577011,0.0974745603472027,-0.15291175069804,-0.113430890838252,0.234937656627256,-0.171468785282868,-0.0242490278114113,-0.185199058521545,-0.133885180922409,-0.0894830577022427,-0.232798631535335,-0.226507630322386,-0.374373240306798,-0.266122662742114,0.145135778694007,0.275156813894369,-0.16237997266363,-0.223454310162735,-0.251301648227352,0.252128877157479,-0.114743877491517,-0.110827091549877,-0.0591915215637828,0.0268670616928765,-0.3863364050841,-0.340528915218785,-0.205316803936929,-0.151351723486655,-0.205553712515086,-0.285302417287647,-0.285969391484955,-0.129867943204008,-0.254038621503378,-0.245987561908794,0.0737387641789716,-0.198748228568832,-0.0599481999107949,0.0935679958520787,-0.280600055724643,-0.139673645091405,-0.123681453670218,-0.0214041352287894,-0.133108640768907,-0.157457010796834,-0.349777460013697,-0.120890442516232,0.0775362006972645,-0.0638870761392252,0.157091964704355,0.182739766433728,0.107763974765313,-0.208826515516573,-0.42487017741509,-0.0268109104488844,0.0440673585759769,-0.117038737099443,-0.196461106894034,-0.252961614356052,0.076504319978603,-0.0657114084214836,0.232695386612433,0.271976023335627,-0.323907536225304,0.0135469010348864,-0.167118189391954,-0.411486710064852,-0.453865765692816,-0.300547892259892,-0.412784243411719,0.18636091327005,0.31292443434709,0.0259916588268666,0.0557510443234364,0.282494460954152,-0.13117254667436,-0.064133864886998,-0.228995409889818,0.0638042005816735,-0.256263224357669,-0.286553570001427,-0.344126812200691,-0.187558771277858,0.113152371949667,-0.102566364398771,0.0625076078137994,0.0525210922095089,-0.113576083040528,-0.197873139962134,-0.201161869902579,0.157747803795182,0.204126480227557,0.894100124778516,0.513369291695778,0.341924915691107,0.381356677722049,0.531420680820693,-0.087383221244415,0.29182320497589,-0.0161182982361198,0.497711818213847,0.691222802732653,0.0923029147746297,0.236747927981951,0.111274615888898,0.0944192031439139,0.441792350802059,-0.0450966132099942,-0.0356600683021047,-0.214664422897896,-0.264379670390387,-0.0623623852486256,0.170444818061165,-0.130029416723621,-0.0201103592972772,0.157902811964403,0.222907910226063,0.223612128329865,0.283476461150717,0.275879299073173,0.239312992023163,0.306759912625678,0.164627247066639,0.0943691891152861,-0.0741535372868682,0.0172496390276854,0.303362250287792,0.186125823485316,0.467434797485265,-0.172736037094127,0.214119762183408,-0.255040066629444,0.295574624659061,0.114551966632022,0.0772951371134928,0.066535816515048,-0.143080684106503,0.217788980003406,0.326220412136112,-0.320868417885534,-0.334507689054241,0.314421254339908,-0.12383247873921,-0.0116755789606577,0.180264372425739,0.0144626367379309,0.00570668456705916,-0.0823250030560495,-0.0130982569828306,0.0766961442723199,0.299950399484962,-0.114674098588793,-0.0963745129762996,-0.266026353140238,0.0345277617928338,0.130100774025816,-0.410990581197446,0.0937522885659284,0.288251780467455,0.151881104192695,0.526541338455172,-0.178718074485769,0.0778677297051126,-0.359529390830565,-0.260200421062666,-0.398177838217076,-0.0914468494565354,0.00824795414488834,-0.0861796823350709,-0.163091729086029,0.17071084285858,0.135569037826125,-0.431223706973418,-0.217858513858015,-0.089798260509474,0.0374380913215546,0.279345245922066,0.107570074681925,0.0262067097375168,-0.0246651649052752,-0.216662427001588,0.149376951834689,0.340239012466174,-0.0356278334647424,-0.176408477413694,-0.258945847925379,-0.504656970818432,-0.128756438626242,-0.222572555631455,-0.0872309731690208,-0.0372639715947107,-0.215356275686179,-0.133475414017159,-0.257941564892451,-0.0143567711117919,-0.154494642272871,0.216392224667439,-0.0948632987433153,0.124591626081483,-0.46359651974664,0.142748192629236,0.11800893779253,0.522822697346085,0.0488736639802335,-0.106099929900612,0.0249579753958448,-0.213804464651196,0.0533875794782985,0.257534211275209,-0.0392369602315858,-0.145063185915803,-0.12045158206846,0.127510259475756,0.179955991740892,-0.232042196449997,-0.393171341586864,0.161823967328326,0.163165505605756,0.260541424531798,0.0142820266787482,-0.292064031828701,-0.183624737489941,-0.233630433879057,0.216651509300602,-0.191767587969177,-0.152407747796438,-0.186757634695214,-0.259521920826871,-0.273932685861829,-0.0619228458921345,-0.455575279655321,-0.415140792097891,-0.160327591141473,-0.275116493491315,-0.147614848842813,0.161134775994134,0.148411061779473,0.0826071700058201,-0.260769962407688,0.239895810141022,-0.105574185432585,0.034902885957944,-0.129773001870702,-0.100289930547346,-0.218603490005981,-0.259846156922718,-0.19736967864775,-0.158290538674879,-0.108002694891328,0.0146435674799202,-0.175582343825184,-0.246676023162458,0.200548632504048,-0.0443751206269566,0.413525844468178,0.808572216503847,0.570258236827214,0.793186577125136,-0.173166617684538,0.254841009650303,0.0193848231617143,0.00984359322430055,0.0741583223486602,NA,1.12407386653621,0.189939629054449,0.22418983254722,-0.0921464774661201,-0.0135883662513168,-0.15806413116343,0.139814642928382,0.0423994769910638,0.235253329968136,-0.446666078264003,-0.0439629821362369,0.114725408773007,-0.457800310880124,-0.137198340803799,-0.0341027271912724,-0.354321040992342,-0.153938314679017,-0.154858610735451,0.204837878725563,-0.0694170441199732,-0.28352858260073,-0.0915539487948076,-0.299427618066019,-0.111823629623241,-0.334046282518479,0.424555916827729,0.0942138251149504,0.484144196264999,0.266028159321673,-0.173364188783912,-0.144582036603043,0.33558198105242,-0.0720157903843068,0.279494286924013,0.516147499166844,0.58887441513932,0.226806780221007,0.597074502263452,0.0941697021546757,0.189360027457934,0.214195832221215,-0.0651122722293839,-0.07260337176764,0.198502258176915,0.296512958341992,0.090664883382806,-0.0699874848646371,-0.070446440190568,0.0852841309559459,0.0308233628783116,0.173360269722482,0.134618667221931,0.0312108746173304,0.0191573076228617,-0.00217868532148378,0.311056249108036,-0.247556685707749,-0.11909654328806,0.00988164492550334,0.0320213826695415,0.149651439990514,0.114438960458806,0.0813101281817003,0.148851619355886,0.162494814539242,-0.0453999011763562,-0.0125333105517408,0.200658353604745,0.129387975614531,0.0378492199643484,-0.132500318374698,-0.00736954668736532,0.139127425710938,-0.157879100077239,-0.225210778077681,0.355569415982075,0.624311700921979,0.217743852428057,0.333702255962078,0.215073763770222,0.265400266734464,-0.0806330963119024,-0.0955223886524544,-0.136675803405523,-0.203093094608911,0.0709992516778519,-0.133357346720937
0.501705973839013,-0.0765697641459678,-0.0574231559181225,0.0674368576765008,0.132425681210098,-0.0639622554370562,-0.0266702440776983,-0.196559491795259,0.0359671264829084,-0.20443014435373,0.211184354300747,0.0832952574187697,0.10526581468787,0.221919963509335,-0.0849150467394701,-0.0065307628690516,-0.331206857025525,0.119954923494957,-0.0558477806925867,-0.0242190184567116,-0.31398774413226,-0.327934661649425,-0.106965285436354,0.131437698992759,0.0197176325670283,0.0982739146036012,-0.310503568339717,-0.263713433978724,0.218741352835129,-0.181665481158661,0.175596540431308,0.0345871902996781,0.0339399638583364,-0.0276214427912071,-0.144094895052493,-0.00367915918356873,-0.216696641057654,-0.0739040624019757,0.290210125778187,0.244267280862166,-0.0554420748058193,-0.309893016965412,-0.376193427325013,0.227606032912859,0.00403039412291784,-0.0163837069165337,0.052052242891633,0.133609764711253,-0.420941374112679,-0.0854824362534298,-0.160988143342309,-0.129642470561968,-0.0485068336540407,-0.0642869148725776,-0.208535727420057,0.0679004148745122,-0.10256746647473,-0.114307433233789,0.103692302582103,-0.264945850660794,-0.00846755360735756,0.00538144287188626,-0.4408767470783,-0.279634132033734,0.0533464801375446,0.0219516984930411,-0.0610895311228128,-0.139007494586605,-0.305225252594148,-0.0958335699336205,0.00996494277208932,-0.199602742689977,0.0187628224853178,0.126049241334035,0.0873291669697703,-0.290527554064623,-0.305588567721028,-0.0516446446048951,-0.013916573841886,-0.131659145566748,-0.22941676360486,-0.462910974073912,-0.0471761679060417,-0.251400797176825,0.130084506193061,0.208681827204031,-0.1140114901824,0.141307687758817,0.00112507833236608,-0.223791928241647,-0.30755484394185,-0.128177624998579,-0.247115491300735,0.181094178310125,0.343312845450549,0.0382896978083414,0.144005048939706,0.191294301083942,0.075028602169567,0.118158856535307,-0.170542941121379,-0.0850245880775668,-0.303046218530842,-0.271112124783532,-0.296933218272199,-0.266242207718504,0.0652873394095377,-0.0743422862978245,0.0976011564378341,0.0520148460536822,-0.258117268017234,-0.284539758962122,-0.1885135514759,0.282108572473952,0.232372758831461,0.921970537654608,0.600746309735103,0.316349285892099,0.403621713749695,0.578213989596581,-0.0289358140887328,0.221467206086492,-0.0287272245111857,0.492860877731258,0.860400594986313,-0.0746226429529095,0.158295524713825,0.139823520237522,-0.0477019559897536,0.426808625471319,-0.0162710108177082,0.00635318454947439,-0.0926517373487132,-0.206746371201088,-0.151831301954355,0.2281241203527,-0.0848751691307632,-0.0646348754201731,0.179148649131012,0.0742314638919539,0.143405149768105,0.247032278918431,0.271471145487291,0.496556257264305,0.256320620599745,0.15427819499147,0.0371826327917193,-0.0515361807161901,0.0600411257241666,0.329519302416122,0.254898433915196,0.471756238118575,-0.242610621404254,0.305698448918256,-0.245930590753593,0.235375563035194,0.0492848703211246,0.10492158653085,0.0368866052480297,-0.136263653780754,0.304074339764999,0.433102559941949,-0.0787161752574781,-0.27502050083047,0.23449576588728,0.00994647622768231,-0.161141978991329,0.0390833186270416,0.0459187974505495,0.0162766865476199,-0.131072981141722,-0.0735025210396338,0.103432396652117,0.511464304233191,-0.186355654712874,-0.0745664802315563,-0.223601205634347,0.213851440435039,0.0368087485257303,-0.304068868265339,0.0625061160942286,0.261932370159001,0.0675723490182486,0.539236210326032,-0.18083402106029,0.169648916570899,-0.403029483539758,-0.235659260076636,-0.266405300724147,0.0686041525158947,0.125386932810831,-0.225320985252035,-0.0315600491164319,0.312284211684981,0.364701523947002,-0.402050473433943,-0.0266323187092865,-0.0596077039068062,0.191412944522799,0.236658188135787,0.318578586424877,0.0528439544997294,0.0612733881435938,-0.13736811572907,0.305891639060068,0.316247600729595,-0.194081981724521,-0.206006319461908,-0.137851089971546,-0.306239343422875,-0.00103568532422905,0.00419523181009434,0.179304618347035,0.172623985347777,-0.123544984664837,0.131780665398393,0.0402629506965363,0.296343513277142,-0.369507417244721,0.111194861023532,-0.165197876571607,-0.019780583252084,-0.313975430023638,0.332499510999585,0.0307585921779662,0.639914226245448,0.13191515848185,0.0157705029824756,-0.146799999215523,-0.249695625772949,-0.00714352539626852,0.403681715355677,0.0278867103290836,0.017281672847722,-0.153335128705447,-0.00557988631680482,0.0569264578350136,-0.134262085864969,-0.28096837657329,0.0559469336631358,0.0835073418215558,0.112887869824059,-0.0927196098201087,-0.15788239570501,-0.251066384073084,-0.274757749334851,0.011328957081319,-0.435710168174609,-0.316879471673828,-0.444603792596904,-0.140750171173832,-0.127780753088557,0.0214018399542038,-0.317720319852235,-0.218428355904113,-0.0283300289072046,-0.194088705253794,-0.0874773557031258,0.2394046860446,-0.0163054450893873,-0.00986789693684221,-0.367216979146783,0.187973870169671,0.0785829774501524,0.242011848756645,-0.0689296992137707,-0.0625563045768426,-0.229810990261678,-0.358178165774375,0.065195306721424,-0.388225797312144,-0.254745912406485,0.0183524598622479,-0.270112637167934,-0.531955064609258,0.112543871899053,-0.171549558218583,0.33845395147819,0.95213596314406,0.377701564467813,0.790840530289083,-0.191831809597528,0.255388091967191,-0.117608774873761,-0.0618099246564618,0.0313572148126011,1.12407386653621,NA,0.084379887337183,0.244976588260978,-0.190678424396632,-0.0476752941987151,-0.2309775351639,0.0859964082353382,0.143080987111341,0.176359112614841,-0.487344676131249,-0.0420831015433609,0.148803834693098,-0.427305957684743,-0.255516212081747,0.121332954443697,-0.375170190090829,-0.261009865312964,-0.278593844198595,0.114154201993748,-0.0106789137466826,-0.206093252632901,-0.113440803276207,-0.204484089973451,0.0784386148833659,-0.268677198351413,0.392365033009782,0.0166158672990079,0.479385009438965,0.209359843295912,-0.206729622071219,-0.274259413094351,0.339735222173197,-0.166261384552192,0.13274958882181,0.576172271738051,0.599029038389094,0.049144542256864,0.53473859757851,-0.00900744981466972,0.0743368311788689,0.011272737405206,0.0930533056712333,-0.149263064488386,0.300981432846345,0.231428588792392,-0.0129622253731427,-0.202151953062694,-0.154173339442294,-0.081135674227611,-0.166962783386105,0.0349915204348823,-0.0359462486854345,-0.0934896519434043,-0.083372494266607,0.101187646660024,0.292577055779606,-0.0847751855410114,-0.287957370273719,-0.203365447008241,-0.195493871436597,0.0597380928176706,0.093861695035097,0.101291871890271,0.0906899364067966,0.13911825886744,-0.0660221473120227,-7.10903187927462e-05,0.339419600832974,0.235338844133456,0.0906159066523542,-0.10935480153088,0.126133750988055,0.162945661515076,0.0696239201541357,-0.0288761069781734,0.405821445433121,0.648311046654954,0.139827221376603,0.437250089259915,0.124626125746541,0.169805050585441,0.104796442525926,-0.00551015118048964,-0.124871439630972,-0.11079923758463,-0.0506240611563506,-0.173343206358576
0.33480126821808,-0.198557099229497,-0.160448645846485,0.1745940775858,-0.184721999712544,0.547946530740105,-0.140961521957509,-0.161638716639219,0.376274878879478,-0.260551600664954,0.0269620943374789,-0.0565514620438006,-0.107262151200462,-0.0549597672004471,0.111784902203062,0.0848971105783164,-0.149047431157543,-0.0215109130677968,-0.174147497254568,-0.0654385304562812,-0.3445638823584,-0.167848322126537,-0.0629137804828973,0.3336336040988,0.476435006630836,0.209280634171108,-0.192831540181331,-0.153088258442005,-0.121577205734877,-0.152344440754601,-0.22690332443612,-0.0817175178682572,0.0317735490504592,-0.287620623466024,-0.118676971847443,-0.0989288399729384,-0.173372955787174,-0.131125793386323,-0.195143828212949,-0.435581045417528,-0.425794142389665,-0.188631518490655,0.216861948394345,0.459359785240698,-0.186104672113945,-0.0976061196162978,-0.124697633434684,-0.454405157544064,-0.28416735028691,-0.30562364907848,-0.0578453078550405,0.224428382561278,0.0926040189821995,-0.194289338119996,-0.0556621798329974,-0.513698568683672,-0.236904470645564,-0.286517144678459,-0.130516778286307,-0.0578655534870187,-0.0495234076949231,0.318968644089388,-0.0761914448070325,-0.237705334672948,-0.334522931623302,0.121453204816893,-0.0486669818662392,0.145997459468486,-0.131827833618062,-0.0786002286931066,0.237283648857145,0.175013598071837,0.149425807388391,0.0302041799697588,0.21732653634474,-0.0693988441116806,0.0336735781884528,0.16853110120412,0.0513432120591369,0.174790981809448,-0.189154215177291,-0.160105634409095,-0.0756619263173609,-0.0106093099026851,0.171474591323063,0.310900191437185,-0.37095838983938,-0.130271062828339,-0.21241630379914,-0.110915687080354,-0.104782749599711,-0.00354228842217271,-0.26102883047862,0.623927618884973,0.414249295538101,0.389652265436056,-0.153181120308415,-0.100131142960911,-0.116554068013232,0.129867930769676,-0.00331627272113546,0.116086579938449,-0.289610139066953,-0.280748503190752,-0.195173568410418,-0.219276477525028,0.279266980927698,0.00524778141594963,0.00793416915578063,-0.0255968423089449,-0.311202913829349,-0.194722268561577,0.257634037795519,0.387610375693449,0.29209942136506,0.108492490622565,0.0838714275093397,0.166646610613238,0.0500070649945263,-0.117050459653483,0.223325968647794,0.35828549887221,0.0397037511913249,0.302891059112013,0.0472484480085314,0.365310155603212,0.317014345072824,0.298885818289196,0.146464045210751,-0.0703044279317825,-0.16081006183849,-0.130965988063915,-0.0377725863407081,-0.0217985651851693,0.115256828828298,-0.15514093852189,-0.0885106898420704,-0.0355587585759028,-0.125160192771217,0.160244545856858,0.133625271055396,-0.0195291454694385,-0.114470201574309,0.0608472191679031,0.415425156292124,0.367614206557966,0.285071848239202,0.387584049358759,0.213716579338833,0.300905753841378,0.407660578645254,0.110663155051319,-0.231738734584123,0.146518068332996,-0.154770681930441,0.482557514307121,0.554487463018245,0.000819919629448478,0.114965727686981,0.120286292285543,0.143724947730093,0.41175084163412,-0.429059121174674,0.0522061276069341,0.583486470481276,-0.208424811954402,0.23579842549571,0.0128172303291713,-0.171248796701936,0.836610312872771,-0.104071692819344,-0.0375123285477411,-0.0758864364369808,-0.0247536840336728,-0.0762838251543006,-0.0974378236957266,-0.117053190257948,-0.279798570743072,-0.0535709410031974,-0.337045718724512,-0.313180585440444,0.363068194300049,0.25772001684367,0.331978043633554,-0.266612164820362,0.123016724379163,-0.281596562289463,-0.0443045601850778,-0.0247536959594773,-0.166458379242658,0.00758280469036606,-0.160728809450032,-0.02853206248193,-0.0119416671068531,0.040503426028255,-0.342213293639258,-0.196304868206154,-0.232267492963512,0.27816024396541,0.617420668799645,-0.0148105742718567,-0.171194119718376,-0.383241435931434,-0.257360889890564,-0.296633673384298,-0.125508317931178,-0.0946176964017849,0.237785936114821,-0.237300719504277,-0.447004635898773,-0.156471106694027,0.177980409135538,-0.159010961055939,-0.0742330967272417,-0.366714351285619,-0.191492761535887,-0.140772420477249,0.0475239523753951,-0.00197204303720549,0.83525008611137,0.0399428125915997,0.525886259739237,-0.295709701555522,-0.0425973033550534,0.695755646773529,0.144492793816402,0.0918455885417816,-0.0789982837852141,0.0810395031968568,0.0368098322659203,0.248656393537798,-0.0347113413314585,0.135844156917018,0.145457103103029,-0.0155269498619947,0.214253147322152,0.443056706131821,-0.214164100463136,-0.368714858075362,0.335159719517587,0.321609472585749,0.492994065061778,0.0865125387016691,-0.0211184318454528,-0.25081242538028,-0.152237367346704,0.0979003972318486,-0.106645476568499,0.098433747632545,-0.250952560046916,-0.468909747361509,-0.116768286762305,0.0415925871004021,-0.342253127175642,-0.105853741361867,-0.125160062767744,-0.0812887451916936,-0.010296831768113,0.478685131919091,0.468198158028194,0.474942978492871,-0.0248818134432107,-0.0487038444506857,-0.151050623692402,-0.244682527654174,0.348140058733964,-0.0600382361373287,0.105020492973334,-0.0622991393555938,-0.0673509107064413,-0.259160861961223,0.038339508957216,0.0634017496215015,-0.196569202074628,-0.239464000269597,0.389073193015837,0.474916421003457,0.753507171822225,0.0487964152854608,0.366939356216127,0.0246656270256765,-0.307004969261733,-0.0434626577053241,0.262164599028031,0.320579619746815,0.0132601372821357,0.189939629054449,0.084379887337183,NA,0.174836663853602,0.460192527908376,0.12407146263314,-0.179092016459726,-0.0159115848842382,0.033415451694245,-0.0300105720429774,0.0539536484983615,-0.0913285919919798,-0.237066311799429,0.155773618750405,-0.193001359249695,-0.161372252184734,-0.116910423997239,0.196667787688397,-0.216661729034518,-0.284439545182279,0.0014234511116358,-0.0113406674250516,-0.271841808554657,-0.117220488914031,0.0823638713332071,-0.078433874955579,-0.0124231721736691,-0.136745978152641,0.576495568525984,0.514076946968457,0.0743411504778643,-0.070990838322412,0.563946821420766,0.294848384433206,0.619494394949866,0.431640058868009,0.619801444698821,0.260305348834169,0.555999555701641,0.395728146680983,0.548351023735471,0.575193056751852,-0.0396921484601396,0.0766896489185199,0.000572234750362089,0.089371912084555,0.0270403683922951,-0.0974614970556631,-0.180127455101973,0.208340475184373,0.0730696139260842,-0.0810203485912731,-0.216596598592362,0.218834049219897,0.102602973720007,-0.149257204339592,-0.0330169502875957,-0.0633802108778847,-0.116003978628822,-0.0547287314786688,0.155766020370787,0.0966507720270648,0.683596446312715,0.502622365538255,0.725784547793377,0.502016836238577,0.111663847633273,0.197041871403389,-0.0947382080252409,-0.0664720091379167,-0.0426181392311261,-0.0277995678907162,0.452939616396537,0.445042531255395,-0.0392006665066618,-0.251564459616826,0.0985310272574208,0.234869303333192,0.0109788907693698,0.166330201048797,0.165500803263128,0.145116773626333,-0.125882296571241,-0.127173278049986,-0.184546279556856,-0.238239912612024,-0.033548248653143,-0.291136013337502
0.58491533057298,0.194090228749849,-0.0240565948731267,0.0706025054244251,-0.115010655662501,0.199686691532105,-0.199781076737468,0.143314529249981,0.0836390753257777,0.20154855433947,0.0963334099018304,-0.0158866343580979,0.402359144676806,0.305532508250998,-0.180566550415998,-0.0649142601817863,-0.201138993354363,0.297283538313902,-0.0879530979613606,0.083054575916665,-0.0863625503528491,0.0260325531205702,-0.00555978502814036,-0.162203258291883,0.0701879385755407,0.129132529350267,-0.0618029470366704,-0.071353151246272,0.0512026572615534,-0.156687472903295,0.152715393211713,0.218388954111393,0.268138625050622,-0.166235437623646,0.435500639495867,0.215429149607297,0.0414121140110162,0.280164966146876,0.017951644129776,-0.195081437540027,-0.089358879652702,-0.144417203159546,-0.201779062217965,0.320591494433389,0.398268426699668,-0.0271727317198099,0.182631753114328,-0.00120852238513068,-0.124209778634087,0.104544865736285,-0.460894343918608,-0.368383097716922,0.142915560349345,-0.155489599480288,-0.135934330680174,-0.0347051953121487,0.27562739666137,0.223335562020705,0.29511313726442,-0.17860877308387,0.213970640244436,0.599539782692514,-0.391313961690956,-0.108085602238362,0.0646523049566538,0.0459812779862478,0.196325323938375,0.0154235813081748,-0.0947771761825061,0.179390679029377,0.301928132780503,-0.0488138740080353,-0.0073486332670315,-0.367145641374922,0.14956507087046,-0.0747927289389828,0.172966857705622,-0.209265945660048,-0.00243894580646837,-0.0502019867948406,-0.0944736743428465,-0.283564868411098,0.000871138028693757,-0.300409260302898,0.0819564176124268,0.137349755485381,-0.16407620632042,-0.0627165598530557,0.143422348950022,0.00625367786145712,-0.244500572308162,-0.190841582355358,-0.130617025627927,0.246749413433714,0.476140398946521,-0.114182938250892,-0.190330053938492,-0.140625711196558,0.0896626988056563,-0.0719816507824965,0.0534886158574911,0.0164356994372459,-0.133793412073411,-0.187985976875978,-0.544917452892049,-0.613188766212726,0.0314041284527854,-0.0546880400855884,-0.167935896730034,-0.43005095286793,-0.0437714104632983,-0.264492129646774,-0.131537838518886,0.318009342263636,0.058252693431564,0.433347318903842,0.337050423838808,0.0891704644845485,0.148356739537364,-0.0455715254589214,-0.0973789989699603,-0.0323676675679043,-0.164921238427541,0.34960814591151,0.237217271860325,0.357899381041328,1.02132400320412,0.285724853707342,0.400169195191609,0.534565837315599,0.257095541813739,0.057541614773397,-0.124162011275483,0.226601107440246,0.038174907275629,0.388742146024585,0.0539316549774832,-0.0382926461328711,0.110884871250218,-0.217558516842159,-0.105245715316659,0.367815240453204,0.52198126971573,0.513199349821818,0.45928442980121,0.509812728420473,0.11129324981945,0.216568971653115,0.16599306526712,0.452531938047947,0.340550297364902,0.300397982948204,-0.0177645181742832,0.244178834694511,-0.240295438085682,-0.00676081570702589,0.0302156068244388,0.0189327790134492,0.258587043891227,0.067757126745568,0.120819043916589,0.512762645756717,0.0163502093046805,-0.0412395411690939,0.243054698891788,-0.112408213407694,-0.336036920025027,-0.562331238738585,0.351975063517825,0.156954025922755,0.245712254599456,0.130296703829598,0.118526155032175,0.617897030403289,-0.149286347583896,0.0761644536108982,0.270514575107256,0.102524047685531,0.133463232127759,-0.11867365428028,-0.120895627784171,-0.186385956103168,-0.291458986144953,0.164182772358712,-0.073890144845275,0.154571675092343,-0.0830739041296078,-0.160658347996751,0.239972504620458,0.201073252251105,0.376818367555445,0.24251601761969,0.458425180146761,0.285799730596555,0.369490437451623,-0.134188857840198,-0.0515718853423589,-0.16830223245105,-0.038386406613238,0.109938165754783,0.291021818875756,0.112806700410597,-0.0321333003610122,-0.259492168994915,0.348926625937868,0.103151357847737,-0.102879891147046,0.00815264499736118,0.229318429380738,-0.0265459131532493,-0.0821204448253328,0.175073353130815,0.265664465351671,0.331285811622214,0.160736243350603,0.348060381004639,0.151227471764453,0.0634540354938379,-0.283987477317495,0.306016181478314,0.464756519778224,0.153796653589252,-0.0139425421453588,0.02563398381972,0.391100849948119,0.112748692895123,0.191059568525948,0.326313445360976,0.477015887958271,0.240127144827699,0.43941971564993,0.378475324460363,0.10323867170201,0.0953743478968384,-0.145238790647412,-0.485365499275909,-0.0662596907400233,0.2296304501495,0.0478483096413349,-0.309773740571753,-0.0452249406599406,-0.222821231329071,-0.230525215585192,0.21476659977627,-0.037188282674716,0.0308149476842193,-0.028413555014419,-0.0959456154826223,0.025662970205796,-0.251509073376655,-0.15225102690308,-0.117563509955091,-0.0141582411266778,-0.187868826843613,-0.0564624629178089,-0.143651983041086,0.0588217516558558,0.111521770021155,0.308572766462931,-0.203921223740606,-0.0661508253091083,-0.209394216358227,-0.229318064983742,0.182095704871991,0.122391036724545,0.203754557264561,0.487408570995399,0.133018853427334,0.135844746957163,0.296948115509411,-0.308116698685427,-0.255312883491485,-0.352364218675797,0.000173603193712646,-0.197008245542461,0.442591192391684,-0.416940286355662,0.378668184704128,0.423771692189309,-0.146929329616196,0.406492673422599,-0.252122445381398,-0.242929685021762,-0.357786787981322,-0.238125144168674,0.278722354641342,0.22418983254722,0.244976588260978,0.174836663853602,NA,0.447710054643459,0.69273935217718,0.256426304382884,0.360190078624377,0.447763836318017,0.279642128572663,-0.0479953623758287,0.0800687443005421,0.356952555412885,0.177424140464933,-0.135121688946143,0.473495583957085,-0.0889508436730278,0.0428149517199565,-0.239381359779663,0.0454379245685052,0.0282478300175271,-0.12512963370674,-0.317624071798591,-0.151712389826485,0.258111034806585,0.225815930505568,0.217343175499755,0.0259505069411675,0.416980098088254,0.391046169095844,0.0478518953366755,-0.301653519062384,0.274374654436515,-0.348133420807316,0.329489854414739,0.78187690296238,0.403206612301915,0.430767627700788,0.386469055760613,0.126486069806915,0.00732830501782,-0.0423033862717777,0.109777557991996,0.0319553857377675,0.778955412036682,0.196401741435867,0.312229018892881,-0.178410075819992,-0.179354568362889,-0.155082694930617,-0.135615514765615,-0.301867212769251,-0.323174321995379,-0.0952566770344947,-0.324940886161222,0.591144462632132,0.719258449551269,0.0942597161007413,0.2139547545501,-0.211251052599359,-0.410603509886103,0.0701206970842325,0.265497757058131,0.273751727145889,0.206767279395266,0.271299640536385,-0.224409687481597,-0.0508936459738867,0.22210082013631,0.0965636990982705,0.0342970050073521,-0.14134064000379,0.0177548320785807,0.0097547103951165,-0.0743623791373738,0.0270984048245535,0.412711096137714,0.151207659532527,-0.22526163141609,0.0134271882137468,-0.108803535279035,-0.0654492427911639,0.0116712672376695,0.110436840970258,-0.170058044000296,-0.207743919205836,-0.244194410815969,-0.118127461443563
0.336428987731896,0.0492365705243433,-0.0891101970494075,0.380830798963904,-0.327816443405413,0.775348837827351,-0.269989850157094,0.141609131228677,0.202458148360825,0.0770320243114432,-0.101664090286739,-0.00427148839093322,-0.0280817567438944,-0.100069581016093,-0.29297816443685,-0.00174950036214755,-0.102324251610442,-0.0987803097231968,-0.091629568267363,0.0211990461070841,0.0807942702264293,0.0683688918278742,0.268482390509352,0.0307857947289829,0.475462714397988,0.207599809008477,0.0726518854679962,-0.109879910442852,-0.126826681736914,0.123550353747702,0.0430869888427959,0.300965831635157,0.21608639488128,-0.0621454109231264,0.452274179792174,0.216579722592007,0.242704203756077,0.340944980427113,-0.0105776835573992,-0.528412892663913,-0.0756122957449473,-0.218793447692908,0.0497964251319129,0.453848470942662,0.174732236280486,0.0241275298001497,0.163608204312557,-0.138609337281127,-0.0557731934018985,-0.00894903795629637,-0.167361466464591,0.0807448983762116,0.181602926852089,-0.20298841288101,0.117365956226644,-0.1977213344839,0.200787746903853,0.0871717749246131,0.152785608900833,0.0649056525607245,0.0888012324407459,0.759032715023436,-0.0252123682395436,-0.021821591700125,-0.119638694840759,0.0102779675061441,0.271367022614589,0.343762876020999,0.128520412224994,0.27257081107256,0.0274749205145587,0.00802165258593334,-0.141872353753319,-0.240170756933381,0.283153763895982,-0.0106231479757864,0.383196999010299,0.0294863332455935,-0.0267948109079865,0.13291035911657,-0.203954347084712,-0.187072478616426,-0.130989132398413,-0.200503864806413,-0.0825913649093981,0.132124681601466,-0.103104532791194,-0.116070388401823,-0.0990382750517987,0.1421792568625,-0.19271166143156,-0.165591023330048,-0.066896267190371,0.420068116083095,0.328106605537189,0.24142939143808,-0.332172372934934,-0.305569859346987,0.059087310737074,-0.061111549975814,0.00207999732127877,-0.0140733922409706,-0.062396776332226,-0.206666139702089,-0.174286668280534,-0.435181267436932,0.32858549842547,0.252567636920931,-0.122468974221833,-0.485506253102021,-0.106023393081622,-0.00215809685193089,0.322136233284714,0.471735079305848,0.229397481315025,-0.0122648625600414,-0.0359736520387636,-0.00732631670273246,-0.194755995848333,-0.444637663253217,-0.0959751790096672,0.196759693435862,0.0184087023155882,0.299993039527734,-0.244522954132232,0.624289623084772,0.607197436785732,0.712573933341087,0.19947202192252,0.0547116826198736,0.122097835512159,0.0985945515388068,0.0145274681816992,0.213445724797017,-0.0768634681824893,0.261423196620341,-0.00830460645219907,-0.0651823910641789,-0.0212798650476211,-0.274097573737272,-0.210840413910477,0.121225574301582,0.16594904908133,-0.124138941821637,0.519581611930854,0.501619663150647,0.392885256869004,0.557899006811422,0.440556789046624,0.270587715661241,0.217575013964996,-0.114615110925294,0.0230158331724864,-0.139850731461174,-0.382733382763646,0.0297697800450377,0.473503953614393,0.0864308176574864,0.255346298512915,0.262915469454957,0.00794742036550921,0.223359436973736,0.0466228252038346,0.136916805237993,0.565450264752301,-0.106293766288556,0.0263779502941713,-0.451774298953156,0.307724378809986,0.508213458985022,-0.00341953139349711,-0.234343817443573,-0.0533969849321917,-0.0788036439171948,-0.209585384506619,0.0202982292400914,0.270170218058729,-0.190484014892494,-0.0536376007162675,-0.0309930293272888,-0.0483836823836493,0.0288413341859392,-0.314535380802937,0.0523195530967453,-0.154074488061748,0.0548741281158946,-0.143888297414761,-0.0570234213370466,0.182082342961734,0.299706006268153,0.257564235233607,0.229016834397431,0.377623261100281,0.223989544675724,0.241905448060289,-0.00780294973513528,0.0197199424119292,-0.238872585325537,-0.230661680746851,0.22363552629729,0.109187684206665,0.0445366683031682,-0.154302904777071,-0.0550020127894061,0.0809296271701012,-0.00952969197877758,-0.0937633000909219,0.104074330367215,0.223099299984163,0.0150968362992793,-0.17952523330773,0.226322129616267,0.22709040128299,0.296130097653618,-0.051576779922727,0.167944315239385,0.0769126345352921,0.00617557421090908,-0.0426717862519255,0.657062470387805,0.260045936823139,0.386654359416729,0.0145552692832704,-0.241228190253251,0.901562112699536,-0.139586150262312,0.135722407419606,0.0623444413181134,0.308420579154332,0.347289122364653,0.469363931192377,0.26699130380374,0.398278095077507,0.0407369963167949,-0.127576564577965,-0.288381644811261,0.237869518998251,0.0162651883245985,0.134687642220779,0.0657542110411871,0.103839836761405,-0.0328140821782888,-0.144297749142802,0.267474842417189,-0.150773039198023,-0.110851839014971,-0.130847150771435,-0.131504768415268,0.00776610101669954,-0.0642243660520881,-0.177964674164551,0.0369428337709121,0.0264183099213614,-0.0439403478149673,0.0846407628378979,-0.0857499449710258,-0.00442812109726282,0.0153662167380261,0.168759243254256,0.124130555025454,0.280259375579429,-0.0329423839756417,-0.30740192670237,0.0989062893097656,-0.243323830783302,0.326025965896175,0.115640834008008,0.24495541383341,0.227974916935364,0.145289280955391,-0.360232687013572,-0.110642246117978,-0.402668727389543,-0.1342673416618,-0.121499011708737,0.365363588471375,0.0141893769821635,0.346546104997592,-0.304311723208456,0.099342061449166,-0.191928554159751,-0.118569391799141,-0.307767400713107,0.114422011916127,0.114303830489818,0.153489570977709,-0.0921464774661201,-0.190678424396632,0.460192527908376,0.447710054643459,NA,0.449941047328501,0.146153016555818,-0.0372299731992147,0.217047518346489,-0.163371324307908,0.0644518503895135,0.123023086217629,0.146122815281242,0.0714750010117289,-0.0154580934958038,0.240070923064422,-0.123977777053959,0.225725557602808,-0.140655398860351,-0.247005492155788,-0.0825512802834,0.0396143497540962,-0.169432185147326,-0.0383934431852122,-0.0105600155147817,0.0415901624431358,-0.217277633868086,-0.0768609210054888,0.272378020249272,0.672069325596943,0.499781972080196,-0.191954546717715,0.222659341523494,-0.00719476710188771,0.656031232420771,0.196706104113191,0.350866328672593,0.689688823926512,0.265237368915995,0.365972963353371,0.178799759229553,0.0934183257336987,0.0405077565728026,0.316751310027876,0.12814997987404,-0.020631735216514,-0.112440831212709,-0.187933249762404,-0.0529654462586334,0.0117392043385933,0.0168852024875686,-0.373431582903978,-0.187509899459859,-0.036509451755917,-0.0130059767092531,0.0419861381609832,-0.0340153142200899,-0.140015456832237,0.127993714426027,-0.112585388359571,-0.157140577494959,0.00788894159637704,0.485383769404894,0.562012105932134,0.473836055420399,0.391279888548754,-0.195970130913828,-0.0425683787408832,-0.144248998369387,0.0107647068948546,-0.0981115934699103,0.0284790004857163,0.0593743746768129,0.204049792289327,-0.00851160040994284,0.0322749562251157,-0.0977097234040523,-0.0280286099546668,-0.570046416054259,-0.280563051453983,-0.0707060183704923,-0.0911117773408334,0.0192630326137794,0.00555181820599381,-0.122193108314667,-0.227889576242887,-0.228114734539728,-0.228294520849809
0.256102174218224,0.0269514419422681,-0.0227535082370365,-0.0289901678082145,-0.206586064299947,0.243321890102013,-0.233697122891077,0.11230784618657,-0.00890686261501528,0.166640371907191,0.101448880565096,-0.141234048179458,0.0366803990689091,-0.0336418554745806,-0.284711434189234,-0.364189422859972,-0.118938180733745,0.0645135092164737,-0.176562616842372,-0.0724883409706711,0.0290699589503541,0.0856255836434195,-0.160116923901151,-0.397400003248945,-0.000865974616912539,-0.00397301323599266,-0.0869115641103165,-0.0376438989209754,-0.11557349850074,-0.0250344417488511,-0.0381424134277396,0.0326363905416853,0.0242018515457321,-0.0480007138790644,0.306260778628404,0.0747581039429734,-0.0418616674227733,0.201905735032537,-0.0635696080914198,-0.376517777220557,-0.0573472764904772,-0.00129321863829331,-0.158759625203141,0.0960798952738064,0.211248629392365,-0.167482913245952,-0.0946434759757411,-0.00598162240749393,0.0867908946979011,0.00879657872598995,-0.412772142064379,-0.349083193819349,0.148050771009354,-0.0913482638797,0.090657822624388,-0.00187034182431106,0.197960048138653,0.251606061207569,0.127947516643247,0.0648936876081985,-0.0848406095901833,0.64504055686172,0.0126422371171101,0.083406164938013,-0.155090313189383,0.0990886374781313,0.172778493142945,0.238342475021045,-0.0311842675795729,0.0886120690169417,0.138050478567342,0.0749830428460541,0.113865046630485,-0.469596575045082,-0.0663362763526474,-0.0598237104680568,0.207677422813504,-0.311693091019582,-0.0120286504732308,-0.119508160141735,-0.000573879966868884,-0.0674032706400218,-0.0842391259355146,-0.0741535144960197,-0.0593938037045445,-0.121623299147007,-0.0145049581299005,-0.233920731110415,0.0339012517677551,-0.089984983981382,0.00422300231307169,-0.0503058276109629,-0.0588039367223423,0.076364253094344,0.170959023541488,-0.197630233876874,-0.0735365728684405,-0.0741727440020068,0.172195497292221,-0.11055412235629,0.125381345186346,0.189289881600111,0.169389840468998,-0.0108757102229043,-0.154346657847404,-0.396534796130745,-0.113936456043056,-0.151867646533377,-0.376964667868799,-0.303004040526734,-0.0694815175777427,-0.230108536305393,-0.0625487639644946,0.216603999626152,-0.221114607888747,0.0844818506815952,0.182147646661805,0.072572526355448,-0.184033739217944,-0.271150092164074,-0.371161221833922,-0.197413182507637,-0.0144969693102121,0.0434252732286816,-0.0200250132963832,0.364614719215106,0.738171125028014,0.20488575606502,0.833243640721919,0.453208394033862,0.258532929247763,0.106575057955804,0.0631605623821022,0.379633707110834,0.195705656007305,0.221525817711485,-0.0193330438536036,-0.0755447920489462,0.242479408590642,-0.183813390365548,-0.116481132271949,0.408880852901837,0.547438870396509,0.214052566029639,0.214028674783277,0.280765906120167,0.0721758714905521,0.209880290614775,0.120001474675723,0.223680199930661,0.169373806620685,-0.0830277673486489,0.162120127068628,-0.0214992345049836,-0.125214902131746,-0.257421878685924,-0.162405939001254,-0.150457614872367,0.499238905483175,0.259392347028392,-0.0584572025486124,0.365716051620367,0.077694793424475,0.0797572000572354,0.0425162191833044,-0.136574774805603,0.0542964571143853,-0.274475171972106,0.303352793157976,0.0587846702513389,0.284221637548997,0.268365311553414,0.10895509667885,0.192784929324259,-0.240380500879247,-0.063532539913627,0.163811087917222,0.183145157713804,-0.0457472468839735,0.0666780373808543,-0.114301402475983,-0.275086929791845,-0.244168077054516,-0.0107150162399234,-0.121857163181213,0.0693664859817747,0.0217444471468898,0.00648275317803268,0.353217201514093,0.0132048385941704,0.0392507397317687,-0.048902157372862,0.310926991662473,0.0380827042627507,0.213961788306041,0.0617965862020773,0.0487742522065356,-0.0668569767259905,-0.185725096983257,-0.0176635275331189,0.0427767856648411,0.00778738166927726,-0.223028301102793,-0.0767462708134253,0.0274193323523455,-0.0578441009526321,0.0904914842465343,0.177348694948347,0.47984573289896,-0.0138262217332332,-0.206542676696363,0.146286796939759,0.0804081893224578,0.151212867935734,0.0518083182608592,0.245466754395824,0.134520928009765,-0.112066437402774,0.0981222311035351,0.327657062451996,0.576358072719166,0.145655147731068,0.260073392029873,-0.136482037604095,0.297753863331908,-0.18412457956878,0.0511316550267816,0.297821585501763,0.607098003882293,0.308797714449209,0.491603465508235,0.253976170428391,0.0684991356204409,0.120377023903917,-0.125254500821455,-0.194099372759416,-0.0538261396700423,0.105075835483213,0.232939911342308,-0.0177102768875826,-0.0237284986963973,-0.189222485350087,0.0405163907424939,0.21462149494287,0.0212611283899719,0.052563022969181,0.0929953116376186,0.136240421318313,0.124843429818821,-0.0278781575098145,-0.0245095377007351,0.0248268602972184,0.0597670022929573,0.0874749476728349,-0.107336520909458,-0.166224450057725,0.113431057424396,0.229346189960941,0.150047842562638,-0.173896165271899,-0.138388217737633,0.123554171986769,-0.122704462046194,0.191551599946548,-0.000968272367371217,0.243337347186622,0.560993046401077,0.0938032959603061,0.227557138010252,0.277444626703361,-0.208620040157871,0.032799730486565,-0.132191202149144,0.0756365734494751,0.0632512575032283,0.331615187797683,-0.0833748821536706,0.341454718103082,0.0553743670267871,-0.207453088051505,0.0982476568454727,-0.138410530647077,-0.0520163121484362,-0.129663652599134,-0.166667274372513,0.43751113318892,-0.0135883662513168,-0.0476752941987151,0.12407146263314,0.69273935217718,0.449941047328501,NA,0.261143671084623,0.355428883730651,0.373832868673462,0.199131122036027,0.0891592129723268,0.240428407244847,0.483331573416856,0.264590273735829,0.222906933906488,0.410647057856213,0.149665789067657,0.162128091962781,0.118700083845697,0.0971719175662223,-0.115450802300818,-0.0599812058815468,-0.0692095470922429,-0.0720354403309284,0.0597497543042249,0.127913412564133,0.0852529572500898,-0.0637707337453064,0.225290451040332,0.256693766151439,0.0847203862066765,0.0544984547368116,0.222781788957673,-0.172273535957554,0.33557430358857,0.398165762426747,0.211943305206734,0.45389618700622,0.122390341915679,0.0515838773291137,0.0623205977691008,0.0173396160602034,-0.105962365511067,0.137725433127594,0.723871382342453,0.264112908073663,0.293908289541555,-0.160922181390541,-0.344639517291656,-0.171385156288822,-0.0779382575379074,-0.21368648884037,-0.16244450221338,0.0839858703261619,0.0394785330803306,0.633207983111109,0.40847499249734,-0.0184926983607612,0.102710237427069,-0.149265743474888,-0.159227520474398,0.111001236668223,0.325710199111958,0.173860854304113,0.203422436889054,0.0868649308882797,0.0727964382300624,0.202027247185081,0.19981013054241,0.213661869997037,0.0732938360055435,0.0429529152040768,0.000745273054264217,-0.0818532871005403,0.0546619256913308,0.197797444382212,0.50939269004943,0.0388606526071945,-0.224763411772291,-0.364174295720637,-0.0166681772563976,0.0901326636724547,0.00425501137723054,0.19735976712672,-0.0744877473932147,-0.128591107429163,-0.262616496133173,-0.164615029566439
-0.103343209138791,0.267641046270637,0.212178265431455,-0.0726532374321925,0.234929049483491,0.0634384173364921,0.0998493983498044,0.653915049157732,-0.247364203862718,0.234446843482795,0.0712170273603988,0.0052843265884784,0.28834477252887,0.0969498178329258,-0.149418332127847,-0.130281626290353,0.292112352056618,0.0349506629960527,0.126487566382832,0.297620347546908,0.414971305977901,0.244657928648768,-0.0605341557019601,-0.223222026596295,0.0791532438128506,-0.327860486038216,0.374558619195625,0.212535525196789,-0.106384797614379,0.292875118700204,0.309988600604797,-0.00165208199700549,0.0571709907442467,0.446177305493494,0.328663069262223,0.222056849399909,0.283328213411361,0.328731571288388,0.0846904206599467,0.213371876009045,0.215209284442479,0.370119290138686,0.0652487150649108,-0.188202628840212,0.369897506628869,0.181877104043169,0.338542270285121,0.323951920389341,0.406757382277145,0.207541779375602,-0.100929749763076,0.0110100076044519,0.0396711313167824,0.192371761056954,-0.02095786864214,0.269572284315754,0.385883835086622,0.394276330561037,-0.00380280499326786,-0.0372640855573095,0.221051943150509,0.249596991375661,0.266718543894153,0.111587513255167,0.277783551012222,0.116547717497107,0.18203663526874,0.142695205570087,0.109504277773768,0.104734728666582,0.289944136485312,0.141124174881833,0.212681563406597,-0.419373455190454,-0.20939858180181,0.540375762256822,0.288251839225472,-0.0858264231324229,-0.301208961581162,-0.146893004904028,0.256183310393787,0.263567057870036,0.0961863740981863,-0.000351096810754481,-0.228574144413936,-0.29824557745079,0.308816067070856,0.14054572427043,0.177204960004632,0.20936456391956,0.229649438001143,0.0565539227903341,0.299390859421196,-0.235819582923955,-0.128251624807655,-0.116973962200317,-0.176560925223467,0.0203782394607479,0.213095384938416,-0.21622211904083,0.300747796452054,0.0624916331891398,0.408789456990466,0.27630883153411,0.0931533413249305,0.103750538944528,-0.0834214012243488,-0.0145503344965355,-0.0353562750114009,0.1123017331129,0.599191552585735,0.0407450510680292,-0.167890240883944,0.0652211992139116,-0.148576209573125,-0.248477450499583,-0.106528860474318,-0.328285526774445,-0.263367517516291,-0.239309629526797,-0.239405609512768,-0.00647595154036836,-0.0203043194860032,-0.168631909535002,-0.318076079977329,0.192962779038562,0.266361784145842,0.203388168419278,0.263335456299395,0.274335382610011,0.728313269871438,0.690036757483591,-0.177270151867519,0.174539817901382,0.147806790665552,0.459841433126263,0.548677465237577,0.255854764441431,0.492768525693225,-0.376579801859502,0.0102314775587308,0.250168420293178,0.391177476315745,-0.0528105690098957,-0.0736133848485204,-0.0769000493911999,-0.112291608567528,-0.168178142296115,0.112519122738896,-0.175324821093825,-0.291336155043866,-0.0763780959616232,0.568132728344979,-0.305351977998903,0.282272148828355,-0.392219135378428,-0.0957808745763758,-0.16024507831542,0.233266374758642,0.3067941878091,0.106150678148087,-0.108017320306698,0.378895264858098,0.117489720302866,-0.23889966961751,0.366639649703451,-0.0600214333137456,-0.242537365639731,0.553906616672105,-0.280148009823805,0.139086919990918,0.0091154227858545,-0.00474127401755135,0.0628407586996916,0.0912740541396855,0.239136089391652,0.525046002092631,0.0525589339104503,0.130049298635342,0.269000871507913,0.0371569071800832,-0.383743382210318,-0.293227841494133,-0.147538553042147,0.351074919685194,-0.268166496592399,0.398795540320771,0.149449572328459,0.39775779016577,0.311546451118653,0.122100373743974,0.207225249735923,0.0941212988433563,0.134623998392848,-0.00316593625340912,0.16529357512264,0.28331322476785,0.25786741848742,-0.189235387761885,-0.173899101358416,0.0869826866654252,0.284816783251795,0.163375145120734,0.147254354010463,0.0375811196047058,0.18599102245956,0.359424265416365,0.0620058259135564,0.232513466470635,0.228815087279186,-0.0822649725969048,-0.0451378959624921,0.075767040797939,0.0830733133060099,0.138857489102287,0.22125163992682,-0.0139559552143365,-0.1581778776871,0.22061476159345,-0.126790225516763,0.306164584234552,-0.159778305529511,0.353757772003328,-0.157144807698122,0.075559825449372,-0.0944782553443907,0.241887516712314,0.444996365871604,0.170591892026259,0.543401837566809,0.266954612765845,0.0904031479319295,0.206308315981365,0.164093429912168,0.159510368379813,-0.440232686518844,-0.254990046432971,0.278185541026263,0.353465596881637,-0.124182705978904,-0.34086675269253,-0.43207597463805,-0.140351078005639,0.0630396141688546,0.282880579032144,0.451560637699219,0.0176052423941212,0.286692875833336,0.109203718533521,0.174233614987874,0.379717518618294,0.237461277933879,0.0436129126198776,0.305802336572245,0.234132617439901,0.31977919715297,0.220956828321989,0.373317356283595,-0.175403996099807,-0.186249056100685,-0.136522546914889,0.139356087874937,-0.129127596574249,0.293950896308743,0.0772618940525351,0.110352284318505,0.351359570957254,0.12232513073127,0.490177228467442,0.1196875347395,0.236771546909634,0.298572687884951,-0.24438178358517,0.326846915700621,0.196050793502001,-0.0619281460305136,-0.161667928944422,-0.1676511375251,-0.252328307406373,-0.0988858396806528,-0.250360812322664,-0.0899520552221778,-0.294096688808176,-0.241329516461042,-0.282169713550285,0.269351991192053,-0.15806413116343,-0.2309775351639,-0.179092016459726,0.256426304382884,0.146153016555818,0.261143671084623,NA,0.323342340290639,0.11915654488368,0.0814947928395917,0.366647000110048,0.790317347455256,0.718791351631623,0.0727856114915302,0.125173610577144,0.234726785106271,0.0986308643680962,0.288970751319955,0.147115122619564,0.169411691105806,0.375127953015477,0.328299843040471,0.305999286730575,0.258032546543516,0.00287092155742913,0.0351271487436946,0.197324567461236,0.16488521164714,-0.27341187965519,0.00136154972699361,0.146422617774069,0.307155488614448,-0.11592550813517,0.0255477373708925,-0.0865960401224488,-0.156440424376837,-0.262581945588694,0.0313043546508645,-0.224276721460694,-0.00681941655614629,-0.130443650145795,-0.28106488073191,0.1044644588502,0.369618781498424,0.0913049109931427,0.245121513726998,0.158110370938884,0.0471646598279112,0.0679548507973048,-0.175187642213609,-0.0734750975258089,-0.0321029979578268,-0.0467253354175784,-0.107166858783438,-0.23055002505457,0.259089051177835,0.297453293026317,0.0140462216198046,0.663667727003856,0.328449531180737,-0.0347892971260535,0.20685747921726,0.0263075448604623,-0.140487044215006,-0.169706812137571,-0.207417357751556,-0.142643602609494,-0.0501335227160097,0.408733714505927,0.536594378544502,0.525726160528362,0.53795894116011,-0.107809165999018,-0.342645807533908,0.460526971658942,0.41587774918222,0.274361053893533,0.00315041821595626,-0.12396886546958,-0.0374609006617838,0.0487521225582158,-0.142489214253096,0.267592984865294,0.33545692556106,0.221951013554593,0.324389317647612,-0.0901733570266429,-0.0129443287717962
0.335586005728909,0.15666504804483,0.168103130057003,-0.392495811197397,0.158496001095167,-0.14973799243333,0.185101475127582,0.243700098672302,-0.155719506248394,0.187569595319487,0.0636123556945513,0.196974505074231,0.331745075696804,0.305054679696752,-0.113974787044702,0.0279927515548753,0.257379473492858,0.468079462799397,0.0997363479146895,0.350650586139063,0.0745603464039349,-0.0482088169413531,-0.422164248769087,-0.240509618354825,-0.102890414902834,-0.130667346771525,0.00809635632400909,-0.0360565626929499,0.0501951881682011,-0.0381973526494599,0.0535320002057112,-0.153503454197845,-0.16217151580268,0.0234898058674234,-0.0378398101900906,-0.0638850244684022,-0.0602546861478945,0.0930164563348733,-0.18401555538704,-0.0738108207412281,-0.083786319214204,0.14618716019363,-0.281943904401208,-0.14189088702411,0.20166497002728,-0.196444424388608,0.0171141808014352,0.0793739359233233,0.0190321332266961,0.110892578002147,-0.239361473090798,-0.453570947200132,0.034019135471503,0.0098254971388426,0.033802304160716,0.173312683166568,0.202920342576314,0.176582247868714,-0.119289958237169,-0.255628730731482,0.102865934325591,0.0666262280673168,-0.231840432935678,-0.336689672960677,0.15187325018837,0.232279168793487,0.193663887523528,0.249073530342813,0.0644217762507634,0.149580803964829,0.27793348699037,-0.0693384777877291,0.153672099758668,-0.268640493365323,-0.327637322800603,0.0626269826520829,-0.0280426782910122,-0.306878128915492,-0.298556132562691,-0.231620967538964,0.125250645124275,-0.132505913542789,0.025756966935884,-0.17869955527126,0.0972967573700564,-0.0709237847153208,0.118583251776956,0.143738959244476,0.379602338988686,0.129017145608802,0.0801787780590979,0.0888372334632995,0.23935092987099,-0.0435389150455448,0.0919204109058861,-0.176390872274552,0.00810171859704476,0.091830772294962,0.0883271927290274,-0.243271391068426,0.393665682367401,0.0228371261117723,0.100490218619109,0.140467653708439,-0.178159510237153,-0.244024063406774,-0.258847349969535,-0.519712393639211,-0.141631016816167,-0.0019356226756191,0.0458233387875235,-0.471448248345693,-0.266798550092844,0.122025167732682,-0.309872039608031,-0.0231912854103162,0.0896381300643229,0.0065930250385735,0.0943339577720921,0.0993084424786973,-0.526131937756612,-0.0759667744255582,-0.19175455549399,-0.0592783197836971,0.0637748806501196,-0.148733616767725,0.219823595454435,-0.131709033636016,0.293018819614882,0.702135458736883,0.49028566102579,0.229404459053418,-0.0581867108362291,0.203260935775945,0.167920061882278,0.385429537249493,0.142118106217596,-0.036652570033542,0.509730507847633,-0.12754575923504,-0.00894582833014085,0.382714622053703,0.480282535769312,0.413823727413381,-0.115754100420137,-0.143416353791325,-0.296531358929221,0.0101548108274557,-0.0671828241989579,-0.0100472628699612,-0.0146985330231358,0.0491434317702145,0.236801419134872,0.144615655369611,0.0848878182209959,-0.227906493204205,-0.30155877813913,-0.197088825314338,-0.0213697908978255,-0.0486856708550127,0.22819270705378,0.47992774558927,0.163484319313938,0.0951957002347899,-0.107682463501365,0.193997573646412,-0.181320064500775,-0.143009815877336,0.159131343493775,-0.211947564746717,0.24234639988041,0.0988497305974966,0.270145350178038,0.547290776578787,-0.0151442556830163,0.210917521487907,0.198061945375127,0.309906457832707,0.235305388365491,-0.0329425944623885,-0.101666136087479,-0.351342046737655,-0.137791914715829,0.0371710360877671,0.0827917769954384,0.153622410625695,-0.0306426820390262,-0.295902910076837,0.229116015875847,0.0119018434886647,-0.0536034721263136,-0.106246871849203,0.0234169835770049,-0.101382086745702,-0.113170157206867,-0.231787232581669,0.106061373611236,0.205130901636255,-0.0649505158849097,0.00852711694893603,0.201471805598032,-0.0891902464483378,0.201933881278938,-0.0603148649493376,0.100202543620789,-0.0963246942817148,0.0255803646358352,0.154590987079831,0.244155121242007,0.17430974780475,0.0468762655464579,0.052209362406395,0.0578400479259427,-0.00603431470805755,0.00840757130044066,0.111129301196039,0.0160576577288213,0.115856561638297,-0.129100859816359,0.0889040032743117,0.193015292854467,-0.0125190341884846,0.0439850274213235,0.109582435085806,0.0675000317155259,0.150328340381348,0.237050473449599,0.0829845221224143,0.153741342630838,-0.0306585630036519,0.100100161732057,0.00700302281619158,-0.0426719100183245,-0.0211949961349879,-0.113771903871346,-0.293375866774259,-0.102608465648443,0.11228035027025,0.0605694690533884,-0.298600196332021,-0.144688998133216,-0.0556327728115251,-0.0662558122400659,0.154274696258915,-0.0709826047497399,0.220353218450185,-0.113338386354177,-0.0369059272673537,-0.111238502782072,-0.253852660442051,0.0877760372814279,0.158847761143422,0.22543371150306,0.166755523118207,0.12721002622517,0.179376960895395,0.118550762661981,0.33782584231967,0.116245729146668,-0.145364879377239,-0.0288003513003697,-0.0466430099129961,0.0451727314685162,0.227209905051847,0.239071879662819,-0.071423842227326,0.28013667093354,0.0872081587461946,0.0853323756622527,0.178344392865977,-0.240025520250967,-0.0714455088243104,-0.0698677153312944,-0.190008601471569,-0.122196320688492,0.164101714913354,-0.10328943099268,0.288833202866824,0.335921790245918,-0.398695056646118,0.3390011041596,-0.0970816349371921,-0.108056467608748,-0.219488059476189,-0.174617425393751,0.137942855818569,0.139814642928382,0.0859964082353383,-0.0159115848842382,0.360190078624377,-0.0372299731992147,0.355428883730651,0.323342340290639,NA,0.348991958704352,0.165248341487087,0.202329045088844,0.45683368283529,0.300821816787331,0.362459213094746,-0.154730751739624,0.133397305331579,0.291007323613189,0.207714061972849,-0.14723280487362,-0.0182812166521227,0.102052214687759,0.0446149879787405,0.132022384599763,0.150887792024702,0.212859061921966,0.135988870140265,0.374532680514722,0.117036660005253,0.325801315546498,0.116555372436234,-0.29616090455547,0.0421536822724742,0.292029312769263,-0.0787876056724086,0.0666863773770393,0.231315755329102,0.25957964800448,0.0401886869406189,0.21109698355815,-0.194969306950071,-0.0186732587081361,-0.0691363747625822,0.127743977097359,-0.00734621397640409,0.165565898954611,0.230320183882637,0.185162329223705,-0.180786945847355,-0.318689139244421,-0.260976666652591,-0.0931794764837978,0.10912441590902,0.0894498580202165,-0.00344232412460518,-0.149500759474476,0.586131802159134,0.663426800944419,0.188460523639997,0.242302142676791,-0.00292012263870976,-0.225341212566399,0.283555952017883,0.00386291549978926,-0.12373385205571,-0.0845882379082918,-0.16815968278583,0.143271831592211,0.304047308386489,0.659446699121649,0.182486985345842,0.125269568454432,0.0565378757597982,-0.0620126338655646,-0.354007944032835,0.00511736579594292,-0.159642511694548,0.521615388848072,0.3140355720977,-0.0820863027910724,-0.0344079239339709,0.166320181535235,0.335690668958013,0.129217575173205,0.0838169688671944,-0.0168382854149666,0.025559509295672,0.299072227132346,-0.0668757391671287
0.260136035582868,0.0567248438767332,0.198251815123858,-0.0964183245796714,-0.209845012961017,-0.140260492847058,-0.278346534545383,0.0765566123977194,-0.0608017352051098,-0.0728535587579855,-0.148411412039697,-0.112552883959458,0.111880274148344,0.165877202988108,-0.359005600139072,-0.0322081354242621,-0.122740347987285,0.224060895548541,-0.119071079766401,0.197041622979121,-0.106549985109388,-0.107441812807211,-0.101979950869745,-0.1655042097372,-0.0543742430653685,-0.258865401933863,-0.215983919223942,-0.356838439909022,-0.287680861993168,-0.20385497320093,0.113209952193499,0.216483443227895,-0.0428904659543993,-0.0922203893331627,0.212566861031916,0.021135426840108,-0.012449582622828,0.0720668308699387,-0.130524744817471,-0.425450187215891,-0.0117879378158881,-0.025400123117479,-0.363074462645781,-0.0798909184814355,0.186022020957393,0.0779018913037459,-0.195360384972023,-0.0774688585081879,-0.146581056662366,0.0962330804773858,-0.204360807016579,-0.339742084880143,0.271871663718243,-0.201265765872823,-0.170573454495357,-0.0159915909676729,0.0659036469709121,0.181317862872543,-0.0190657143501138,-0.264584720440865,-0.021552603290275,0.234954522466756,-0.317597901800535,-0.258886057903415,0.113818363911087,0.0495417212033105,0.328476849782441,0.293809612146072,0.110505463671024,0.177721086576503,-0.0198328771126946,-0.28073538498124,-0.0414427992438268,-0.426323106942685,-0.0832392984203421,-0.216657694189129,0.133133273682244,-0.283709627336933,0.0346169903739213,-0.262120221276732,-0.219796540840242,-0.407275848062356,-0.185409081056565,-0.251715960713322,-0.088523813333052,-0.0567621024909177,0.0377481727875522,0.0420223508497649,0.0509034768529045,0.0453002493857944,-0.0902181350305081,-0.0776877752019521,-0.11756032483882,0.0292013401497121,0.23269442324175,-0.0434714362059174,-0.263132343982125,-0.188415209429151,0.0136535555097949,-0.226125876744662,0.0562898109114217,-0.00468197001778935,-0.147466906765414,-0.151396309746821,-0.167548976302356,-0.402367353761623,0.0107895608446112,-0.23552670473678,-0.189281130411443,-0.310469188360289,-0.152278205684178,-0.327195229873178,-0.234954108417593,0.212463807554277,-0.075855479285866,0.0976593878191182,-0.00785224033232131,-0.228191074931143,-0.255177176502721,-0.14304879409219,-0.328032790145717,-0.0456996252018276,-0.132127349604077,-0.0474521797936123,-0.0383084071070436,0.0596020761033265,0.458967354627641,0.312332179476675,0.242838401686039,0.594549777700246,0.363068724069,0.232726986489318,0.18044113634346,0.225758547259275,-0.211941057109074,0.334408387663217,-0.0679849465504966,0.0247234827832472,0.230307210563268,-0.313579339599274,-0.237385767697548,0.481926219175005,0.345706164284168,0.25583786693025,0.0420163895150924,0.0684424857066173,-0.160345706763257,0.255131387943919,0.0335937001934432,0.0206886325677363,0.111593711393048,-0.282579032069243,-0.219466332087599,0.108321817561167,-0.229227602010341,-0.116297748904579,-0.0814395559340746,-0.100946556141282,0.0681660967582073,-0.104543073523201,-0.139685914733873,0.327265261965824,0.242909539054977,0.110474825218368,0.0533548818966708,-0.0309005522546116,-0.067034907634812,-0.491945001261854,0.33511042726255,0.154153304926686,0.158032310527987,0.124501560580645,-0.00538036321331908,0.365688925732842,-0.190212498988434,0.0763689171129234,0.234016656747936,0.185436018732747,0.0592559344125123,-0.159836080697267,-0.215805580889343,-0.305524733390009,-0.4719862361101,-0.0117601167443836,-0.0698665553908196,-0.158436120242193,-0.0828743736300075,-0.129292172387361,0.115622670420651,0.274388109082741,0.131417839371351,-0.112375645663522,0.307864496647289,-0.13179993571055,0.107418549726847,0.0354342010092296,0.0491145502744311,0.0310022937174153,-0.170653935934396,0.152595842246538,0.173558560868359,0.022358089557091,-0.00197680155888617,-0.0778009329915891,0.0212523526917423,-0.206815719667941,-0.0894073143795309,0.198614608953975,0.229643452576753,0.0654143729956864,-0.0321992478350479,0.357340591030269,0.0244857909103224,0.0584062215492385,-0.146824907418205,0.173818159194823,0.158864681917933,0.147892699930373,-0.183902367538826,0.16448377377521,0.180671842378423,-0.000966259224724954,0.0996136425196087,-0.00435425076779945,0.0389069048300516,-0.060431957714906,0.132812776751205,0.0422074005711688,0.360143508856319,0.035939251110215,0.222388056285783,0.00364073359738884,0.0745157830587443,-0.00231506113554232,-0.0174306166497317,-0.302390667162868,-0.0746998607111581,-0.140015931168673,0.259370162056442,-0.149581200960886,-0.0498667712279992,-0.283280923753427,0.00150682579773494,0.325085849832684,-0.0618958251843863,0.0128972472971445,-0.124478526216552,-0.122924539854797,-0.206567940149828,-0.386583342036674,0.060480698887761,0.0875038190524725,0.134030352235223,-0.075525224075895,-0.00837761899174595,-0.0983032712183974,0.154678037872191,0.171136838055934,0.312963243203006,0.0634142980031108,0.0774173571724792,-0.0846299774917094,-0.21798869425059,0.128188839699638,0.168182589263916,0.0776497428439884,0.14608054833792,0.155964067354177,0.0498178420280818,0.170207548627683,-0.412286244429528,-0.226592806973643,-0.260942690624035,-0.0794468607902505,-0.147390524824199,0.115635720434601,-0.0972278962045822,0.20888012244502,0.14422293361322,-0.232203599418283,0.179540113497117,0.0202476316307605,-0.094948460929165,-0.328500366373201,0.0235336154239316,0.134279116262736,0.0423994769910638,0.143080987111341,0.033415451694245,0.447763836318017,0.217047518346489,0.373832868673462,0.11915654488368,0.348991958704352,NA,0.230192508863589,-0.0957875549944436,0.212079044544134,0.222025221794693,0.177617065592483,-0.150930314465512,0.439416087600922,0.248102636772738,-0.0489164914751951,-0.130688613814994,0.212804971448446,-0.0431950430419668,-0.144622848930331,-0.0423129155928023,-0.0999357748699124,0.149776946582434,0.31983394291659,0.16015550644924,0.274023145006121,0.251797623894787,0.123943004275566,-0.207715444876605,-0.179577544876222,0.289984256954689,0.0110395818818565,0.121478831518345,0.311322092562884,0.179436684197987,0.0559165440821847,0.163881422353608,-0.0344781808246825,0.0476719118152587,-0.0225867711488442,-0.0538560551193405,-0.0768340216666346,0.293366886765644,0.000994489291256545,0.112612690315375,-0.11893451916498,-0.174951734797607,-0.210534688928783,-0.0340592400221872,-0.161488642374616,-0.170338323037131,0.0501810566069053,-0.110963153265424,0.579998215283386,0.437338686297719,0.351638826616779,0.12483293246237,-0.386759208494312,-0.452810404325759,0.0617714693254616,0.127255184028031,0.0821287844896878,0.229631762771561,-0.0154169353610096,-0.193836222239768,-0.108999014285884,-0.0672347762620704,-0.114506882995278,0.0320269372835616,-0.0709867321720624,0.1378507821113,-0.164441059194628,0.125004890126143,0.0992886699137523,0.296311449176543,0.10087225018963,-0.0602087284104308,0.0757172795575987,-0.246524202914658,-0.122109782260108,-0.0615587481878308,-0.0102186817684162,0.151212527640394,0.115565266087677,-0.14921757510443,0.0543636289366802
0.110866420251539,-0.225294616553339,-0.126819858814624,-0.0539327942572227,0.209760399774812,0.056976657371429,0.133390604180669,0.00408438084499331,0.0144871503731716,-0.416343070131429,0.0890113453166267,-0.20278085127908,-0.0662974291339523,0.00598997900613432,0.0360153721008161,-0.309869005662081,-0.216336246569765,0.229063215788239,-0.197999926175649,-0.0586550941134147,-0.42242136739606,-0.319288626136044,-0.0910021283131576,0.0301723880658129,-0.140751041812149,-0.0594040859376328,-0.353502197434203,-0.160335056623457,0.33245916983923,-0.372811632712632,-0.108207169217448,-0.119392427330578,-0.125252235322912,-0.406035306924288,-0.182743807217912,-0.287305327941569,-0.543907620431454,-0.261017775220678,-0.185471704912781,0.0125149994709936,-0.0435484615731464,-0.0330447554234712,-0.0441728215218033,0.0407872958934378,0.0225206140205472,-0.133125009639991,-0.266679380809509,-0.0889660782417049,-0.315883648111724,-0.154962491580904,0.151640845492447,-0.06883486551251,-0.105085696329671,-0.219235006202077,-0.0924921011976858,0.206839395323659,-0.162447950357748,0.0102110079484361,-0.0356382664099649,-0.327353434267281,-0.0128290157249782,0.0262962192239412,-0.232374951116026,-0.213899041283061,-0.0736215379036969,-0.268893809993247,-0.425915971730359,-0.371398512705949,-0.294274529238468,-0.133425922660154,-0.108497584077464,-0.0895608604261107,0.131052500863954,-0.278889351116347,0.00307037028023505,-0.186557408081013,-0.263934886962662,-0.0623951504125831,0.101741356231182,-0.148642122791355,-0.0973917093761565,-0.127063740526789,0.118625655148222,-0.134401115939478,0.0665852417716335,0.0901155025363875,0.150675463886896,0.171308794259925,-0.066748444380971,-0.303868235349288,-0.0361014756766959,0.00775020672669227,-0.288403216847686,0.112594958478982,0.314302363732705,0.151802501798665,0.264615680133021,0.374849799071254,0.126267212947192,0.155272116046432,-0.145760659637469,-0.126000628705016,-0.331740563519333,-0.0772058127890649,-0.396567128406071,0.0218062697899152,-0.0767002157661619,-0.00898254917954572,0.0501480406327638,0.0722118643493932,-0.244523090188545,-0.349555958969472,-0.167009676152528,-0.137224012930529,-0.0697679404001415,0.238762055924951,0.182325520058255,0.0589423615840891,0.150325738951452,0.0152044494568975,0.217965870515359,0.111371445648344,-0.00456682422563637,-0.184883460553655,0.185433309180609,0.00774358767740336,0.128961239674489,-0.0213954482330361,0.0734824913392761,0.256962983636505,0.0924027658957597,0.235225503181027,0.0846781074217026,-0.0283971682068974,0.0180862178279277,0.0408950612520499,0.100554169591408,0.0967800146833525,0.353954457648204,0.050799163396357,0.245447026745584,0.19571134314058,0.223754040206924,0.18493864401378,-0.0351782350349129,0.0484570745057851,0.19198561082022,-0.00931400965001055,-0.174210797688217,0.146037100035057,0.130392952760178,0.265144490464935,0.0126143397591654,0.255907536040528,0.089884928495902,0.0271612160756942,0.112585816802232,0.174120181633672,0.194101843799539,-0.206898228730947,-0.256445182568049,0.203945119151043,-0.189549303257629,-0.0371891682917731,-0.0871437723293305,0.0306288872109614,0.0286114348328733,-0.235378914685505,-0.155804364022585,0.0115294751818778,-0.26702335957226,0.0813029629407873,0.133696425187017,0.25394164283114,-0.0833382354851632,-0.179629073211985,-0.0326280984875941,-0.0401320070543337,0.0898061918036616,-0.420815398848188,-0.00504961317900536,0.0471531111687002,0.0603885598458289,0.151256154154274,-0.429249820147737,0.0601458696314306,-0.115111166362318,-0.204435292183923,-0.119294920614763,-0.166114341668338,-0.289700196010047,-0.000937067457136933,-0.284125613352033,-0.157239742980361,-0.144209691271121,-0.165186592114935,-0.228477780788356,0.150445411346783,0.088203305997744,0.477295001705081,-0.1518101641599,-0.297297286119272,-0.0460159907456688,0.0479978109779675,-0.205047939634632,-0.22086029838016,-0.163445323966856,0.313288173567153,-0.0246514967052121,-0.163071918548185,0.00449349683865074,-0.00846656271001491,-0.13931262202925,-0.198817096583568,-0.123590530387891,-0.0578831618693388,-0.0565502361921685,-0.189918553023569,-0.329437451864841,0.172704297685443,0.184800926111203,0.0409569839104914,-0.305782448246472,-0.18196284503802,0.00679985211071965,-0.00992921329606964,-0.188595228986181,0.192110985238355,0.0154661457565706,-0.0149036258017213,0.167751008300136,-0.047753781287433,-0.370598636440431,-0.28712777486176,-0.0849548142637326,-0.0545805410218947,-0.144891722699283,-0.189443598296692,-0.247863909420376,-0.102292813884132,-0.0774942052700961,-0.0350639166216378,0.0506091716850161,-0.117001927622959,-0.225295247483198,-0.210137377147092,0.392731814476384,-0.168867692819809,-0.162022873359847,-0.0256141503502842,0.0960099120205162,0.0857281224479126,0.127495341552378,-0.174970931419829,-0.526710086131117,-0.120506773992318,0.0427314942268493,0.293517242692376,0.344933452147611,0.166822564319211,0.0893721136067811,-0.0524467095885595,0.202472658888496,0.149493425536144,0.195984328860355,-0.196087781309497,0.0451859890650183,-0.138918047716027,-0.127139158450391,-0.192334010721512,-0.0540017707457277,-0.30350280824377,0.205082448722362,-0.192532280481045,-0.165850865006749,0.0325996521286367,-0.00927503686659426,0.130791186243083,0.344785081814323,0.0815023631324014,0.194560779705465,-0.168966926277291,0.0840806637018149,-0.302664834976602,-0.0249593083128627,-0.0339174400753462,0.235253329968136,0.176359112614841,-0.0300105720429774,0.279642128572663,-0.163371324307908,0.199131122036027,0.0814947928395917,0.165248341487087,0.230192508863589,NA,-0.0386685284352808,0.21641622249624,0.048186213951071,-0.0549170478747218,-0.152198458347113,-0.114589488095451,-0.0452441275587612,-0.160801028894552,-0.228877402348991,0.120125113408352,0.212522010658352,-0.0801705518925841,0.163829168273893,-0.171701481672805,0.0186804495854134,-0.0591225581934391,0.419144069818609,0.17972037990955,0.222280652293056,-0.0148314101570813,-0.187143138236095,0.121901867997799,0.359516406692811,-0.126892065738686,0.0272386674021342,0.318777520376158,0.279227540346972,-0.0244737911749287,0.117281963637427,0.271333802279202,0.336227107950765,0.162014504947374,-0.104227160499707,-0.263647866936589,0.179204353529132,0.158201108372716,0.0915110111676653,0.00626629005051951,-0.112830331988998,0.175069659806193,0.19354662669186,0.246758068205287,0.255150173963623,0.206475824466811,0.0680424258510815,0.40313149841304,0.343779412540118,0.0313647900058905,-0.0727326953997617,0.0182133750023001,-0.0786625034521213,-0.141401782108334,0.0427013476738314,-0.0199898248808834,-0.0212084644594023,0.00585815359031132,0.0899354614004547,0.0930515082452129,0.174722311414716,0.0613616910127563,0.251067055073341,0.0356963405043798,0.0835298381031783,0.146641522525746,-0.187371831800924,-0.0176832001150653,0.14264032404089,0.0498495442457149,-0.0183435207118146,0.0567199159485761,0.0899074115022171,0.146136159154258,-0.111402681249139,-0.0766540214231447,-0.0589195513977511,-0.166527958389094,-0.178148876785807,0.0295990680331007
-0.168902819944749,0.122350915061396,0.322353950860354,-0.194797947339146,-0.0117729444699575,0.115205237388977,0.0463184779022124,0.524613174215846,-0.0291903618609207,0.252339710410354,0.0203382165150213,-0.134642106982201,0.205834425545764,0.0533092928232464,-0.011721731175699,0.0786545720488589,0.358761805654254,0.23318274083409,0.179864705266142,0.392267387780058,0.217597688099364,0.20203427152713,-0.232182083410852,-0.299457873301377,-0.228208272814922,-0.15429039530269,0.101098229087591,0.0449097256836838,-0.143114940152682,0.0400146860125567,0.110460466358399,-0.0500111373963257,-0.0213384326394813,0.205360072834698,0.104370053921295,0.0256795912952664,0.114185167772234,0.319821919939864,-0.150193565848603,-0.0201272776408716,0.0285907610912798,0.137843565521459,0.125645238946139,-0.142795875381504,0.143690454646237,0.0501267269541645,0.265193928659482,-0.0456475860313002,0.389057992363975,0.125339027405145,-0.0313382570748975,-0.0588166917928471,0.436258755990428,0.271972444143432,0.210324628643709,0.162645026831967,0.363818416392353,0.231973147940649,0.00980307213562697,0.144083640922853,0.153668782291736,0.060335957092127,0.293588311121958,0.0604364318333775,0.236989573426164,0.447177959724306,0.217171818569869,0.363053152513685,0.499707611627371,0.414372501053794,0.293253541862302,0.19986560312636,0.3126678858767,-0.401048804156081,-0.226964511583259,0.419617742456608,0.489592360346634,0.0591529028264425,-0.291439577386111,-0.0390188046976093,0.491540710815144,0.340008431020143,-0.042973784656296,-0.0644007386030605,-0.279873845659049,-0.210750136060497,0.0426189125301021,-0.150109293759418,0.036280646413493,0.304795039198562,0.303002937953934,0.132907238320241,0.209099914428642,-0.0124736814384733,-0.0533817842290389,-0.00433782297022886,-0.300578168698124,-0.230684336814672,0.156590170180516,-0.146171410290174,0.588180318622119,0.16670289508078,0.357239425594637,0.353876750842148,0.199105538541791,0.0414051357812105,-0.307805370602881,-0.0546462893883161,-0.126786151626701,0.0281944868682822,0.472791179538,-0.0919288149794867,0.0107225372453149,-0.0952824555969631,-0.177634455290713,-0.601696291495507,-0.375703940700442,-0.142727541039826,-0.311921090377591,-0.372806465173786,-0.00987618655593355,-0.0783334111166787,-0.147341055987548,-0.239523855724539,-0.464507602432924,-0.0563729802953841,-0.0403356546163416,0.0657296649709373,0.100451910642823,-0.138050570981643,0.315025353234057,0.239675558207778,0.0740884307886731,0.254453142166339,0.203482721195882,0.103486122003054,0.324007163274571,0.139456661389649,0.0902124686449576,-0.455729765433291,-0.124231988852253,-0.024526917209166,0.0383321971817965,0.0221351538629321,-0.132162210483749,-0.0889595089199203,-0.13685139479014,0.0187790843906102,-0.0684386799193142,-0.304831344475347,-0.212783252321144,-0.278002044502777,0.282225400390936,-0.306154762593321,0.293632095121872,-0.164401900141784,-0.0815097093833866,-0.347598930293619,-0.182641272347866,0.283027041599527,0.303331766231176,0.0145613198613805,0.070072647255777,0.544593209653876,-0.306666123574341,0.144791233385965,-0.00826977784009763,-0.122067382523269,0.0478414127598574,0.0167390336199727,0.244577340459506,0.0588051369031338,-0.0225934099420596,0.0896412826963338,0.215077688036451,0.304986152598519,0.396932379824989,0.0971015028738005,0.00712385839566848,0.218078638737701,-0.102284782414474,-0.2780365619881,-0.0171702423017918,-0.351945212269645,0.0668278700753563,-0.0846036224870499,0.20697502765435,0.163232635748615,0.379168575881091,0.00669297009065297,-0.090881040020185,-0.170306089020991,0.0275155774050233,-0.102916331328989,-0.118156751898079,0.171466701875237,0.272308149952857,0.10315508457179,0.0092163870078758,-0.109885904339905,0.0453811064579727,0.0861650407276593,-0.0773227808294636,0.244329417661905,-0.147697334691424,-0.0640579996169814,0.150610791804321,0.0549454805212342,0.213854284586796,0.0889031201651796,0.0143892335587937,0.316155390995905,0.136048854996801,0.0651648273324642,0.184636385566012,0.149560073423943,0.141665425964993,-0.0949113827207489,0.146994151690412,0.0290474248003576,0.316247566602826,0.0719870192103679,0.430098450132641,-0.315156572622614,0.0680112134323204,-0.192732764588492,0.381730932224791,0.364691667338744,0.101330557619291,0.462500434364492,0.278381567734628,-0.185225060866154,0.202776366868078,0.154640741807432,0.068347897920514,-0.22193499576502,-0.137561443881936,0.53990350276688,0.209082838474686,-0.0181517792949119,-0.390523783228075,-0.128680703080288,-0.319977540859853,0.39288655707795,0.194128220428841,0.574557258550107,-0.167476403851444,0.0790798353728554,0.089563243067018,0.211691781085612,0.140743473183431,0.157738103134031,0.032050638374595,0.195947935056544,0.374340835030663,0.213248381120734,0.29484636376439,0.256380568606455,0.0524347799499411,-0.107028378554843,0.012138037974478,0.227445980877738,-0.482567902040395,0.229608036715599,-0.0705305463532142,0.377273587351385,0.463676975019856,0.440372860061571,0.468497226121872,0.206532665590599,0.139659051075315,0.170206279332985,-0.0620732261289467,0.28234325276461,0.159997971171035,-0.0295287119289308,0.0422211811094195,-0.091777521071728,-0.285071395195179,-0.294677205517441,-0.393358599937911,-0.0534070247698538,-0.370451343581631,0.0227074688639551,-0.105147553587429,-0.00750679751268751,-0.446666078264003,-0.487344676131249,0.0539536484983615,-0.0479953623758287,0.0644518503895135,0.0891592129723268,0.366647000110048,0.202329045088844,-0.0957875549944436,-0.0386685284352808,NA,0.359190988269889,0.0134916864473868,0.47354827883905,-0.0453081297457306,-0.0103085544530526,0.508092264153967,0.267140544014499,-0.0839183966535275,0.00485835206050282,0.238098336053127,0.429749740744674,0.0434409545101278,0.284938341941035,0.247890729004412,0.211573880421588,0.0655548500109543,0.141343643289337,-0.233624993619203,0.0185480132199746,0.0668116494117874,0.229831428267435,-0.0874279644975436,0.121839513137979,-0.0530721422396046,-0.274660823417946,-0.172657428328782,-0.239985398608777,-0.227586769179853,0.0418491206933673,-0.0142178471657304,-0.0853284668495546,0.0903100798678527,0.118534914565444,-0.214284544467016,0.0158501648867888,0.0201578152402409,-0.219205672393095,-0.242342708388077,-0.216874344218366,-0.157314849479888,-0.0830739558287412,-0.058821450570758,0.0473570371980032,-0.00876523262917341,0.0875615634904767,0.206272344408227,-0.00405852675569811,0.32715137867429,-0.0485685967964418,-0.201395231419329,0.0277050040534866,-0.1509447067894,-0.151389740886493,-0.315551853240017,-0.20133145243567,-0.00578063513115986,0.0922308006949398,0.0910277073261442,0.0912104124826975,0.226296849683868,0.273120344839735,-0.138775471822117,-0.155199905580702,0.32917181795218,-0.0346926424695666,-0.151581786615841,-0.435355327476754,-0.233661783229619,-0.364540705112827,0.0186507364709239,-0.0417129829292957,0.279513978317045,0.302071427561316,0.0391356215557914,-0.00229264235514443,-0.142775704265903,-0.00510218713585738
0.0264039768983052,0.389992988036484,0.47819237330111,-0.0917627331877233,0.554791638378679,0.0786261411336698,0.270728956981806,0.881526415727268,-0.101495669404628,0.0783985764358614,0.101469578992643,0.0940543706003213,0.364858416024939,0.141260061655447,-0.0627434287986127,-0.0810774040017938,0.463923324681223,0.22440061333647,0.00519335335865713,0.596612354912494,0.425006555314207,0.270319366015638,-2.09245546495968e-05,-0.122237571999522,0.0943459821297522,-0.253386038297469,0.171720524918763,0.0372650826171351,-0.0214989687902124,0.275229567411755,0.302897975549354,0.0803542128466995,0.0750340393702207,0.368380090478108,0.253690186177183,0.225553243570893,0.202347702870004,0.491164819379435,0.0645207342313553,0.122453949662596,0.323628558796121,0.120584631629938,-0.0809565048272313,-0.124569055308325,0.54754431126103,-0.0498486842847257,0.339644705340987,0.253171255123198,0.392776598281102,0.237814355864018,0.00868814914313451,-0.0257555775566422,0.217039207175168,0.306524343572103,0.314578899151522,0.563510885221492,0.385805057459785,0.523966773324458,0.110954981617496,-0.0944921159417607,0.278800847420359,0.158501126027796,0.0824516837000205,-0.144498043525878,0.358326933089005,0.33473249003805,0.146352803796108,0.329967249699969,0.34419059626484,0.260170021907618,0.0203410018238334,-0.0899224475413349,0.286415023206837,-0.432751052237645,-0.267496046328876,0.177921158159884,0.245384329391476,-0.0351256550116436,-0.309663443616743,-0.0680639928720184,0.234261445611902,0.0484505167004625,0.16221315008801,-0.0950228070733193,-0.327644563593019,-0.341991307059796,0.687124546079463,0.452149775572401,0.154941412506361,0.354550593800086,0.172068608826218,0.102084021731747,0.420003176479137,-0.223728564220665,-0.0695818634660277,0.0215884638971836,0.0828348813233928,0.225895280202814,0.651587438204758,-0.0790361957607046,0.391736395761542,-0.0703710089646181,0.303154596162634,0.273680752272389,0.0792941085350749,0.174749906988845,-0.101871573725389,-0.044428116663088,0.0197785533574197,0.136324514024092,0.277899952335199,-0.141666793483633,-0.0403593111361918,0.188187814696839,-0.124136254120799,-0.279134057192566,-0.169586524734222,-0.251381622475063,-0.242536373769552,-0.118322229790224,-0.183018215220236,0.119835332522962,-0.03664950480589,-0.233488829425871,-0.105304280945939,0.227359690755792,0.111543169807678,0.265575709410709,0.209790302804471,0.305590610971268,1.09785720648676,1.03950756755273,-0.151688170455632,0.226954909958116,0.0983495173264311,0.682596568716269,0.867108531408067,0.369195250575057,1.03663481840906,-0.449335100290081,0.188137048605984,0.154036873551767,0.375401981217481,0.103209148552324,-0.0886274554580965,-0.103439960674718,0.0467068314563458,-0.0924631214972903,0.0827040082844204,-0.149769066495508,-0.293848163111738,-0.0768458039680573,0.452851548194491,-0.144147943215195,0.283035992493489,-0.311499996354172,-0.010396700404795,-0.119584809577851,0.314265724076113,0.281253866293853,0.242531281925644,0.0750182279258839,0.576633843085592,0.220663277755411,-0.170090920096964,0.87095067187336,0.104903671042813,-0.204530374847425,0.512895644699674,-0.188506556333648,0.0284245666640348,-0.185949860565445,0.171293664036555,0.212480070951798,0.223227018270318,0.392355163471011,0.654049602797889,0.194128866918932,0.204462657432903,0.185869132146805,-0.0105842104500087,-0.111101998467132,-0.170773587911719,-0.0219600526014285,0.205249341263046,-0.125661967504299,0.280549299158553,0.162780221578941,0.331847108603898,0.304693756124273,-0.000990738255630939,-0.177587172753678,0.104978460659657,0.219759746361734,0.194911460332068,0.189323283227962,0.536644341270859,0.688985945891505,-0.343451525538735,0.0414998080750797,0.325903413490437,0.0147626657552583,0.431211201955362,0.331214497930125,0.0126688885172685,-0.0566506993765703,0.30101103940911,0.0944050694924546,0.545960637929595,0.375010786965452,0.188877335897424,0.152008551602269,0.266356089597325,0.138688555801164,0.148931066509244,0.422810482999945,0.246646265698691,0.00741448753287758,0.0586722664951957,0.0163145909657267,0.0621445083015344,-0.133689876713301,0.316967296584204,-0.217183275740966,0.210241618655133,0.0375901258770073,0.413729661017404,0.601683191353801,0.112234065174695,0.459305083449087,0.200007094578206,0.119952253480221,0.24672242204468,0.122672976367327,0.0969174268328782,-0.289302643903797,-0.0849712203411025,0.169706529710729,0.467834537859621,0.0688576904347054,-0.323290743808143,-0.335205195786432,-0.0879405603422546,0.174858890561366,0.0501484039544129,0.45534273499128,0.0585755770653992,0.0633494695408792,-0.0690273953412461,-0.0463454133185916,0.662549640650646,0.623167065212266,0.340635240395315,0.5296248866144,0.342782891281476,0.756926065042573,0.1763510364419,0.626962935658389,-0.0202708636614711,-0.0959608084765898,-0.0310495483760413,0.105254590684736,0.0932985459764646,0.754497068824522,0.346634396447877,0.00951082966880312,0.306046870677152,0.145736116000802,0.302471431969855,0.23865910882609,0.0437483721678745,0.201148392627097,-0.0816466003121738,0.0308568904639356,0.019974792147789,-0.0441512230872195,-0.0132316742773082,-0.0783294022885006,-0.176336358278537,-0.00226586646343088,-0.15769257768339,0.0286060219997847,-0.243447366919614,-0.0394151136392321,-0.205934968919462,0.143885713145775,-0.0439629821362369,-0.0420831015433609,-0.0913285919919798,0.0800687443005421,0.123023086217629,0.240428407244847,0.790317347455256,0.45683368283529,0.212079044544134,0.21641622249624,0.359190988269889,NA,0.826161776789625,0.101483869928866,0.0370051348448865,0.00669013745727187,0.188260889930867,0.312690035192563,-0.247680858282467,0.114806811496791,0.740537402916285,0.674622911151362,0.590897033654784,0.554215726760178,0.128886573661579,0.0697309419081038,0.338758222961757,0.454373062749817,-0.085829785551405,0.0988138207785806,0.0625649666592059,0.431832997987631,0.0125496722134055,-0.0268523838205615,-0.0860563582446074,-0.156557644670261,0.0140860820356795,-0.0784960017194555,-0.0747385830751664,0.085748702465897,0.0333032667347001,-0.186008948683424,0.11035447843801,0.337462402720389,0.00160967555665101,0.329810061648812,-0.0699725365888848,-0.17205328038284,-0.190620033353335,-0.190399476832625,-0.123992595187176,-0.0257270232172354,0.035562933928189,-0.212666597093937,-0.198700294123367,0.437516480946324,0.321246570179301,-0.141247827583043,0.43513427776803,0.159303839714633,-0.208639376051179,0.145402986454548,0.00125218029055005,-0.178569981342358,-0.294271337973565,-0.377772951292436,-0.00113380769322555,0.126400262777069,0.568771518326648,0.596849030082487,0.712472433229253,0.678999561360332,-0.188111578198196,-0.276141109562566,0.578664679706075,0.183603866085829,0.154358685944876,-0.0555656327914206,-0.257323131878725,-0.204108468055043,0.0257779523188786,0.0960739693130823,0.325784931294663,0.330650034900079,0.365164782454402,0.262311085515575,-0.131317872286531,-0.0551683425406387
-0.0639199432786385,0.378769685509013,0.405577064380581,-0.197095236810245,0.421392666292248,-0.082524584824898,0.0708275734668165,0.532164225019276,-0.196361528381896,0.096522491513278,0.229994114016876,0.00386639096138299,0.293211348217061,0.10480152761512,-0.0387237815443411,-0.187110403339898,0.240050476654953,0.10723401935186,-0.149398349553982,0.237324333284664,0.385350999404786,0.404275463989255,0.0213567742136923,-0.321307506848189,-0.0861380842524617,-0.355763660166054,0.133565597164025,-0.0130522287568227,-0.231632012571835,0.429619299642816,0.19365806506241,0.0523711832513922,0.0175260944109833,0.402505942085237,0.318133502104951,0.230517252071151,0.155716838279179,0.477053384046647,0.166256903154762,0.184231392817011,0.386465199063941,0.243653117262541,-0.199108665013744,-0.222500185436073,0.58096606175495,-0.155349271217363,0.203847485399432,0.484882931414938,0.524790262821521,0.288548429040302,-0.216616385842223,-0.136441872054174,0.0986123914732273,0.167772284427779,0.188652426577985,0.458055805481157,0.33034495342147,0.651941358143141,0.254998848475348,0.056477463316997,0.0481612069018598,0.287985024360871,0.0633948007906803,0.0841360070531116,0.143081693450521,0.266631461140002,0.216692775683321,0.286799341090532,0.0312698097351567,0.00134711947992193,-0.00842869903822657,-0.0692180324923919,0.149216268748106,-0.417676646383873,-0.290228619949765,0.198457918846044,0.185920410045795,-0.158682168261847,-0.268762141521388,-0.178899831476752,0.213486997343087,0.186921463190107,0.167435181129213,0.00143859691424356,-0.400871592048622,-0.429214973668415,0.424949292872015,0.172398693748464,0.00295452452702332,0.177970911371244,0.138260620103486,-0.0117946621579374,0.209133903626791,-0.305870032959901,-0.183436033341591,-0.209518200079385,0.133538538394999,0.293817243819368,0.357413281695614,-0.0892326803295181,0.297018458123782,-0.0205956353035347,0.31159797914474,0.218900335071088,0.0279411508302484,0.0467379467540683,-0.145536738730422,-0.235569990060335,-0.236077207996607,0.0252632137438638,0.313498963769246,0.00980691512363851,-0.214562697870236,0.1737687766756,-0.0916246758736826,-0.0756669731115625,-0.0833815632066548,-0.178385149030102,-0.268100487433705,-0.0535826063106294,-0.336861026339819,0.0794074184260696,-0.0564681461237172,0.0101303908423535,-0.0540152909640785,0.246421605854838,0.361719567256573,0.168578541668866,0.496744871662462,0.443532246825404,0.81740653720567,0.66454364573551,-0.294283390022232,0.432825412660492,0.0912798048250858,0.652035759812701,0.46714695055565,0.315484519199845,0.816891718944459,-0.227883147202967,0.245252771927469,0.260883871020132,0.477417480977983,0.212197444781473,-0.0748832865312531,-0.122606647376453,-0.0511364382619929,-0.144605841343924,-0.030954528247522,-0.18530920063664,-0.281363226081966,-0.0766244157279899,0.463347401392943,-0.218803743492533,0.163099798807976,-0.510242009175776,-0.199934824659282,-0.110407084195155,0.458103336294548,0.296109222543497,0.138592522063919,-0.0257883000145695,0.483189709261287,0.00427768396036203,-0.234853287595356,0.493595765770779,0.134334465961742,-0.181928339296018,0.601764465240613,-0.308891542907514,0.0924872963098283,0.102932958848372,0.0529987989720431,0.239701922286942,0.102021945338903,0.190499828955284,0.367688889231627,0.253987916088873,0.308940359613841,0.236934927493156,-0.0032890720200351,-0.273269317487376,-0.279694757886763,-0.120813858622621,0.154795346689156,-0.269179876513835,0.345833897054649,0.148151057407648,0.38071339000998,0.241610646061189,0.0486208981804351,-0.0617202338294361,0.171049510919492,0.219594881029628,0.263464256032753,0.227182880470493,0.420436971383664,0.457420552944698,-0.302620930841672,-0.184426153856888,0.277316077142887,0.111728943678357,0.369101408878422,0.0748314303329758,0.142435763025727,0.0839934849904247,0.433822885282247,0.0201469364807632,0.51192761800932,0.261399220384766,0.0828067103259523,-0.0421232068408809,0.159863038621721,0.199674725846596,0.11578688883013,0.466272391959221,0.199120808571896,0.0342873161263321,0.232610916323296,-0.0891167975385353,0.173546228403524,-0.203075494839465,0.354501204114765,-0.192704778922184,0.0518932689756207,-0.0401517149378894,0.147285008350049,0.702027285376461,0.358162990658234,0.384389313474147,0.18396618693332,0.283221564682656,0.154780852700464,0.0606293939284753,-0.0429123567290023,-0.176916697833155,-0.230414626641149,0.195078576682997,0.526350331130275,0.0576188484038526,-0.328657383051341,-0.405398082773688,-0.0300304968460976,-0.00905599480308998,0.301852340171843,0.452908697403308,0.181505085129519,0.15332487072889,0.0533028981446508,-0.0652469059306594,0.428394137340142,0.338915708388209,0.213880540294599,0.380403446549337,0.114881072772888,0.412940494113949,0.163038324828722,0.425965501352452,-0.130714897657373,-0.213075918159265,-0.198456001347627,0.230519078196376,0.134842750493482,0.489043395754033,0.437867330452805,0.122786560240459,0.403919850759219,0.0715648703766088,0.266495337566938,0.215312656606173,0.135333943142634,0.260345403541684,-0.101003375935963,0.196134004107346,0.131706831483323,-0.0346102937218366,-0.179537654965401,-0.10311207507801,-0.0278112038870447,0.0608404566339796,-0.0236729963559632,0.0881687478999718,-0.0867608147991601,-0.128094295026494,-0.218822506849055,0.289523761531295,0.114725408773007,0.148803834693098,-0.237066311799429,0.356952555412885,0.146122815281242,0.483331573416856,0.718791351631623,0.300821816787331,0.222025221794693,0.048186213951071,0.0134916864473868,0.826161776789625,NA,-0.0306568588653035,0.232274247623905,0.27606252525759,0.0778436517490593,0.240966541530277,0.109659742713973,0.248072543691779,0.445669591394177,0.318250527286561,0.361827631995132,0.218367052368934,-0.0575868820373916,0.096384445970272,0.310216458516563,0.234959644578617,-0.179195962875313,-0.0730900760661531,-0.0924239095314141,0.334426884827691,-0.0051308241159038,-0.170293505369314,-0.116787722646945,-0.0748369828966947,-0.092446579387059,0.00206040321974002,-0.108795326480227,-0.0864384134790331,-0.048270149923942,-0.195904965086326,0.087431145760809,0.26913361035553,0.296901598759429,0.246466224195891,0.10557009679942,-0.122848250936601,-0.196294863226836,-0.266820260471959,-0.184558643643301,-0.0733887030823211,-0.0803191281059758,-0.129491570218494,-0.179833169156737,0.486200963077813,0.405734958117371,-0.15393615461351,0.396476625877774,0.123073454721483,-0.0887574592586857,0.262299974255053,0.140540047275996,-0.115007712649587,-0.193895755525145,-0.390176094122311,0.0728990686116767,0.128732016676664,0.595023378427897,0.681170520900429,0.755969275368371,0.553660895857885,-0.130670695344385,-0.387638425558746,0.48516660863628,0.322819211971556,0.365123641841002,0.0923248780815835,-0.0620841933519864,-0.141261528799903,0.0592838277340311,0.0368470103403816,0.360342879091603,0.374767473056358,0.245459291837626,0.310273396266559,-0.19794366120093,-0.0921633790397266
0.0450054395128384,0.179614006123847,0.358236530945999,-0.287292039798302,-0.193842985531783,-0.0435831855149351,-0.064230351742348,0.181733473759663,0.202614959376165,0.310227782541223,-0.0735134739493248,0.0132178953319859,0.140425559327174,0.135043351098329,0.0313207256065122,0.101520198930898,0.318706834804004,0.0915822053227135,0.0451089801278749,0.197476890548651,0.188314105165714,0.189400912193821,-0.187029638981241,-0.282859256528108,-0.138459728422128,-0.108315677146783,0.119375999239212,0.01098829537643,-0.274460078554229,-0.0559558192883827,0.114961529027585,-0.0142861994371831,0.038910633478073,0.137274564598468,0.183744828761894,0.0637964854816568,0.210897949176354,0.235907608760765,-0.150815732996114,-0.300486659631564,-0.0485941683084663,0.200601203293464,0.0954429175824057,0.0123243537850041,0.217597412875264,-0.0010221795648637,0.0632243183697664,-0.114977982500502,0.319049161715716,0.173382464983559,-0.193210292256047,-0.21977233538636,0.348399149170058,0.214621868526621,0.186744743607381,0.0162931686944285,0.265691740617919,0.137928797664363,0.0138415687700823,-0.0246586735278777,-0.0587229757115428,-0.0603401876108875,-0.021427596857864,-0.0362378094128043,0.0852705393555205,0.407717294551339,0.16662743755386,0.425232374034728,0.306651955778642,0.192293844689695,0.191978700226536,0.0354637032390074,0.0948293637811249,-0.29269438904994,-0.331533312485567,0.186607395743823,0.296440953669928,-0.0810514964308351,-0.142126241409989,-0.050031869099441,0.247298951148904,0.209469990127604,0.00243489861623679,-0.013571262954736,-0.0871731011655716,-0.109179589306369,-0.0761671851934325,-0.127811800197912,0.123000622532906,0.141454055269173,0.128927332879678,0.0600566148188467,0.0891753903442812,0.0715749189689594,0.037614229548326,-0.178151753997338,-0.263693476166849,-0.215595497077329,-0.0553024730042423,-0.0873884761872557,0.623654083899863,0.221648306360573,0.273391266232211,0.28967998266665,0.190039199918416,-0.0534584398640164,-0.28984729445721,-0.206853312550382,-0.146570678666907,-0.139234133572783,0.206433845581645,-0.0971904172436715,-0.025274469491724,-0.074927933712047,-0.253942668246891,-0.333426273597946,-0.23654118442325,-0.220225412145518,-0.13170957298852,-0.139022455209903,-0.107511059424531,-0.190131032575468,-0.0156499450120339,-0.0767869583057963,-0.325291828694169,-0.0929787971739797,0.171305648144576,-0.0702252293672711,0.354029911146656,-0.0515499467434541,0.118490191322353,0.046062704507654,0.0534684198748205,0.369266985077087,0.136538706056678,-0.0878425912703978,-0.027016951987923,0.119644645625182,-0.015594193443711,-0.155131868917643,-0.0282613198950006,-0.16239995353006,-0.114527196221587,0.0613895755084577,0.0162452863199362,0.033488388615955,-0.245084359305498,0.189973510552257,-0.178955416345831,0.0369244608358299,0.127825189215751,-0.101994135755259,0.0408142869858568,0.124949688432621,0.138334743377773,-0.0656943047806833,-0.211375030299831,-0.356415051437588,-0.152850167809775,0.227768718618804,0.0770810903268823,0.170999938722266,0.0131930987080615,0.410950925100204,-0.260070987086531,0.000216968962583164,-0.0857679965526112,-0.0635753969029954,-0.00377283428787994,0.0300848839069168,0.299070059260212,0.0621452598923678,-0.0274263386479804,0.103323501790857,0.190475436904985,0.222391270556691,0.275245677420558,0.0702711271789886,0.206076293970752,0.168374120273012,-0.267730882214314,-0.448771253443636,-0.111778028712813,-0.287256058171718,0.117272133050203,0.0451084450787816,0.269311525660566,0.130588092425343,0.308831727348644,0.0224395409556513,0.00233554884510444,-0.137482213894105,0.214569690821249,-0.0689824419532785,0.0210633402957575,0.102231431246594,0.314406207091547,-0.0269738013957872,-0.0383187259309253,-0.143084011703108,0.115751922974049,0.185153771321949,-0.0693990491499132,-0.0552141518714628,0.0318717454912358,-0.166200534345062,0.108279140895718,0.0476690765907156,0.148663570716323,0.31274240119359,0.119213896805241,0.316499868625254,0.0144504236412582,-0.0245678738404241,0.0735468701972174,0.140228078447345,0.200610651771956,-0.0682412167923537,-0.0287012353624075,-0.0258077099333389,0.0909824534130474,-0.132436590637688,0.445414583507366,-0.231184558366648,0.134099302839477,-0.188242826491578,0.256931984315922,0.116681408511727,0.100616853597269,0.344793578354668,0.0603247007625142,-0.198955041778241,-0.010949510179894,0.274675027321847,0.000863221723324163,-0.269582682475499,-0.20153779635429,0.454981263981795,0.163313621523686,-0.140507875068356,-0.235769580406892,-0.129704882237758,-0.208311454114908,0.393828165142355,0.20318209851234,0.451490168322721,-0.29961591734386,0.204151219753996,0.126635447032865,-0.0686132761347617,-0.0208322168289217,0.0467420961613524,0.0359933015411307,0.0686345106538604,0.212789205015245,-0.0019172740220233,0.0771945365368449,0.212952536130704,0.0134811222901328,-0.171602956300516,-0.128690888317903,-0.0323327710203181,-0.193740392855009,0.0489479295711183,-0.058217457254616,0.157701453548963,0.146759507727654,0.523828744201756,0.4527045949182,0.244058735694621,0.0469536624715316,-0.0458505274526182,-0.0779198044758146,0.193911980093176,0.0531412733932328,0.150581050920181,-0.0457781864533398,0.08042085721241,-0.0605809717494131,-0.529313356844602,-0.144293178719338,0.0896733884471807,-0.251169664360475,-0.209208741866258,-0.160965337898761,0.0635477208869361,-0.457800310880124,-0.427305957684743,0.155773618750405,0.177424140464933,0.0714750010117289,0.264590273735829,0.0727856114915302,0.362459213094746,0.177617065592483,-0.0549170478747218,0.47354827883905,0.101483869928866,-0.0306568588653034,NA,-0.140880986321301,0.257227958528594,0.645394321267824,0.232366170352004,0.0197100901630949,-0.119214162114393,0.0725898405269261,0.225832855932814,-0.0081128731453694,0.0082010489453114,0.123178730812423,0.391909579768517,-0.194232136013701,0.108998173499513,-0.00837108984809346,-0.0357392846960073,-0.141154948231518,-0.0176974954227306,-0.0527673872697265,-0.180389343408334,-0.0378851686382448,0.0417184946222969,0.00999405065023247,-0.225231347030708,0.0261864841990838,-0.0973726925788418,-0.175652196915864,-0.212382379344815,0.0207498843051507,0.159539221753321,0.0257549245492436,-0.128857054266867,0.116542538646287,-0.182091700362702,-0.211820348243234,-0.131202046801382,0.0362528884947844,0.0303533025260558,-0.0407503584869094,-0.00146510408826431,0.20818548408065,0.309280117271123,0.226819540210861,0.214757953503816,0.311719791157848,-0.164082674341596,-0.0230232533794369,-0.0311324464421192,0.0299574885898031,-0.000408238829192731,-0.0145284388103868,-0.0648087976579498,0.00926233740777998,0.0377030147438181,0.0360173139780813,-0.0255757671745032,0.0330068740176594,0.138670100410517,-0.0851413011239592,-0.121029406519052,0.0386383237542769,-0.0822437328991615,0.0299071547536711,-0.10852755525273,-0.381307937454807,-0.372474967430089,-0.178246048876962,-0.172848559503741,-0.10125109999231,0.182465100183922,0.118680613343657,0.152019555658315,0.188997164683402,0.137175741882023
-0.392498327767349,-0.0353363848729455,-0.0903317894644971,0.236754393831932,-0.0884151156221695,-0.0333297259099858,0.345352605669018,0.0719913069231981,-0.18729254795468,0.190263524193491,-0.00281128087980174,0.0568982434867616,-0.252524622309589,-0.23954230697959,0.0620463751480974,-0.264141074719227,-0.0195052161008191,-0.0922599858484061,0.257779235841294,-0.255995803848207,0.206480556736012,0.389985494025175,0.331754622746735,-0.0163798072188411,0.0650363548771971,0.168563599104923,0.316556549392008,0.44814257982784,0.0854639909284944,0.199224367256657,-0.198872269530287,0.000415354094504833,-0.14011748649573,0.288867865912675,0.0105657312942471,0.0492059389737375,0.134683623866051,-0.0560505688064767,0.116841432079601,0.17606833213416,0.234791960286399,0.221297084045941,0.193011927630177,-0.147933805370519,0.115822969793958,-0.0337506699772628,0.0324122229045072,0.304194343006706,0.370350283301268,-0.0662604579421733,-0.0276680841897534,0.047404587017274,-0.322933928302801,-0.0261076546134676,-0.131720727887091,-0.100366147855697,-0.11833864557673,0.0093167550969511,0.253471140470067,0.325728846039245,-0.0518748411355041,0.113335425439953,0.732811494201626,0.651775598221749,-0.198321768125543,0.059850527321553,0.137679403004391,0.0838072208463925,-0.0305247719980042,-0.168758583175658,-0.0613838663067712,0.1601917422066,0.118128620318667,0.149691753245658,0.0159168913929317,0.0468007413606212,0.0267167637928831,0.21947450993019,0.386790843478468,0.228488841514754,0.169065245647606,0.35344842913674,0.266868565837786,0.362297238704081,-0.05387168007809,-0.186498790405241,-0.115393951550018,-0.196324629923883,-0.160640062285475,-0.0589852085852929,0.0655188102342186,-0.120174992701643,0.068948138991522,-0.315269594192095,-0.378815508111604,-0.243223281976819,-0.0665157691802751,0.0203330457879318,-0.0839300480077522,-0.145134344163552,-0.101080431921956,0.102593936595563,0.237554196566098,0.0989591779758535,0.128655302355862,0.244280713265111,0.0420680516195976,0.182409577951331,-0.0869353260062088,0.145818558691282,0.208666330629023,0.330452240630444,0.0512265240090798,-0.285484671732086,-0.256894182480588,-0.0936171583434072,0.0891115014870369,0.267731746192732,-0.101025872519735,0.0544762456513956,-0.178871767489088,-0.127785211845749,0.103183571586274,-0.302066481913046,-0.224691057853769,0.282708834373019,-0.0808279177814614,-0.114728047413358,0.165956406057933,-0.0597236248174984,0.103483537622911,0.0438875132154714,-0.0831947095727041,0.173258232051705,0.0789898984956723,0.1096425952709,0.0930767843540389,0.0325038440504638,0.00217688363482738,0.162357551246925,0.0772001221941915,0.0500027769531819,-0.109562877745273,-0.130065795727806,-0.117503924194086,-0.114613138599101,0.185141350094757,-0.283556293023321,0.0247221510179946,-0.0859054792246543,-0.313267143777048,0.0196324113358378,0.352385355357916,-0.121811228102365,0.230020296316446,-0.171466476620411,-0.113699936727344,0.13232016382113,0.315469870737724,0.281369933124101,-0.0347360754037946,-0.505136417977359,-0.0725418794340175,-0.0478724098366833,0.0244791687751513,-0.0840671789500739,0.365755337040019,0.1572408438047,0.0911996959609888,-0.277464993745958,0.127588452018138,0.304990308821125,0.0560864707761179,-0.396753462525283,0.0174412847307712,-0.116702877887496,-0.08654499519429,0.0874332230951497,-0.0546573677630077,0.190480186654858,-0.00141100746669872,0.0297089276965597,0.178731125271078,0.0324190439127026,0.187288389944819,-0.0107364396090113,0.682503969404963,0.360854350049309,-0.128918979861092,-0.0578229387532265,-0.110924182871565,0.126250314526892,-0.105564566878504,0.0935540110862697,-0.0845382657964514,0.346542556118706,-0.0443416634171686,-0.0459599498599675,-0.26946867466405,-0.265259918872909,-0.187952239153605,0.0884729409387842,-0.00516138630922778,-0.0733445182986751,0.028283682645092,0.049663442288826,0.520846001005937,0.0416700262612561,0.0266334570294951,0.00348856949231346,-0.441701981606831,-0.390700417753461,-0.168810781359173,-0.0631627245214271,0.0454336545411671,-0.117097026573497,-0.208673102665629,-0.319947460734508,0.494187939337064,-0.184647352541017,0.0478466103326948,-0.00543072276519057,0.128492482235544,-0.00342525062461646,-0.0635128453508336,-0.0766435226024185,-0.0671313884324135,-0.0373936092932025,0.119697528911174,0.0708635532210695,0.115740648225965,0.0568793552117044,0.0622099372046637,0.0783593929440902,0.235190248156638,0.192166091729118,-0.00637979158829815,-0.0191278063399903,0.225839034247562,0.346975060247692,0.0506799256445112,0.0656183839394959,0.217484415646913,-0.0664379967355262,0.367300448916385,0.283499753984451,0.355769661694736,0.627541098527941,0.333413052309642,0.509552553232639,-0.125740067791196,-0.302269369607898,-0.401021772987853,0.0284181654501958,-0.105392512107885,0.00294158851108507,-0.268426231097214,-0.253110131329363,-0.404366022106307,0.0447557082955808,-0.197298623722295,0.0432358043920676,-0.00748462488587139,-0.154875338837044,-0.335451406525935,-0.202896980781778,-0.0518643294341265,-0.0508283373820276,0.025048783575832,-0.0861077726397479,0.306805523899314,0.287228288752356,0.00148384358588028,0.449359580039486,0.444052289871743,-0.156849658215591,0.215328364440268,-0.218519864445398,-0.197340642247604,0.0579877099890048,-0.0997966504909537,0.180751901299596,0.401137666043614,0.34163761750895,-0.0833857739908502,0.121727781753695,-0.137198340803799,-0.255516212081747,-0.193001359249695,-0.135121688946143,-0.0154580934958038,0.222906933906488,0.125173610577144,-0.154730751739624,-0.150930314465512,-0.152198458347113,-0.0453081297457306,0.0370051348448865,0.232274247623905,-0.140880986321301,NA,-0.0469304101429371,0.111838228291678,-0.047590017548652,0.407158738669375,0.208105950907867,-0.00762002564059376,0.119783840185857,0.0340193568194511,0.0475802633302586,-0.366142838023905,-0.112767919208638,-0.199358350713952,-0.121392939929043,-0.328613449614335,-0.0796270444691493,0.311241939258304,0.497145420440347,-0.288494212088792,0.132316704258232,-0.00855586834219183,-0.201649376204176,-0.309523268038284,0.200048804864011,-0.165522618707362,0.0710451905343391,-0.0866312470581974,0.0713789717297512,-0.421521046200736,0.257283508819259,0.223626932706909,0.140290685029375,-0.0178169228364357,0.391282790299909,0.378912788776707,0.253426056629444,0.0534648945935981,0.198263807033895,0.166103757299416,0.102066569470836,0.189845312216146,-0.052666963406589,-0.176210239052627,-0.138322066634618,0.186864975704616,0.203709743048572,0.175833866357099,0.1491865877536,-0.100968887955153,-0.131087904973127,-0.133686330045332,-0.152416186542509,0.289943444346128,0.158187962810119,-0.122520571840738,-0.0871446356513513,0.052504412001108,0.0359686979918859,-0.327155421618497,-0.028619451882525,0.00683542647774371,0.273433139353397,0.0458605885306862,-0.0652606708448598,0.170379013198256,-0.0623971626455482,0.0395939610740599,0.167912494558304,-0.0611197290475302,0.234431237934131,0.11284683674344,0.206097225259846,0.00314917094033266,0.0746810522729399
0.0815711253412663,0.136130406913774,0.0709342745642913,-0.0359703636873046,-0.314634627449991,-0.157765507712427,-0.536013023961842,0.0106113933682904,-0.128168751391346,0.235571483486844,0.0898328311702785,-0.184274308024567,0.0724825960489655,0.139267349075544,-0.340212002530119,-0.0988560236374177,-0.0395277837463294,-0.0975416004566303,0.0735880163014434,0.0804929755186922,0.0677100093119551,0.16627467958516,-0.0625324066577032,-0.466727126808491,-0.237574568117101,-0.139286132849015,0.0769724181857358,0.0236745402990911,-0.171053040512204,-0.0902530795993521,0.306175714159772,0.26306364640876,0.228313114999918,0.16557944429106,0.435153640533478,0.207770817334474,0.287098747960173,0.350161877912168,0.200902137110015,-0.0582414068181345,0.0600778897324261,-0.138425585179505,-0.301641741656458,0.0460986389687253,0.266277705000904,0.157992196435502,0.0579556453913729,0.0559571876319705,0.0181683315933312,0.238294717863738,-0.505961284947162,-0.478782775878922,0.19168563010675,0.123976731594324,-0.106524214346075,0.0661578987044512,0.148648549324613,0.229369326176998,0.236295214989315,0.063106640380909,-0.0969114601509592,0.102691305952853,-0.274339080143034,0.101375380860419,0.0188257277738642,0.141139562373565,0.261984996843527,0.274052615465127,0.128651912664903,0.0438469113594385,0.041182163970268,0.0961170794872163,-0.246529439317473,-0.386308439073396,-0.149861412695053,0.0931774182038434,0.279576784831097,-0.406591466248215,-0.103385145251093,-0.240150177058093,-0.142270830434716,-0.121200786871702,-0.250514609144279,-0.173063985676834,-0.131257187446298,-0.0826036569545628,-0.143458304308291,-0.323716589400006,-0.0467616020831676,0.0252253113542195,-0.247891278454297,-0.407134923412348,-0.175373990235511,-0.0983512890673865,-0.0284707614648724,-0.307272338839518,-0.310923904945726,-0.285748526899341,0.0100013151125459,-0.317701797461646,0.0700597443251524,0.105906873854321,0.0929500185801578,0.112717239810049,-0.0604242950998755,-0.41599690350529,-0.111765493756119,-0.180925907504315,-0.399162713823179,-0.367329063308909,0.0803830223188802,-0.127321023482349,-0.306261997851936,0.0747168219801742,-0.0841654615364784,0.0496255758937689,0.0861281429461754,0.00309233390000776,-0.27665447431464,-0.209368316558531,-0.40569115193495,-0.293259376476442,-0.0539205311798065,0.0450389067725061,-0.0611597410012551,0.101644780803739,0.490977814828354,0.240751421779131,0.193185668236381,0.321231362550621,0.00913404810294315,0.0781490099592421,-0.00730251240993145,0.128215300951146,-0.21533055895354,0.135009568326031,-0.24358933988213,-0.16026720074882,-0.0961409801588846,-0.280608678500828,-0.370768869719118,0.354084715246412,0.239570778401552,0.0581725744001062,0.229012240230625,0.191253623374605,-0.228420752632367,0.128508833234804,0.01661608971138,0.108727115438711,0.120062575074528,-0.0750052254406887,-0.219352351567208,0.0920433538918236,-0.404485698310648,-0.271300700380497,-0.229626765878868,-0.127642158939478,-0.119161769506513,0.12634535070924,-0.017580165715956,0.149040758667617,0.156841369169866,0.044106088611123,-0.0702978122791205,-0.128024118408249,-0.273174995427143,-0.209728598041875,0.356484678772821,-0.0250191745744527,0.127072425737177,0.129306780884087,-0.164496237575568,0.187470984253332,-0.13000088608391,0.104267485642409,0.143636190956425,0.0987998570481992,-0.0153264867581839,0.0600562107673496,0.00983575146527995,-0.467098758944817,-0.460341005811421,-0.0820071055315415,0.202803702097024,-0.140124667443999,-0.0677477777616646,-0.0688268164445073,0.0971958398867018,0.288432876168988,0.32027723018038,-0.0505198114852858,0.465567698690137,0.15317285620238,0.311707568000786,0.0860152854282155,0.171716350638475,0.00175325208713519,-0.117212032844227,-0.197804355438508,0.149973346917412,0.258371293031219,0.064924419041089,-0.0909598659291584,0.371895181614338,0.1290282359639,0.0172107341693318,-0.100241278508935,0.118620737561666,0.20083889195502,0.00411685126419553,0.176235316451307,0.178032390994757,0.126470632951065,0.13225719425704,0.256476906659183,0.204911078428535,0.0770783756533079,-0.256759457961928,-0.0967446752627108,0.0953316643692037,-0.399581189806442,0.398873295119312,-0.133965918479161,-0.0901680327792864,-0.146995205551706,0.0519806289997194,0.0837613316528197,0.093121794793055,0.207457022853419,0.0834694169055305,0.240309612820229,-0.0023678146710231,0.2109443442325,0.0287305275449679,-0.405964857806759,-0.253494958400748,0.312907624474387,0.252916289768573,-0.137552136157019,-0.171421788320549,-0.444618488326969,-0.316517299566409,0.208163919261346,0.265968014018049,0.144486698606632,-0.368952758233487,-0.0358517543911812,-0.165679360113097,-0.161634528335963,0.00648345458240099,-0.0673605685416584,-0.174118474208383,-0.105063090097195,0.137219144504311,-0.249195181113408,0.00763979245898691,-0.0885329645067643,0.0207142588973409,-0.39664554512892,-0.29487921496373,-0.0841111608188391,-0.281958669327895,0.0631716705365165,0.0985981501682656,0.0526246894970251,0.176309423340279,0.163442261887502,0.126795480757206,0.361901380712208,-0.329210046544001,-0.227291685562839,-0.382106783717169,0.155090111986493,-0.114017143915889,0.0617318143295468,-0.386974348941962,0.130870256537743,0.14460430243646,-0.199300837321331,0.0505689994995931,0.164725718901125,-0.199909023411156,-0.348659124114379,-0.18453832033189,0.186817341574589,-0.0341027271912724,0.121332954443697,-0.161372252184734,0.473495583957085,0.240070923064422,0.410647057856213,0.234726785106271,0.133397305331579,0.439416087600922,-0.114589488095451,-0.0103085544530526,0.00669013745727187,0.27606252525759,0.257227958528594,-0.0469304101429371,NA,0.0295393222153712,0.0369047340239802,0.0844713413351591,0.226576940402583,-0.241581638495707,-0.164904849820336,-0.13533013864574,-0.269104759312773,-0.0368981973600114,0.338528666829524,-0.0842540268614588,0.0726340130742844,0.0897764728542793,0.116744294984328,-0.0692049726189828,-0.262425679291065,0.0318035450108826,-0.301355461585022,0.00341261516700482,0.262864249426715,0.0384224041239766,0.0944380306574475,0.0978723802267345,-0.18206898299254,-0.23057613430567,-0.330319349815446,0.0236484853792913,0.013751682034468,0.325986583957056,-0.175588109605341,-0.0513710009496185,-0.162207282890602,-0.123637300480588,-0.234550657353765,-0.0540730139886287,-0.0910373428236315,-0.109274368678484,-0.147510519318157,0.0585077406491303,0.393777075938723,0.264396797562638,0.271891987103889,0.188049629782072,-0.182260061259975,-0.268138758248087,-0.11039851562955,0.0658464563744545,0.104171365989174,0.163756074305426,0.0499660229139832,-0.383724992533992,-0.496358057179443,-0.0437961901789832,0.077326073318223,-0.0314304301093778,-0.0485204963726384,0.0467680075088499,-0.173741154284046,0.221185389180606,0.215443470980385,0.277989962323841,0.108609432388793,-0.345499357358903,-0.0906208118801827,-0.266678263932457,-0.201766629901776,0.067645469169699,0.344820690304257,0.0646359167448067,0.29177890092468,0.0343077050516061,-0.0529556371367582
-0.158365651506412,-0.0903154071671683,0.298499324772456,-0.209407302708469,0.0259327873286191,-0.0632774401421821,0.0245135726355815,0.166056337763541,0.122168081898035,0.177284176659925,0.179526781730227,-0.124049247594819,0.118858389146213,0.124619964425802,0.0825222937267251,0.0730368308307427,0.369580737616731,0.0904803214262551,0.0634570979253872,0.160318911974509,0.120711469515626,0.0899182722672815,-0.119291250821616,-0.0581631741573879,-0.179101049285087,-0.130144260453886,0.0706362519171779,-0.109145670129246,-0.362981697401438,0.0926499238444284,0.155830027760467,-0.0327690358237442,-0.272630637118663,0.164647429435038,0.0216533043828234,-0.0390113431218762,0.115502068863137,0.0711615992879202,-0.181571864144958,-0.0474460915187021,0.0286185767278446,0.326403862050471,0.125552639038766,-0.171010409749625,0.0758801625121465,0.0511861771107106,-0.019069018814926,-0.00543179899602761,0.362372191251775,-0.0016037361281112,0.132734980705526,-0.0372336129664286,0.173039057485014,0.0604090026169822,0.121259103607499,0.064606180206383,0.145391201634516,0.18809923051336,-0.0582072485850568,0.0941914990943904,-0.111282634525934,-0.0152913766703452,0.327414796033882,0.278473684773033,0.111587779597864,0.320261985686011,0.143536315169354,0.310085513166808,0.373418876273233,0.228652384206342,0.0570258273097554,-0.266200468104581,0.247134815552769,0.0136708345202464,-0.0662307754004741,0.0771980916069776,0.0878046038669717,0.188040657391396,0.118147988317514,-0.00354087867327862,0.572263544051118,0.261858614714065,0.00782280133682624,0.297196928279447,0.050608555952871,0.0255715533698175,0.0534231690311426,0.0885048089673124,-0.0150088030958678,0.075989789403302,0.337693706097752,0.278448313712867,0.195473692318329,0.0211971578800552,-0.0405392343364772,-0.110067139354538,-0.0789489033179733,0.0713045842163959,-0.0507825974893981,0.0571911518853548,0.568714878980499,0.0693268100823695,0.372029759235764,0.225646145528644,0.355015216087792,0.184105139367826,-0.116168604093893,-0.183240815568146,0.16239414309338,0.0211687762771831,0.224760622671968,0.22246266831956,0.0757671307153142,-0.12738835964645,-0.318052591393109,-0.396843052734552,-0.373944318015865,-0.000514739958754709,-0.0654654008822832,0.116427900889144,-0.16768783939822,-0.0900393420453847,0.107305283097112,-0.309646512035049,-0.343401726850556,-0.340571394690049,-0.0251772784456151,-0.144050051828411,0.310407200820117,-0.0332586290501844,0.194700256125498,0.272444998430338,0.228956113337499,0.651824200428798,0.229830384062987,0.143357328083816,0.11843104208141,0.217863226812414,0.181922666365383,-0.0452051962577038,0.168727529418075,-0.123676953460218,-0.0133668118980614,0.0139379201054118,-0.177252485855533,-0.161080367288367,-0.197932721403075,0.153401514654476,-0.115649438086315,-0.14087093022181,0.00751975211187379,-0.369492678570758,0.146711295600377,-0.138870598410018,0.260702759003928,-0.0658810052034594,-0.1791191455607,-0.204396815777213,-0.0643954507896351,0.279643779491636,0.0687565682333058,-0.110291438495146,0.0605950846286444,0.289874019720075,-0.403735647750515,0.104236128099688,0.0735783374623927,0.0922127932795757,0.122789854358237,-0.114840966907261,0.130036174450355,0.0296700969262605,-0.0214050598412265,0.163225827848734,0.28146275750455,0.235915384120255,0.266484546010687,0.202761853261467,0.291721030818057,0.160313158536951,0.00246164509609604,-0.271778226415323,-0.14185761698125,-0.559428132218274,-0.050951922238508,-0.113544412740386,0.313785502256552,0.111644830912053,0.221809257125811,0.0102521381089446,-0.172232121974608,-0.147869526551536,0.00658880463022463,-0.0291158212147322,-0.103922470798787,0.21077978472152,0.363587874366941,0.0988464999226746,-0.0859117691430632,-0.18210731263051,0.129169660536039,0.218925747626867,-0.0811893565902662,0.149794704932726,-0.0262125286719732,-0.125740436173503,0.121792790255641,0.0459854088787385,0.284210563870988,0.279031961904152,0.0708971006646296,0.0935253406874937,-0.0623400105796262,-0.013619686822518,0.00711035559094806,0.187071527852788,0.127695821666021,-0.015365521700955,0.270933781817898,-0.117170184037355,0.0966417077623301,0.014828963628598,0.460740768727953,-0.178017015994769,-0.0756641337808511,-0.207788059747219,0.215114151920328,0.134693918797043,0.164019406251138,0.290024050795372,0.0468145339097331,-0.444475064468483,-0.0298985985412018,0.157189866710031,0.0029449106082991,0.0142883309552014,-0.0849603037493533,0.320642388164105,0.223406649374977,-0.0608409742703653,-0.139213648802323,0.0450484309391401,-0.178197230550154,0.292628494729577,0.302449904936829,0.433513213292302,-0.195500778308838,0.173090038862944,0.0862548851440247,0.158826359853274,0.161836980019741,0.110780114889928,0.224971298015443,0.225452792746489,0.0994076493646384,0.19057183568021,0.170471533128879,0.32608897739466,0.00534535969801991,-0.0598442622672798,-0.0156070659713638,0.265596394693372,-0.0804191332192447,0.0163621329344063,0.0895746510102428,0.214906653434323,0.236887633351283,0.509624558122834,0.368987544180344,0.187835240145639,0.293632009445021,0.114473787348208,0.211413608691659,0.313416313297878,0.323208378910993,0.0366890444000985,0.00477820974973943,-0.253687415319217,-0.152688274353797,-0.473625050027062,-0.0489931104561865,0.390472751137935,-0.0373744292047887,0.104408491240635,-0.218027645994401,-0.0583777761261036,-0.354321040992342,-0.375170190090829,-0.116910423997239,-0.0889508436730278,-0.123977777053959,0.149665789067657,0.0986308643680962,0.291007323613189,0.248102636772738,-0.0452441275587612,0.508092264153967,0.188260889930867,0.0778436517490593,0.645394321267824,0.111838228291678,0.0295393222153712,NA,0.182748143878087,0.0762568105897445,0.0671668486759181,0.175882576043179,0.195973347143025,0.225571658834388,0.113035505668307,0.0397727464930482,0.0360533339776573,-0.0482009593505282,0.103690402963722,-0.328691780873995,-0.321890752971942,-0.248135738102242,0.0392685115898819,-0.109948432931169,0.00580623293557652,-0.142346295359312,-0.214684399847816,-0.133096146589335,-0.452470267003748,-0.241744718589559,-0.190552435004197,-0.0711760934964912,-0.0499189627207847,0.00971615198134276,0.139108768575614,0.0037685448784714,-0.0215898293336861,-0.0829908095018515,-0.103746488105863,-0.158610761845149,-0.0360308178413515,0.139795091871533,0.07945116492633,0.0749903886132013,0.0402741598605401,0.251535385156759,0.151049786300712,0.0843407000942596,0.13891955194519,0.166737952046191,-0.0618501012363101,0.0239323371181258,-0.127033762200464,-0.0536173604565124,-0.10052336204443,-0.194196932325652,-0.152622708095327,-0.0475168572690333,0.0633627933587787,-0.0374719232729368,-0.152869775002777,0.0986369554750092,0.207643317735438,-0.246767994984149,-0.162372042716322,0.0199062529101524,0.0925939358668018,0.0491340379887952,-0.200284695793617,-0.0851661322774481,-0.27136248499854,-0.0522840965843776,-0.107369544487386,-0.17841099405298,0.00839341719347747,0.328599741699542,0.207463584745268,0.0724544937246282,0.357186260897
-0.035837985983548,-0.0429728339052273,-0.00993820156941934,-0.0957190358261735,0.0607764822029331,0.292571165058309,-0.199213537749276,0.164073470115657,0.0325346220868065,-0.00591672543469111,0.0401850187393953,-0.296603019735913,0.0271561264490691,0.00148669829159985,0.220464051958322,0.0638714259332312,0.234486274046603,0.0545327049400235,0.0786206318038049,0.225849106389959,0.0258044431031178,0.165685555013284,-0.106681033573492,0.150316159985551,0.294635428264031,-0.235248574145209,0.0725100278677891,0.0445662497384811,-0.0662376386545235,0.358209646889413,-0.122094054215836,-0.215143181286746,0.11489775688723,0.0704778771097007,0.15539311356079,-0.00327033856169265,0.0230856613041256,0.124972537657282,-0.0596369494573033,-0.175261035583663,-0.181053066774708,0.155748116084633,0.259946210803783,0.0551443459658914,0.101490892860748,-0.223031954245968,0.0443475921304261,-0.179504962570661,0.183970294833611,-0.136226708021783,0.0362111577602562,0.195450674571849,0.0648597793672611,0.129685189973071,0.223126123333752,-0.043344615120776,-0.00195968500528072,0.0820677767490574,-0.0931628155239467,0.206108259173554,0.341718484441744,0.277155826003291,0.0845191442212279,0.0698290782397601,-0.0410235430037691,0.1078107900481,0.0795544991760503,0.143129249215917,0.188165812006846,-0.0347722855570751,0.166331163416336,0.27174938883796,-0.0484203637584412,-0.0574816659891148,0.0305256383414611,0.221790951713432,0.0337646546877921,0.128259816198292,-0.126621375909401,0.181776674444944,0.205849693953034,0.0842357303752004,0.100959131255486,0.135974561619032,0.126660205975503,0.00106540143475755,0.0983453650094498,0.0770537626177284,-0.192473416245931,0.194632675556379,0.179547562062327,0.152899933460658,0.0374957983638368,0.18053992462653,0.0386881306501451,0.211554331569751,0.00549789217805659,0.01894735259358,0.029974570540053,0.164806434836288,0.240780351062143,-0.0144939707633797,0.0838217328737496,0.175059782077018,0.0452036021557009,0.0707974107086,0.102384702479237,-0.151632595897553,-0.0292536631449325,-0.0173923847620145,0.113502674266302,0.168827694901734,0.401319994994307,0.126690214464392,0.0356406433918154,-0.259595696757507,-0.221442960734522,-0.109335762613303,-0.165454409387635,-0.226309211451102,0.0328959718543453,0.164173370901538,-0.0403718815636034,0.123227093562034,-0.185412063666682,0.276435034362435,0.0677511092379786,0.0893015776214443,0.189339585000946,-0.0453123906893271,0.207033433507023,0.172866833774842,-0.117803005614646,0.21475678283375,0.0495943559503493,0.110477441162913,0.128149147333806,0.242324021166485,0.206926370997179,0.0524924406086016,0.192354664017784,-0.108619083513386,0.254419561578092,-0.108129970227692,-0.0305399567384552,0.0119327055461768,0.182711720956261,0.145053282827841,0.0695093509314333,-0.10159329916497,-0.0331505535306195,-0.139199052231718,0.0468721899467118,-0.219549344118965,0.116249789689219,-0.0680940347763256,0.17800564800701,-0.0703112363746204,0.202966266973366,0.176363499455739,0.115147000696146,0.01214860758234,-0.0363742873266676,0.0746578592815836,0.0492987553691834,0.0782040099863711,0.26367479893845,-0.0289609847445384,0.221406250010623,0.344279412595713,-0.166705856969494,0.124204667026414,-0.183809676933283,-0.0205623953192606,0.200682362028598,0.0687317009919314,0.0214755943124228,-0.10841238731858,0.310969652482779,-0.0626233877102772,-0.077310514899335,-0.0559544400593737,0.0889893735841378,-0.141056287822026,-0.00202967555688623,-0.312904028423001,0.129883330281611,-0.0963342476006215,0.335006852539618,-0.145417280355937,0.00440420352743541,0.0227630333854409,0.0783287668014928,0.0375111794170455,-0.0497306705161292,-0.0636951943068889,0.0681486866584158,0.147562061812998,0.118569372306805,0.195478052154408,-0.0447163722219855,-0.15313602585541,-0.124960336972835,-0.0722093895120713,-0.142106288475016,-0.306997526883581,0.114488019706941,0.31639919846784,0.108566988322032,0.13342281008347,0.205377010114735,-0.000406488568026903,-0.123006561723934,-0.196501782007382,0.0642029093732248,-0.0103695429867933,-0.147313754645447,-0.20639169408768,0.338529896304948,0.381158947787299,0.15276398913145,0.307248939270829,0.161200347171938,-0.236346296521222,0.263804208377388,-0.208281369149933,0.0929064032161858,0.177858226903668,0.313434681920334,0.252728678489681,0.173031595545233,-0.0842294975319329,-0.00874080144530304,0.194208210076158,0.151620107069147,0.0909632099621894,0.371450371984945,-0.109263858567134,0.12676230390991,0.270841834961501,0.296545086408264,0.156682561014421,0.15284851388357,0.2789806809335,0.159236128178268,0.142699262702108,0.023792198696951,0.0966866642993354,0.194487475107431,0.104839975245047,0.104654370986694,0.179663920266126,0.384216450327788,0.192561303576339,0.141636887809324,0.137764951862465,0.341715138084591,0.331121176277026,0.195012575509781,0.156652459029805,0.266794656749192,0.332479693397045,0.0293597370072931,0.0699957948916794,0.13086176795828,0.451061865516007,0.196859388181146,0.13150634348916,0.196506587574183,0.0102635067790736,0.120179085068084,0.165751826701269,0.221021253223098,0.144619074624469,0.300107056188777,0.299456279120004,0.178588414313115,0.130541129737957,-0.296926706699939,0.0883624784526917,-0.15707891810872,0.151231467980721,-0.0620963958189208,0.326950440674511,-0.23024770249163,0.311320576861484,-0.153938314679017,-0.261009865312964,0.196667787688397,0.0428149517199565,0.225725557602808,0.162128091962781,0.288970751319955,0.207714061972849,-0.0489164914751951,-0.160801028894552,0.267140544014499,0.312690035192563,0.240966541530277,0.232366170352004,-0.047590017548652,0.0369047340239802,0.182748143878087,NA,0.064103156898298,0.109637238555496,0.168125280535213,0.24917725392851,0.110566176501426,-0.0275793158334425,-0.116567156419018,0.0648608936141075,-0.136331510382398,0.115729091240999,0.076737020875308,0.105892489968961,0.0631542366077097,0.0790851779233264,0.165627127064718,0.221896107072564,0.141173165586451,-0.0780216241382019,-0.00298654856982453,0.0952697500738872,0.0200712964866019,0.135099387693496,0.331624588069016,0.29792748607352,0.346858504516754,0.203289349749361,-0.0360669890150699,0.189711190104397,0.0467665196652089,-0.164930075031161,-0.220545819259523,-0.0090083479882849,-0.016120239767781,-0.121303941476159,-0.107717558254925,-0.0495506906385876,-0.0358431437618581,0.0449316862397503,0.00975645205931182,0.18502545934616,0.328729637581983,0.34284547164386,0.106692957018379,0.174525018195973,0.439943926347992,0.324767813946433,0.330672503687943,0.0636707436942657,-0.117338232333886,0.075164686089551,0.0440018271098667,0.0593353957668168,0.258505018078888,0.297490540716277,0.328364461095371,0.00188114899783308,0.0166545224997317,0.0231781421849088,0.154780204343834,0.0282232822279754,-0.039572606126573,-0.163634080991271,0.0703758342483661,-0.00948058197712927,0.0407592752231394,0.035491905062996,0.347010066598783,0.135841911040732,0.104614577200099,-0.271728482207741
-0.366348052396217,-0.219574178556778,-0.00676948586501288,-0.158285040411765,-0.314923768713938,-0.138362920520759,-0.0698208929018738,-0.354870015506806,-0.0518973380055511,0.0515161738747977,-0.219246291908669,-0.0533923815255091,-0.533242835180847,-0.439530352410967,-0.1499279355489,-0.33862411178363,-0.183128651585013,-0.384744601120802,0.0733315772145224,-0.550405797187444,0.0756853061653473,0.155957424449261,-0.0483818580349366,-0.178278577130196,-0.0937988321247034,-0.219998462793077,-0.0305818246857537,0.0901349600911557,-0.30018736776449,0.201682162734624,-0.174322357590784,-0.35211384165005,-0.251261076702148,0.291628058957693,-0.14682383033854,-0.160691465693506,-0.0162948167734557,-0.210189634201372,0.0714591942000691,-0.000153472555640421,0.179317426937555,0.573740904754498,0.125577900207274,-0.246301685209267,-0.134877710200929,0.0908578662213539,-0.145291458900952,0.203163018410971,0.325394924069791,-0.0220051669316829,-0.0195490841807254,0.0036087858104727,-0.157254942866005,-0.0332028053571664,-0.158424959308703,-0.13885415646854,-0.188477220467671,-0.0684397665850353,-0.0674973360370426,0.423591088466629,-0.219226319387464,0.0115411820814421,0.401805341133801,0.41514536442316,-0.127569926013692,-0.0334529296957315,0.0347319155552979,-0.00609772089378547,-0.181500556334191,-0.329152351904735,-0.132929129644687,0.0604365845323648,-0.150279537700138,0.0587987498434556,-0.153137798642117,0.155041152159428,-0.032478018156663,-0.0202380904479838,0.0135788521381435,-0.287345478090268,-0.00445358509340802,0.33592827110109,-0.197327882566588,0.223567439707497,-0.0304232720303525,-0.149089610668664,-0.208915175566521,-0.328445635484917,-0.109701689700778,-0.268821117460268,0.0433424182462092,-0.0877187017107139,-0.12276979748612,-0.192009053150666,-0.360643409030723,-0.149487874363109,-0.0554369390904761,-0.0334160345451992,-0.385646577341343,-0.117524947817119,0.10774708687508,0.174345966252393,0.223008622338689,0.179455890505146,0.319211396571647,0.180934804423233,-0.0446246294648079,-0.126637667794524,-0.239154403828875,0.104491463105035,0.27669552463312,0.287722334760611,-0.0207375728787151,-0.199655226807549,-0.311008848125468,-0.189704406080284,-0.177928561215948,-0.173501741351202,-0.150001809363863,-0.0560815317070092,-0.244837961058169,-0.136526041630511,-0.0206800949103592,0.00886814110891481,-0.346337586319255,-0.148693945692595,-0.0546548025257312,-0.246398590559633,0.265581515037802,-0.169995186959186,-0.0605759055694542,-0.120769629553937,-0.0711910634886454,-0.0948249035960188,0.193399356768552,-0.180591027007957,-0.440361191413589,-0.262728718775496,-0.0552386940161433,0.221894370251754,0.0608632524819301,0.00128721520187968,-0.203433514489669,-0.576851413894381,-0.190242185540824,-0.154699577481654,-0.279668453778884,-0.0888165610977506,-0.0295133709258262,-0.227531632112597,-0.111351464325851,-0.301718158696435,0.226074698307516,-0.276440691403098,0.0603590695789197,-0.178361250948548,-0.251784545260692,-0.141249788556847,-0.135774856488249,0.0183121991619128,-0.223209272162934,-0.338126144421377,-0.158683780474961,0.050028443626794,-0.232725286502589,-0.437974549511773,0.229508335218108,0.174321810635569,-0.0864143811423556,-0.354772370150118,0.166395220238785,0.404916186884546,-0.188959305197866,-0.555756879409123,-0.290258374357877,-0.440390639388206,-0.352596059856249,-0.144116078239569,0.0706853402707628,0.191777053046286,-0.13209311533811,-0.31174019064737,-0.189084836913674,-0.264513538144809,0.159791426967743,-0.275080104850805,0.263701705835983,0.0660784275704714,0.00131772152925164,-0.24247705946905,-0.200132733590124,0.0577552376437205,-0.20137592141252,-0.262555598160209,-0.157660442787036,0.163023280823014,-0.0395545940687918,-0.158181383872842,-0.146044982529788,-0.32679133578254,-0.365182789333425,0.239264042349282,-0.126422510322754,-0.167594301327864,-0.113885862089258,0.153997123798711,0.35825849817341,0.0789649700259867,-0.0326680784871313,0.0197338149471328,-0.270477230130021,-0.231014526500174,-0.280726774530439,-0.24568849492243,-0.125047487828917,-0.265822681931084,-0.237985031686947,-0.223746125122443,0.473102787773634,-0.258532547698421,0.037183044823111,-0.148742959970056,0.2106108085902,0.0172062548506128,-0.326534176571187,-0.184768306182844,-0.2228862298742,-0.162653975674956,0.137494180524854,-0.0455914988226464,0.0499437436629455,-0.109769309390981,0.0148150910271457,-0.0992025730245302,-0.0372509956541079,0.223198876696455,-0.211217932427414,-0.0274800289404022,0.102759489445526,0.0167510267411878,-0.121897359779684,-0.0404399345194093,0.157431431111647,-0.0759060338744469,0.297133644499501,0.106241116037256,0.0731587297118102,0.451541744797246,0.226766136566549,0.154629881423223,-0.14622145446109,-0.271341114948226,-0.311585859503413,-0.0885096196701426,-0.133909993199542,-0.467071826304593,-0.117208936588698,-0.187926375593536,-0.449061781074172,-0.0313603044392009,-0.221241628148584,0.155581052812827,-0.0143873804342553,-0.371845593017292,-0.311855649345049,-0.0868742378908823,-0.189563400014711,0.00168036927543637,0.187244371538339,-0.117656745016572,0.253837941533082,0.146030566922017,0.0285519537375091,0.401253055293409,0.276065368170491,-0.205933762106431,0.134087798675284,-0.0998952783902761,-0.295631371051739,-0.0475633132644604,-0.239865006291656,0.00395022424523942,0.158019438032149,0.0717973303563613,-0.00354730652559064,0.3460432803541,-0.154858610735451,-0.278593844198595,-0.216661729034518,-0.239381359779663,-0.140655398860351,0.118700083845697,0.147115122619563,-0.14723280487362,-0.130688613814994,-0.228877402348991,-0.0839183966535275,-0.247680858282467,0.109659742713973,0.0197100901630949,0.407158738669375,0.0844713413351591,0.0762568105897445,0.064103156898298,NA,0.0618621160058785,-0.433429922096782,-0.449608436155415,-0.0469302011038099,-0.321991602306844,-0.473676311848376,-0.160805938714749,-0.220299454335278,-0.291936321356816,-0.400945352641522,-0.230292065071998,0.00294034766561481,0.195052043878477,-0.143494597695195,0.317634742062237,-0.0818000109018743,-0.28390884543308,-0.413801971835529,-0.0221277289773734,-0.197029605352028,-0.0892138096861389,-0.133180179250776,-0.0349547292380344,-0.264705908748871,-0.013335017010569,-0.0243441538918337,0.0248782509110992,-0.0090577944427871,0.257862627880752,0.208209437577295,0.0159286973170929,0.109848812834315,0.354732770995824,0.337251523833008,0.271576694415188,0.389806092755903,-0.197596801687875,-0.25402293857543,0.126456441148496,0.192179027918808,0.381709795667387,0.457116651863217,0.223953779268554,0.0501779697491958,0.00132549083410356,0.10834709199632,-0.0598085581743475,0.165364871006804,0.10310573032471,-0.174523885656937,0.0120802200933818,-0.0477147912210682,0.104335303337969,-0.00932268290882615,-0.105882599863512,0.0172772665663935,0.372174010855312,0.105353964317849,0.122920974833254,0.152146790833318,-0.021670287876571,0.173958836118414,0.0561183860329702,-0.0291351501837974,0.160311405493506,0.0999711313071738,0.337001128987146,0.299899053269056,0.122111310506175
-0.306015441450864,-0.111250625934062,-0.0821794694177123,-0.306940241702447,-0.0457203072085633,-0.284505280134707,0.037239434633265,0.0722469063486177,-0.561058005155003,0.0907086781355589,0.0459723129359451,-0.165087887814739,-0.0587138094304616,-0.101917569332722,0.0285064911689528,-0.3232325542384,-0.0861783309193867,0.185899330569524,0.339852126146253,-0.112050953087686,0.0639392497219206,0.200979852058721,-0.150902764055455,-0.245113933917538,-0.330706995835157,-0.431734673711068,0.15334207253477,0.226604033322297,-0.0189408452473976,0.0903795658830502,-0.223790385790829,-0.130623550706634,-0.265883620208527,0.161818882149405,-0.0866247806239818,-0.24564155492401,-0.0734349345573514,-0.0459584929819085,0.170114003099304,0.332412833984602,0.221170633083588,0.15050030102124,-0.111699334716279,-0.527432234849831,-0.0399963504717266,-0.13612238980285,-0.25223800930408,0.29100631477301,0.18614626030816,0.111932185533785,-0.185086835838604,-0.0548151903615213,-0.170257410073951,0.133075391119438,0.0696777564027637,0.232952239635173,-0.0886501549602141,0.23923960241485,0.00759350577682057,0.213445379450973,0.15460288511116,0.031690127932277,0.225793684491497,0.171090416713042,0.0894601096410785,0.191088177935791,0.230206162332856,0.0310404148842332,0.0185140427933208,-0.192542618834318,0.252771022278039,0.350588492179613,0.0599296720110252,-0.182809633937916,-0.366410356062684,0.435488003217135,0.0141269737136682,-0.317508240460462,-0.0540417408583758,-0.213604013807425,0.145112365154535,0.277384987182516,0.304688740195348,0.193185639428172,-0.158882591763986,-0.400794910820201,-0.038982733569806,-0.172127732097061,-0.205250338158301,-0.133661556287327,0.104909969327395,-0.0802531638105978,-0.0445213468270515,-0.401806413573618,-0.278967121074305,-0.296090787699745,-0.11265532474784,-0.0374657542281835,-0.121605166123046,-0.232423947955683,-0.112693845980455,0.148099382160742,0.236948591887461,0.245690413884915,0.150323893259594,0.196270261172254,-0.401113321173319,-0.246679419346589,-0.365223487064269,0.100552093405433,0.283095211828478,-0.0272778680432418,-0.53722379756323,-0.310276048594827,0.0143416745282293,0.0370028509328332,-0.0533736338083811,-0.054852732024044,-0.349957367372093,-0.101093254907255,-0.16541881778671,-0.234665945110425,-0.202043569839805,-0.108350732742097,0.0392492742451971,0.0616185380585794,0.178991300818269,-0.129030609855748,0.23691016086482,0.372019843801212,0.160484378527825,0.0449308854512572,0.0512498390236136,0.0169816537521382,0.0698923639979528,0.0837865499829147,0.0378743487483878,0.214523460537832,0.111181330637033,-0.0763480265908884,-0.0391355689289308,0.235015858077771,0.298057747213709,-0.00860752556698232,-0.411265775058347,-0.454869804717362,-0.119182895879597,-0.49865755501922,-0.299402793700609,-0.454329973512293,-0.508697241144417,-0.0694367814374587,0.0771850514332107,-0.367052677401747,0.163073411799223,-0.385114094310374,-0.399198075824911,-0.144103343218313,0.283399639838617,0.118890128413684,0.129262255678499,-0.0569159371313148,-0.0114807470928407,-0.17616928049117,-0.2664898119745,-0.0275183446796455,0.337888950614405,0.160137994053249,0.194886218957116,-0.161150641691847,-0.146133319338153,0.370104121073366,0.127098343396418,0.0380028491208798,-0.00800405572205273,-0.100717985504786,-0.225399270484785,0.115736585740334,0.0184139853775956,0.103354447267522,0.0241190483277101,-0.168556512630342,0.159625252449985,0.0638925570932692,0.00974994384951641,-0.434715180873085,0.313813848677206,0.0939075078605094,0.105083281242485,-0.157210828084049,-0.251659486224544,-0.118829199594426,-0.226809855334542,-0.257153784752668,-0.15501819931603,0.133096370563945,-0.0414271481772165,0.187564632768846,0.0300316252784189,-0.0640153477836648,-0.227698860496688,-0.0791046321293556,0.0098313039498077,0.0480317343443094,-0.101580368551283,-0.155036985630675,0.630291973906657,0.136371286036655,-0.0236492687471392,-0.0726209425216704,0.0919612165330997,-0.310586731798566,-0.180907996227697,-0.361007763328304,0.311824090573417,-0.195666393260064,-0.155445110941152,-0.29832395719676,0.494627489078266,-0.0709653369565291,0.228014253576819,-0.072491430968055,0.165652894566216,-0.20840626016316,-0.193916696604669,-0.0198900847876923,0.0233021648677349,0.139693270427757,0.296178932212902,0.0349980829687194,0.123841382785301,-0.033401125887628,-0.0737474572818033,0.152315210669529,0.337755685241435,0.199412573333389,-0.00753159128745837,-0.058983584963687,0.100034352555406,0.223839968350574,-0.0761842848812155,-0.127631427611117,0.125961647580303,-0.0248238095121028,0.449599823613979,0.19451322691196,0.261867610052651,0.393214052079892,0.188525122929277,0.460810793005963,0.128177820686443,-0.123401963059661,0.0538369922851016,0.0756178942367719,-0.0858087171981878,-0.087766831467836,0.32148282955828,0.0462435322934166,0.0203287501926863,0.0876867215832013,0.0319567013311496,0.314763617646574,-0.102393217786788,-0.0503999141296185,0.0834223660425501,0.17933783497081,0.360766970115234,-0.256122688287847,-0.0189472973920409,-0.199362094053774,0.228402301971371,0.420393185383709,0.149286995711348,0.3593636386823,0.421847686217186,-0.0823069216659882,0.0339033839427759,-0.220975478386929,0.0606805723115899,0.151361098216136,0.0932422187396378,0.285516620863894,0.237612680685279,-0.0309145959524313,-0.100619974200194,0.071725136665574,0.204837878725563,0.114154201993748,-0.284439545182279,0.0454379245685052,-0.247005492155788,0.0971719175662223,0.169411691105806,-0.0182812166521227,0.212804971448446,0.120125113408352,0.00485835206050282,0.114806811496791,0.248072543691779,-0.119214162114393,0.208105950907867,0.226576940402583,0.0671668486759181,0.109637238555496,0.0618621160058785,NA,0.0349826449915363,-0.00901177080325764,0.059303251830698,-0.0430014989606676,-0.151803284719354,0.179784740014885,0.117374909361131,0.477214872282548,-0.072890277292328,-0.115718592277413,-0.132047810697168,0.386952087752923,-0.0935875227124992,-0.00174880367803903,-0.0672266880423672,-0.115746741550446,-0.287239848712138,0.00965400840944794,-0.22613628482072,0.0843036867391865,0.163838444277585,0.102993307596242,-0.131698767249266,0.0249812715165742,0.123678790639224,0.221592996939732,0.264203396310382,0.0978878562197069,0.00451177810707458,-0.0267246446276536,-0.0113345241489643,0.114737682378038,0.0854148511228639,-0.0928355512958093,0.097752435578387,0.125091000468552,0.165356675561859,-0.0778455676620856,0.267525186905646,0.0539596043943329,-0.184211982034181,0.153876104902081,-0.255718929139632,-0.444051689716952,-0.133652753638721,-0.493631033318748,-0.0686538432028363,-0.18311311393543,-0.0554748342902563,-0.0575008478275645,0.259893414795433,0.0314223085263775,-0.0139842789734499,-0.389164349896149,0.0943522603160263,0.051718530987559,0.359885869775551,-0.059614077661983,0.398319411591363,0.0448669271212166,-0.244562980672443,0.102828659651554,0.0490725770138758,0.177385861980869,0.188433911949127,0.1499959125435,0.0821941111187008,0.0533350319961976
-0.16365516820441,0.483679867904035,0.446278414003155,-0.154035632511309,1.00019616745921,0.0243077628050701,0.370773952166917,0.80034407408682,0.0705560129586564,0.10753467527907,0.330995572775843,-0.0766793315430412,0.512951232881257,0.383481710994079,0.437424204772363,0.260374827774069,0.584029314256691,0.142699278924368,-0.138142877166986,0.56145772999444,0.268616830099689,0.316762917213089,0.141317878296193,0.219922234436929,0.094976717647184,-0.238258066079461,0.153224294602863,0.019908911302026,-0.040881353908428,0.237226129415282,0.365335459438855,0.140865109924981,0.102331049668396,0.224227201552776,0.196437168813915,0.39521866203196,0.153348852902475,0.381671197245699,0.0772851732530383,0.212818688764047,0.151604600555875,0.0669986921691484,0.214828759509774,-0.0639561935369892,0.563923971298078,0.0421407694366935,0.384267997394015,0.249395115818033,0.299825455998917,0.193649673671921,0.362299099064367,0.29461457427312,0.213087133016338,0.318498444215129,0.415483789450824,0.440242990764669,0.272104720932418,0.500451555383446,0.194099284213818,-0.0557527060491578,0.226734562460147,-0.0697496238481119,-0.000996607566919347,-0.0639380869302561,0.296865025299425,0.295142851469488,-0.0560646680890816,0.126133117624218,0.233397429972269,0.237325151753306,0.118974393350409,0.0179720569581923,0.479276869152159,-0.144627611491997,-0.0661308563282522,0.134666381792099,0.263234590869807,0.294409697495095,-0.16280399382905,0.169933614657217,0.442376018872952,0.202501015971762,0.423149632466703,0.0553911764847651,-0.23038166065184,-0.179933583747597,0.706580764935022,0.603168727211976,0.00549099221175074,0.454408107544496,0.320763923595069,0.311272365448219,0.334132568416611,-0.0942285548836417,0.0164075104859073,0.171866104576915,0.307522489922987,0.359176769851269,0.56465322356797,0.246114251595993,0.298087676965513,-0.0326622088357303,0.171141353050739,0.267542885346126,0.0826656385675603,0.425398591237529,0.0207282506614582,0.110552400587318,0.276450041971081,0.342012461837377,0.23055519183975,0.0775893248233965,-0.00181131514399276,0.0153542588425282,-0.0435277921327891,-0.205940063201097,-0.0774373759932777,-0.1560777934195,0.0219337556740727,0.0467843694904574,0.199406929663395,0.359531120218724,0.0794089159714513,-0.267463832015144,-0.0368308891109439,0.078737792895383,-0.0945767415689343,0.105585571734456,-0.100335461415783,0.0303557376899538,0.56160554805101,0.698551747709537,-0.291394129113791,0.261667567815782,0.0477084010381907,0.320067167882002,1.19790522870942,0.720620004804476,0.563477296236781,-0.24087571932361,0.31437493532036,-0.17358533463352,0.0922193533477596,0.196129147447193,-0.119491319187579,-0.13077172297005,0.0931175146904781,-0.244616934822543,-0.088735586306274,-0.130684472711765,-0.20255343719944,0.0648767471081844,0.283561202440311,-0.00684810828821352,0.454304077037001,-0.0258892201253396,0.196053715797826,-0.0147143364502982,0.38096698163468,0.278069077625731,0.348651161913988,-0.132327049550783,0.419232411824357,0.141536324193291,-0.273802584122709,1.1631928507692,0.127685304400575,-0.087588706538281,0.210106005774589,-0.0460981301346987,-0.063747739054271,-0.206885391627064,-0.0922625167975476,0.291207953668269,0.704112518155611,0.595558432842921,0.536646287048088,0.00929145002984336,0.210888804847597,0.0250458506474908,-0.084094828193515,0.146920470270948,0.184348483073806,-0.047316860485411,0.0964124457497809,-0.243701788052277,0.25429240621991,0.139715544373753,0.253056032213727,0.348672059563897,0.0241253910734132,-0.0991267435199518,0.066659888328526,0.332815051698869,0.17024893568802,0.137646514543146,0.586730328486175,0.532530652187024,-0.0721135869750189,0.184494573059789,0.489688668854085,0.0345165236456048,0.251678724572543,0.251583628997792,0.0295785279794726,-0.0797242278240305,0.241544162845298,0.0755182125042333,0.20877792625517,0.359282093245348,0.340317661808052,0.100023436676992,0.158409282930031,0.134210470470471,0.200889156181025,0.503185885028853,0.310053303371157,0.0511074650629788,0.025059575469751,-0.0389329346616255,-0.15688484608,-0.124036572996577,0.17774607647971,0.00972611556612679,0.213024468055621,0.168330828540506,0.266826849921804,0.566681984243007,-0.107713576622988,0.460797990034994,0.121818186682473,0.0232685334536239,0.111098435351499,0.174086506281141,0.167127429305668,-0.0696060687853262,-0.0563579217055668,0.115046664573159,0.232639302222188,0.0836358783742182,-0.181885495413766,-0.0797174753836982,-0.0776512922252025,0.0435147661827421,0.12791758585086,0.389005878003235,0.143463386921392,-0.0471206787715326,-0.0549972638398098,-0.0167870798593674,0.52699359562066,0.665671825960864,0.434858417183335,0.42346887648734,0.218701183157043,1.20198824984763,0.276579099619678,0.669394624665311,0.1395958320727,0.0981691545809937,0.14842623611524,0.18964158269762,0.212463408021475,0.586740068762607,0.467898469613028,0.0368717016585483,0.213634413953326,0.235491168523356,0.235813045155516,0.110468647929348,0.359940666588374,0.217646190926967,0.180316463291724,0.0861606539908005,0.0882230928733989,-0.166384386994252,0.039299672426699,-0.190307767223736,-0.0273928330097244,0.134486303424484,-0.0879014558399141,0.18020128717464,-0.108330554241943,-0.103320176767923,-0.116763683034517,-0.0252239504245961,-0.0694170441199732,-0.0106789137466826,0.0014234511116358,0.0282478300175271,-0.0825512802834,-0.115450802300818,0.375127953015477,0.102052214687759,-0.0431950430419668,0.212522010658352,0.238098336053127,0.740537402916285,0.445669591394177,0.0725898405269261,-0.00762002564059376,-0.241581638495707,0.175882576043179,0.168125280535213,-0.433429922096782,0.0349826449915363,NA,0.848505018416139,0.396799315821468,0.561525259241003,0.197379409118027,0.0768410682878321,0.178119277098195,0.334937467524067,-0.151014071979708,-0.227471091451351,-0.182073313493681,0.336927838588583,-0.0618681021540898,-0.0333556437198444,-0.267582151127698,-0.110818379411587,-0.0166939605107673,-0.386504309479785,-0.144430470383313,0.0049459299608787,0.157176311003456,-0.0685755089567392,0.104989134125875,0.248493160897511,-0.126193735604055,0.121178265703116,-0.0766896993974973,-0.117421776678328,-0.107197999346852,-0.104826861351393,-0.117671343643021,-0.13201710462426,-0.246873040953136,-0.288812422507046,-0.26245163201822,0.198502289016782,0.184964821652222,-0.155163790911145,0.148786427700085,0.0334415247496532,-0.0635733842467999,-0.0574788359640515,-0.0777750574459763,-0.22130843783438,-0.36653890435228,-0.300981778008688,0.0141831133157539,0.028791526637033,0.435743746771819,0.457048494576523,0.676875344584182,0.520718264437386,-0.134447248646994,-0.0835607816052301,0.265611254561768,-0.0242615860740489,-0.11342026797448,-0.244207755325983,-0.0401584636019729,0.0592262216904638,-0.10355086441046,-0.142688153027402,0.212834111187977,0.111276134583884,0.272298074893293,0.230950751750056,-0.38800889765635,0.136863803947698
-0.200849653202928,0.479416527138871,0.306454285238315,-0.0109562560759809,0.531093659510463,0.0729036844015413,0.193043009798737,0.891352542485381,-0.0515473349472487,0.209304305437607,0.116026589275786,0.0186655210456836,0.476258493001132,0.294564602351248,0.377948509262409,0.195212094787224,0.636218405497694,0.23650177347662,0.0154037953714433,0.634023569130923,0.338951944953734,0.418461344199159,0.173670402638893,0.00855511835503992,0.0679856937366318,-0.08165816274808,0.424678749474497,0.157967423802182,0.0149998871567827,0.185352882359779,0.240170428031595,0.123801996348426,0.200501605308837,0.329710614403278,0.340333064009001,0.39273646075796,0.255319120895563,0.489822793334186,0.149577049979852,0.122801839189384,0.155369539716591,-0.0895553788600991,0.173746510092538,-0.0733707012110006,0.500927524836198,-0.176209024391336,0.35607888787292,0.0913708318529278,0.399686345225003,0.10684997736026,0.161381559321625,0.2517872366986,0.157344573341507,0.49549865132814,0.426391578116676,0.358984788495361,0.325685986555318,0.363071801281319,0.199220475086716,0.0564427284704285,0.171535436223253,-0.0873694508975598,0.185851104467258,-0.0223572852081254,0.323656024512021,0.311333915945724,0.208298563615053,0.312251105015136,0.497036020294729,0.298671597707033,0.0696134371110154,0.210592666292464,0.302717915596673,-0.226895998650333,-0.204923370420632,0.197575210603598,0.27727984230099,0.19561739568107,-0.203923083089977,0.36838173115494,0.499225619798998,0.222956721354003,0.419583998293048,0.0857763652780917,-0.29868407977468,-0.341717382054555,0.566881461754749,0.355227950851834,0.00445479009177917,0.547098487691183,0.288518072151157,0.220509889789089,0.376064038225064,-0.19497787892799,-0.157347040762945,0.019712347088151,0.0712622018200833,0.0402371323064919,0.486447664046232,0.0618240148370801,0.297141069127937,-0.00208634074692778,0.270891507476888,0.269649297182803,0.188009426729576,0.307023448009078,-0.144647153513226,0.133257924730694,0.104367255912673,0.208277590918498,0.322886001375919,0.0797260566397273,0.0757586291442216,-0.0412238653971926,0.0544901215748902,-0.279717931397538,-0.0867349514808004,-0.0594259408459652,-0.166563852816015,-0.131404390379675,0.155370310566587,0.160395127259439,0.223263829805474,-0.370337140513622,-0.201617772620336,0.138414469027802,-0.224110614783814,0.122165936393322,-0.0304994747936175,-0.0740131392544503,0.390287605712033,0.477417525347486,-0.186254115006805,0.333077127329069,0.0180570742732127,0.256069738954839,0.971386265945037,0.816262856078532,0.302895594237839,-0.274997761810225,0.106658618124585,-0.16722310181743,-0.00649630306778485,0.192588726788135,-0.122245076283695,-0.127166553327649,0.150028031071888,-0.167933042981634,-0.132656763520557,-0.173893951293048,-0.281484136329151,0.00123007763644197,0.272659967410761,-0.16330680121874,0.33029739729388,-0.191754410745932,0.0396286313899696,-0.222277891256394,0.342383275933575,0.310819433633133,0.259617355232869,-0.174619376128331,0.404702823304998,0.120493083601835,-0.130709497926413,0.801832849313294,0.153469854990267,0.00255017376588705,0.372639846152256,0.00766866248628521,0.0356580281831235,-0.266198836420931,0.0194446043210201,0.126944496589279,0.703309704434913,0.662372524884937,0.628224134227975,0.290262796194614,0.0556376133682927,0.136612988118686,-0.00815392878616208,0.0326989322206622,0.204606485560875,0.00351225320239284,0.145454965255567,-0.119287337116101,0.425807693234986,0.389301212577066,0.200339731314687,0.278030851675768,0.116784473886242,-0.12747066712433,0.185596106346556,0.27063613789487,0.0573910865918212,0.185417844635506,0.403736766891141,0.323651719473912,-0.151854538526788,-0.0709430139002595,0.220556791511536,-0.0666500428703955,0.118276195253749,0.318032575237003,-0.0751517893882291,-0.157444624236256,0.225556726232774,-0.00159055721369712,0.187634623271849,0.337379712612018,0.224702431277362,0.0580603404373237,0.204711085179387,0.13841022487648,0.296174732109679,0.342483803424857,0.23177701729834,-0.142734316310683,0.114646934879659,-0.0476266470752098,-0.056596070037693,-0.0195696914717208,0.277851044489882,-0.141092543443719,0.173821851716663,-0.0161435015382179,0.299514869346261,0.428134239817988,-0.00609639181768457,0.424120028411249,0.0312280484878517,0.0403141192124659,0.197857534033734,0.232810177433947,0.286304545267987,-0.150401884540717,0.0388013063598942,0.210006894170686,0.354517022488289,0.301006981301322,-0.0857240153871186,-0.0507531786186332,0.0633202120373815,0.147005971381596,0.13030145169752,0.390435552165376,0.102100545641025,0.0743714963950995,0.112080337877001,0.185503197989763,0.420611135855511,0.455358946771814,0.239552136152957,0.512641386406416,0.394268559269274,0.932384794113565,0.229725379696965,0.370276685926573,-0.0841991959267447,-0.0103132639871962,0.0480354490834965,0.113530886566783,-0.0144677333413983,0.430553472577637,0.216318379730279,0.128472644935123,0.211581385677868,0.140954430166299,0.230324787696916,0.18945759673777,0.286967056917918,0.252534337654812,0.0645332455907162,0.0889374967610362,0.19016974936715,-0.057323140707694,0.0763796631355709,-0.269260700363695,-0.189664588440645,-0.00116230783844703,-0.213739244822399,0.0923602572207789,-0.00689969435318483,0.0922059788935793,-0.0861709626953794,-0.113642733535602,-0.28352858260073,-0.206093252632901,-0.0113406674250516,-0.12512963370674,0.0396143497540962,-0.0599812058815468,0.328299843040471,0.0446149879787405,-0.144622848930331,-0.0801705518925841,0.429749740744674,0.674622911151362,0.318250527286561,0.225832855932814,0.119783840185857,-0.164904849820336,0.195973347143025,0.24917725392851,-0.449608436155415,-0.00901177080325764,0.848505018416139,NA,0.308072672385719,0.633211295088206,0.191601682578134,0.101718491281062,0.110911584953375,0.224949443037269,-0.16267631109407,-0.0673851681811059,0.0992829024803202,0.327483807834508,-0.194827906910356,-0.132047699537477,-0.174971142429426,-0.258286139610489,-0.105623231112168,-0.170762732581321,-0.210228587945256,0.0148905256580795,-0.0219319780161123,-0.136803316926901,0.20393204400833,0.447078901927046,-0.111780454121176,0.131008992317506,0.0107269976197948,-0.1450210867637,-0.0534621618197827,-0.116563960060368,-0.221186783704772,-0.219791467761686,-0.24750135975776,-0.328941627436854,-0.187192000967363,0.0706217674273693,0.015457134178958,-0.339441209008838,0.204795022251524,0.0126213468811806,-0.0413667448044895,-0.070653741624197,-0.0937502909991522,-0.191089964311101,-0.423157672071078,-0.324652304368744,-0.00705406299253972,0.00440483175758808,0.263717141999902,0.346596416970678,0.547051123146401,0.485774976235889,-0.218534796537842,-0.121157765618605,0.411307618565557,0.0513815151080947,-0.191774761516427,-0.319260416877507,-0.191902260415196,-0.17927128143262,-0.177885460182718,-0.226805163925744,0.239914638025546,0.279337140494601,0.280327301711361,0.204958158806462,-0.232471058031505,-0.145039124314795
-0.172383507193891,0.0352137335038259,0.0558280144498722,-0.158114440375689,0.414176208898448,-0.1112620076629,0.162347230541993,0.133745862614502,-0.159037427882115,-0.318281032778605,0.12609696520741,0.120669710685881,-0.107619970312439,-0.192143942525637,-0.00415934949816323,-0.224278422183974,0.245734656221682,-0.0606527372175992,-0.00040532632952119,0.0762600654844669,0.295513592390225,-0.110497127400422,-0.241448160439487,-0.0257152681444191,-0.0702894985011673,-0.0684557580628971,0.0104451456763693,0.025270558478652,-0.0479628700096164,0.324482027499012,0.112250939350917,-0.142431903396946,-0.32088473263725,0.100302405115975,-0.105605577848279,-0.0673113474315078,0.134452180965678,0.0599664314503245,-0.0996059626134067,0.109093416740368,0.10953623152927,0.108408624449665,-0.0893958009812449,-0.276583903029011,0.0624180036930602,-0.0752093564398784,-0.0188200415208486,0.357383998438465,0.224417224823387,0.00425273149628082,0.17213207235472,0.103101283450201,-0.127031678964105,0.0664823668850924,0.120681780529251,0.231123420259775,0.0108635300677315,0.109450007533934,-0.0248353429157823,-0.289288069070197,-0.103504441958104,-0.18524746647114,0.0904853748901802,-0.195757610478007,-0.0990299400079371,-0.116636696257993,-0.251909528077175,-0.109688856148747,-0.0321335719240838,-0.064286738597582,-0.341678030637025,-0.303745549624356,-0.0607286546471981,-0.105744578420917,-0.260853449113681,0.119871445091452,-0.239893098008714,-0.0196761611134528,-0.154785027259936,-0.0556447793649045,0.0534727142612854,0.0540820493848851,0.133865747418704,0.193372323798167,-0.194475582615817,-0.252835206391215,0.486863326938964,0.298871132286093,0.215381296984398,-0.0591002394400931,0.276582785210572,0.314448433773644,0.3696263106689,-0.131284405849218,-0.120653873711972,0.00724723655805322,0.323586483990319,0.522570309795523,0.19135800239752,-0.000492579517376748,-0.0179514419894182,-0.218263428532308,0.0861291154317688,-0.0829888457986191,0.107713587309002,0.198927937324167,-0.111035968863557,-0.00517845534953106,0.181372332041437,0.148064118221329,0.0148969260890137,-0.125864639297043,-0.0316106639274907,-0.0180469066323189,-0.117852592674526,-0.210651372062565,-0.337445897500604,-0.163367221236716,-0.240481229219768,0.0841262830168326,-0.0977876179241295,-0.00949329949184741,0.000380940488899425,-0.252122477547087,-0.165217943030951,-0.0337918043469861,-0.355928148148753,-0.0390740647202904,0.0164314980584471,0.0799182365046336,0.260152531051268,0.462478072820724,-0.0527755858651368,0.276105208101549,0.135105724953083,0.200640998241096,0.249110253101635,0.184521854880588,0.492247632781368,0.0146269019254235,0.464088973005348,-0.141553116236095,0.185035899377875,-0.0252074034906197,-0.336637096564395,-0.337378148738051,-0.152254515592689,-0.208732103300274,-0.18279619579573,-0.227607518099064,-0.270285996899058,0.0110849139590292,0.161590564033708,-0.0598344245418589,0.220120745297441,-0.209945534967184,-0.14512582646531,-0.030108830292843,0.235374136177763,-0.108987814400071,-0.234926440538038,-0.100106943009879,0.242840778310671,-0.135599371062324,-0.331417587344337,0.495474444603329,0.1890068634931,0.036867737020513,0.184900627243835,-0.215115924339649,-0.380773438598635,-0.340927430470727,0.310341947998187,0.0141031078838475,0.121959378622928,-0.0297461349021286,0.107454245987025,0.064817476892937,0.265837508610096,0.17954485835007,0.0433016680702462,-0.0693076072216465,-0.0140006648385309,-0.0874082076951615,0.0106776927403877,-0.0779898448159985,0.102080766496285,0.124204479396901,0.203315363041303,0.00906360578757182,-0.342434412241873,-0.193586203744293,-0.231831671110242,0.0658911449813737,-0.0635466356821609,0.0951194573616016,0.254302095591026,0.342578468482783,-0.114655796702938,-0.0621834247925067,0.00467186776370088,-0.0755215582288182,0.216191627244498,0.293987693173935,-0.122657760048484,-0.150524772120887,0.097398473611936,-0.0255141670954853,0.0414931134153082,0.185383203815876,0.0953596006382197,-0.147988454788804,-0.113849666236335,-0.191184962176804,-0.196198732202191,0.000330637829613599,-0.131313935066828,-0.137782366043172,0.140309562102239,-0.155350079839286,-0.0226768882753795,-0.167453856152391,0.0439979913392765,-0.368246405494609,-0.161335621510692,-0.20794041131076,-0.235645336019336,0.19087660449036,-0.144802208693212,0.0102678974288946,-0.0428139385529633,-0.29685874861709,-0.210299193622885,-0.113182711836839,-0.211753264319747,-0.066522805172077,-0.225026287023399,-0.11390928499771,0.23835686581525,0.0324437433702248,-0.19403884416963,-0.16502475075261,0.126203554215021,-0.127552050464386,-0.067611033387748,0.0786019969878226,0.153295192209139,0.0273224870044784,-0.0829638860726524,0.0982395219267402,0.366293799836059,0.345643893054997,0.37203331855347,0.634805052980508,-0.168053565246576,0.368032397454912,0.224385142501696,0.357116326632267,-0.0732148379152556,-0.0208360608517533,-0.0857032475624123,0.196844169477131,0.541474856110025,0.200658555212165,0.19163009003483,-0.112964766905192,0.0172690297184107,-0.269533299838528,-0.0933343575156566,-0.234475593970102,0.0887669492888314,0.27243183760557,0.162640982260705,-0.0661771640858674,-0.000336370442117727,-0.0671608668995012,-0.063762248069578,-0.323590098081557,-0.201103863060592,0.244633944473671,-0.185288840607054,0.206637005463115,0.0461481946225211,-0.0370170058010177,0.071075406768407,0.0458107933721085,-0.0915539487948076,-0.113440803276207,-0.271841808554657,-0.317624071798591,-0.169432185147326,-0.0692095470922429,0.305999286730575,0.132022384599763,-0.0423129155928023,0.163829168273893,0.0434409545101279,0.590897033654784,0.361827631995132,-0.0081128731453694,0.0340193568194511,-0.13533013864574,0.225571658834388,0.110566176501426,-0.0469302011038099,0.059303251830698,0.396799315821468,0.308072672385719,NA,0.356960669011335,-0.109593674783698,-0.174810631108438,0.0818611335307751,0.084843646275967,-0.182722778568197,-0.170817357328885,-0.0680745854396827,0.208083045433624,-0.129389116952804,-0.0834247990854362,-0.200258251719569,-0.294723471132103,-0.241287800329378,-0.211245376364288,-0.176900929897961,0.0350956413574694,-0.0354646905778422,-0.145185586499548,0.0578940503783624,-0.0693799213801297,-0.215837091311408,-0.092224204076777,-0.241383075347386,0.0977518770854683,-0.00363871271669704,-0.00247455294390166,0.221324167254929,0.013474954650471,0.084776475079761,-0.201996462441137,-0.126264590871725,0.0763915677004866,-0.043595628572531,0.00990407867736701,0.0534402029096665,0.04401585546828,0.219321943091649,-0.164651579815191,-0.10260274057505,-0.329466395518597,-0.267222436607159,-0.372473718496311,0.110761840855419,0.0941399714944846,0.172108513702789,0.301355132280208,0.228600056916198,0.284060744779673,-0.0970005218340464,-0.165834338907624,0.125341318361181,0.0949820257925307,0.0811673695813666,-0.0951041385310305,-0.0889977927781162,-0.324639541981453,0.0977038993001579,0.0943604970977642,0.0597696108771873,-0.0781754275490373,0.228563943842604,0.0725132315729319,0.0704261115684339,0.267994141850497
-0.0410021751865895,0.517493243966267,0.410908469147419,-0.1666603206189,0.405814510138006,-0.049751892029789,0.435559527420934,0.604322803026583,-0.210965940170986,0.331007622950345,0.0150759281436357,0.375074775181156,0.47621047444107,0.200434039276038,0.0532638565439016,0.124668088805301,0.48120732911457,0.101981809500732,0.0584047881338644,0.485442493904071,0.676762509498995,0.310674350759169,0.00201003354014276,-0.0692375620186387,-0.0782223051813345,0.11652033027243,0.303295913846686,0.183086813374306,-0.0297610529011484,0.176032578055298,0.178639992602018,0.196305723579026,0.0694369348531093,0.145376091576073,0.142360847520823,0.369885037127842,0.347850795944825,0.442813247249898,0.00219385036730309,0.00656596371401319,0.136390987043515,0.0992266181413117,0.00184632961677337,-0.285346405170417,0.294234149415827,0.00531002325068745,0.356824709493693,0.124502537549269,0.381336600531899,0.271997644193521,0.0797538166021391,0.100178035466305,0.265126157248103,0.310799666148362,0.412378773190734,0.295791585567661,0.368505518833631,0.402328226729138,0.261537618776512,-0.025786686534749,0.329105249032329,-0.0958091497827999,0.177432469140248,-0.257233431143498,0.507866362047863,0.259588485255456,0.221044275454968,0.206675731362692,0.245653530611545,0.378112501882591,0.0521372870103538,0.0253412774685145,0.254962246065184,-0.147412154693883,-0.229570128060922,0.0864407105193891,0.348883957108626,-0.111562364614065,-0.226133974120498,0.043113168961784,0.207615506742345,0.021608080411825,0.154572316594402,-0.0661406716097322,-0.274644541507289,-0.396989769872127,0.515314211119271,0.223089020730299,0.541454114564684,0.557017264042418,0.386646327299631,0.431892998910575,1.00890728944805,-0.256684782872243,-0.151267720159408,0.0459571845010569,0.0491441038028047,-0.0243679646680931,0.357211947854497,-0.140964021093209,0.18496867370378,-0.0407031617962682,0.196545581412658,0.0353266664280859,0.204605777122086,0.125799388630335,-0.144440268818035,0.136971583877195,0.0956703987847723,0.17497656821524,0.0719532539672915,-0.0788233504934149,-0.0849230062524966,0.219069291204855,-0.0535332096916503,-0.377155740522605,-0.111901329915907,-0.243701898291647,-0.188474568092444,-0.153307948123469,-0.0134870966715267,-0.102855021937602,-0.0483044149936212,-0.307904515352239,-0.0961654218162094,-0.0431929246483106,-0.250081107928419,0.188469482961425,-0.128265708308509,-0.0418927849780338,0.431124442751368,0.222771145671881,0.0823115831470411,0.152200697833964,0.135520933666221,0.218764883746964,0.688985060057264,0.241859864276859,0.256096903334961,-0.438155092271629,-0.0600234610986581,-0.11854135639304,-0.0693103981060858,0.123251865815441,-0.271810956205087,-0.294431273699519,-0.0951102732842122,-0.227148958809678,0.0351203146449946,-0.301089358279006,-0.357829157666763,-0.149410491548908,0.449476920714005,-0.0844933799978532,0.387477713879974,-0.245412691160451,-0.10233293242614,-0.086952026330031,0.126469173056746,0.0771082297606821,0.233229858797501,0.0996822603672336,0.523270351886648,0.162808011611809,-0.190164671709893,0.699479406679685,0.132377500271666,-0.0631945770777098,0.196417747506382,-0.208963489696818,0.0538229338936222,-0.249990499915422,0.496557839245946,0.252675743049049,0.406819817080676,0.525631096588282,0.481100201595906,0.100052082562618,-0.00958671393079795,0.366261860708354,-0.0749725988051194,0.0547359631511333,0.0628841501563057,-0.0317647031680175,0.243365539512942,0.172078633107227,0.233116453955325,0.290634397733169,0.464744958227178,0.179413813796845,-0.0145372271098825,-0.229396008914733,0.0618736694270821,0.131338392197269,0.104224027141253,0.0927076755736096,0.421530098151475,0.214786031973964,-0.143570265498436,-0.0808594454531016,0.328457322662653,-0.0203772371513177,0.236148957598396,0.348980372887739,-0.0241778818825381,-0.1749909983368,0.222164312630981,0.0790736887693969,0.258843037780696,0.25353783225571,0.150180223921705,0.18648169063966,0.331775022641468,0.233258342777711,0.190544438147353,0.422567548910148,0.259812231682683,0.248937488329948,0.0885310320909637,-0.0381549007523397,-0.00194440535955709,-0.0359886908868391,0.152512478615954,-0.0340780642577385,0.101698424536403,0.0112617427075849,0.243494888402162,0.284279353082258,-0.0643097979445615,0.134157137100949,0.0646471121098258,0.0918526915293481,0.190130109425095,0.0213663632455231,0.0633985739557952,-0.102100868031687,-0.0717273241050423,0.146513711587234,0.485402582189208,-0.0154394528200105,-0.259411089054734,-0.23346716426332,0.047893903493062,0.18734575395292,-0.128332233100066,0.182542666007667,0.0240269161557274,-0.0539880381003028,-0.057313987424436,0.0123190440373658,0.377891953246088,0.44427261768571,0.321590769981097,0.949163161495366,0.520140376352467,0.933553189555021,0.367754645140306,0.343811074144045,0.0695654456544551,-0.0628933533905204,-0.00357741893202251,0.145434676010569,-0.0482166139503389,0.413846883903492,0.0385468793149579,0.0941462665997547,0.224877431468273,0.00241972493139717,0.13265717745082,0.0631187224082697,0.0289829271937045,0.506708899831692,-0.0494504355840188,-0.183647166305817,-0.0320870575005319,-0.118608269691458,0.0576594906233549,-0.259167652024243,-0.265847933677561,-0.192758920264376,-0.256716497117454,0.0508211372450017,-0.265596971293582,0.00894972388968609,-0.070715328573744,-0.161820358781057,-0.299427618066019,-0.204484089973451,-0.117220488914031,-0.151712389826485,-0.0383934431852122,-0.0720354403309284,0.258032546543516,0.150887792024702,-0.0999357748699124,-0.171701481672805,0.284938341941035,0.554215726760178,0.218367052368934,0.00820104894531141,0.0475802633302586,-0.269104759312773,0.113035505668307,-0.0275793158334425,-0.321991602306844,-0.0430014989606676,0.561525259241003,0.633211295088207,0.356960669011335,NA,0.747556908362649,0.132686642072466,0.156317136413018,0.156820772853882,-0.0766996195330155,-0.0385636297376726,0.050563451199696,0.43075322399298,-0.164372444846044,0.065659697719424,-0.149796642913313,-0.32652780905017,-0.232461704170388,-0.179548285680047,-0.327601606175561,-0.0195205558064767,-0.013867782087292,-0.150091214369438,0.138731216023365,0.107591947055981,-0.0662283668274955,0.0733895521495847,-0.143231917991901,-0.09921812766326,-0.0889680287760605,-0.375482267755037,-0.36837789087701,-0.241274229924461,-0.221208157232824,-0.602087934916418,-0.380515581608963,-0.0224062140746698,-0.0536698921763336,-0.232803240891128,0.182587458236384,-0.105626400802363,-0.239262286260136,0.0558556117998584,-0.402500169400424,-0.468381910354162,-0.547476786809221,-0.466966263607165,0.0402718519128379,0.172940155755083,0.250321992969398,0.198062327750128,0.193225038427864,0.21942082662956,-0.168996510282249,-0.380217115454427,0.324826086721321,0.00466860653684544,-0.179194707676336,-0.499902742247672,0.0896054233205673,-0.225486843613335,-0.0978372295832444,-0.115383441303251,0.0865994447461582,0.0686984119257388,0.00302729889393676,0.0621167102679606,-0.160279027657095,0.0311090742785031
0.496035354680819,0.283159922376824,0.312041941225792,-0.0963091064068658,0.136192994509539,0.0431327495027559,0.158341376837561,0.315431344875489,0.0503585448638829,0.23341884258814,-0.0708582822511645,0.299978046255822,0.614703680695222,0.3937315009828,-0.131388609408368,0.141202741665284,0.102774932262067,0.338496306416141,-0.0226105313590445,0.443756174980382,0.189852676146242,-0.0496334628932941,-0.172372710871003,-0.10421191521154,-0.155518457998061,0.278937838204214,-0.0664671777696659,-0.125688956536501,0.0509806033983954,-0.275978766627159,0.161750569352999,0.192292851888967,0.198932225220882,-0.249082266766627,0.130911888989142,0.230098012419767,0.0138563841350288,0.281225613393872,-0.0787686530813959,-0.249745310663353,-0.24754852469433,-0.0320069666791792,-0.178068416619429,0.00603739067531509,0.143641003734786,0.110637596326429,0.221993495511636,-0.28903937982344,-0.0558500794638171,0.121346990783061,-0.134280567796891,-0.145155295015415,0.520444534955947,-0.0360834345304588,0.080700062963149,0.0424405626453582,0.285440472149277,0.0696668393269222,0.225353861027243,-0.290007486446594,0.40084575380498,0.134787038015229,-0.242698085062527,-0.480586700108396,0.572906568864154,0.0611089544628706,0.176277120388228,0.0304989173409156,0.122057071840954,0.496281507089858,0.146055603938116,-0.104335685758742,0.196877563880476,-0.205109019518723,0.00638207511814001,-0.170154832105636,0.235063184470995,-0.200655808550013,-0.122735771883813,0.000718618685614638,-0.0648775049632232,-0.356273780814887,-0.192455793676954,-0.344705729709946,-0.0589571334572567,-0.00519819557259493,0.144785916151069,0.0969582953332805,0.738842040006259,0.372256363333975,0.0973984848392917,0.352254008890466,0.581991249621348,0.0998094897047837,0.311183701319419,0.0928157290019013,-0.0889408737749912,-0.182550361310146,0.25409961843223,-0.0827316877263396,0.17382402147913,-0.0309503792581257,-0.11371510796239,-0.276556388801737,-0.187827333791463,-0.365500707189169,-0.0709779652385722,0.0521480471100486,0.104952519543891,-0.163205793237449,-0.205588578410279,-0.367009259159881,-0.032514107672257,0.409398120145475,-0.010769879050724,0.0162264792349479,0.129208453413087,-0.157036206778171,0.0626334403224283,-0.123226829339845,0.0531463715516015,-0.155791468159353,-0.0269915597242442,0.0260424896041789,0.189615421224601,-0.144423258735284,0.10478362392137,0.268141782985738,-0.077598234786676,0.0897486180951078,0.164878735188908,-0.0472242135492542,0.16955886292369,0.0342419374119841,-0.0891425382359669,0.0856365097454939,0.262394766762401,-0.00294162500790737,-0.0377702138472838,-0.528982333787566,-0.236470260772247,0.0134220543821012,0.0401642052714878,0.498286499192911,0.0466458524053058,0.0850130871104877,-0.131147642730129,0.0982613116124708,0.139291616859668,0.0474432252094922,0.11360628174325,0.0120194343240344,0.018641595782577,0.208888477805412,0.0598951933852969,0.0317637490239416,-0.0313416124657543,-0.068132078088542,-0.0649878347849783,-0.192637882023668,0.173866809111752,0.639764514534842,0.193954040030367,0.220763854932061,0.0261978106733067,0.277732383447541,-0.162300544729923,-0.353314558921334,0.00906132460351256,0.0654970862071109,0.148559891943377,-0.0657059953673078,0.429366297400037,0.713623905053364,0.146296769225324,0.401247225847235,0.364034225165102,0.209174775867432,-0.0447778598513263,0.0886893450205268,-0.156700976304277,0.0222828076331638,-0.0347867648998463,0.0822621646612755,-0.0230808877149691,0.357763657630411,-0.117212205798308,-0.0244850446730474,0.4085972207114,0.0266650754514235,0.127399093288064,-0.163808901483041,0.246376215266701,0.0154433483020354,0.0792839544583489,-0.322273288182393,0.144439085304586,-0.122204818948727,0.123248415366921,0.0769696818510371,0.327746748354947,-0.020621001540864,-0.0917798771452305,0.138465378112623,-0.0451057892847474,-0.128360548924844,-0.246560396561691,0.0517526342245458,0.121752371801834,-0.0388048476850491,0.141884437579874,0.542205782518936,0.443299413667372,0.346507335369218,0.0919268487853114,0.427424471025188,0.262341024537014,0.407682071046984,-0.311734020827217,0.216727690491001,0.293497016381271,0.211074111531009,-0.0917462782502181,0.0723555911798615,0.102144601611525,0.0107325593837721,0.221172124864519,0.157583782416754,0.126507580201474,-0.0554614505053352,0.122031824373401,0.245810441306062,0.0433863380863044,-0.0392793307403953,-0.152472834010429,-0.250529054945119,-0.041429974973673,0.128258825384581,0.18461352203683,-0.216683782075741,-0.108362147608727,-0.215966538654237,-0.0611454705974972,0.32316072308042,-0.474237609323549,-0.0918318612115808,-0.171095979653417,-0.392558171211976,-0.176781077144537,-0.318479035573502,0.0801169567794649,0.206496306126836,0.330339925149067,0.419408313075907,0.330302638596924,0.39382152843282,0.399009766340904,0.23965304273416,0.418797083098173,-0.148098359005664,0.00718751158936881,-0.0911225436705775,-0.245418331537413,0.303437687977939,-0.0419003422533134,0.228113043099492,0.36701889350343,0.100581878091258,0.0404691299113603,0.151576762387704,-0.299685991055392,-0.0113145598970504,-0.14465724196217,-0.407347733411762,-0.324327448757643,0.291098565536553,-0.189519985735421,0.066011598856235,0.105060761175204,-0.349440423254845,0.102460675712867,-0.303643970172987,-0.310993786382593,-0.261153065416761,-0.178670225883628,-0.102516588858068,-0.111823629623241,0.0784386148833659,0.0823638713332071,0.258111034806585,-0.0105600155147817,0.0597497543042249,0.00287092155742913,0.212859061921966,0.149776946582434,0.0186804495854134,0.247890729004412,0.128886573661579,-0.0575868820373916,0.123178730812423,-0.366142838023905,-0.0368981973600114,0.0397727464930482,-0.116567156419018,-0.473676311848376,-0.151803284719354,0.197379409118027,0.191601682578134,-0.109593674783698,0.747556908362649,NA,0.300210583352877,0.22061023590602,0.0406279258911003,0.264160882312619,0.135094046048331,-0.0943389391946724,-0.0740381541380497,0.101108082690083,-0.0787085627410616,0.0422197536629198,0.188387479799245,0.141771290839487,-0.0996804766042855,-0.0114119534723672,-0.0353201306516412,0.0103203788970354,-0.0497206379246975,0.218813537168087,-0.272402947242302,0.298194229562013,0.00591698741862556,-0.01597541500434,-0.352172822784966,-0.384645921928326,-0.515963167928316,-0.51193194407955,-0.45737815421253,-0.453770791335317,-0.521786097339382,-0.473893975892555,0.159210847746103,0.30296297279654,-0.0157759519562841,-0.049508880826703,-0.431186675301338,-0.515099614865749,-0.0211899380758775,-0.262716945388825,-0.165107725662075,-0.271253089981417,-0.063628653618434,-0.134580095388504,0.0304037188708457,0.0759453764531601,0.00673227380160593,-0.0504374421594333,-0.118422375079732,0.0391671511949592,-0.173890984506032,0.0832561482248183,-0.139338986315477,-0.113333691713857,-0.396587912586085,0.0813783772645724,-0.156171924441492,-0.126949322780227,-0.280443628031363,-0.0492066164905253,-0.0603878562011214,-0.301824888566326,-0.296681592408931,-0.272840213525007,-0.0582474848066052
-0.128942490154333,0.288472078806375,0.467180146812913,-0.372014505476076,-0.0332860824308372,-0.318540737542406,0.0340799849898411,0.254345267222034,-0.112836034990219,0.232848151128141,-0.131622337374091,-0.119102853792823,0.306730620614761,0.295276043966344,0.053088858024979,0.110509055921843,0.269761079402242,0.235980354871218,0.0560248490596829,0.368804884491179,0.150228372012778,0.403020426783096,0.0151927456012462,-0.312166095608438,-0.381310090650206,-0.297949880541416,0.0970712546310815,0.1496875571552,-0.178173384759431,-0.0781851276153755,-0.0926112745719153,0.17966961714445,0.255765933812674,-0.0488901636172129,0.240457297685331,0.0505114054738572,0.0403418836626995,0.238564673858231,-0.220871135510525,-0.147941854123576,0.0358789900296314,0.0374645637908141,0.0339710798187906,-0.271154924151235,0.240070142206737,-0.05437258942355,-0.135570076667687,-0.214472649782591,0.189016264816135,0.224859699924266,-0.165378659700482,-0.240935186290482,0.530972277033773,0.0517966893490817,0.0770107690352918,0.0259654556370963,0.0749694292556051,0.303553994484878,0.150270930537758,-0.00470786561180231,0.150994239436794,-0.0901530256063805,-0.208222665877325,-0.109615350501576,0.236339093506983,0.312023256275691,0.314393685879663,0.300177400246067,0.176984497189446,0.154983686865477,0.300574281395326,0.20033310460766,-0.0498214012023159,-0.424536454295532,-0.256926108268737,0.0382891400570169,0.401800112793765,-0.272618222058127,-0.152644481394167,-0.119108087146882,-0.019601618354231,0.162019175735847,0.0378377257965364,-0.225535729412027,-0.262052213111607,-0.234365437808103,-0.0369406229832159,-0.205957927522062,0.050794179082538,0.235134384382469,0.140482848668747,-0.0341447552844618,0.0552189207446877,-0.260479376148462,-0.0430492791704331,-0.100073236155834,-0.223305174543215,-0.248463966113122,0.0581682720600711,-0.356644515105745,0.190601191089884,0.159510562778521,0.0501283058131653,0.189512293792974,0.0135826910538627,0.00197795265239731,-0.136021869130639,-0.204724190593792,-0.301231059863145,-0.0132618673039336,0.142893700483879,-0.179938838747326,-0.234103020419374,-0.0900343640617779,-0.193045460256169,-0.321524165130763,-0.149664154838591,-0.373771023274923,-0.270058205717557,-0.321820246907953,-0.0482503886237074,-0.142968214217794,-0.132016698057796,-0.266572407663182,-0.0844492425440986,0.0669260686562572,0.170115544205366,-0.111079859681999,0.0290840541508446,0.158354763563495,0.156886314051715,-0.204036819464598,0.0849952273286786,0.0302301148148507,-0.253402676232547,-0.154405173605245,0.0404442999036092,0.03191796979013,-0.160048679217142,-0.259928079046265,-0.303009156378999,0.226493943468083,0.102961326090924,0.266989536098777,-0.222978982724631,-0.148083494033303,-0.168143718188485,-0.101297546447666,-0.211324199488963,-0.339759561870504,-0.179120118913172,-0.242588634161272,0.0026774497439545,0.193545773094172,0.172765330922066,-0.153532591096795,-0.137606252418397,-0.0258597095002105,-0.16028225759086,-0.002053209748327,-0.0976342142504595,0.0431635246969738,0.171543697007397,0.319735141191819,-0.272767741544759,0.120440399993452,-0.12262391584763,-0.22184720957484,-0.0470456468331811,0.0642333261298776,0.283860392423413,0.290093340718479,-0.0590518515293681,0.163948433306679,0.194729063188602,0.277212318313246,0.244058604539268,0.0134454466671508,0.124866241492655,0.0559450619032117,-0.0974024200440821,-0.384518494402146,-0.0621201529707463,-0.268559828299294,0.290808457461952,-0.249333529633644,0.153230176630979,0.0846267161532005,0.21553192991628,-0.00530411266083822,0.161434593990244,0.100846010241527,0.312288097360601,-0.382579898871128,-0.0435117107343373,0.19398458800301,0.12494508299624,0.149566596524738,0.00721820384287979,-0.0518092526629611,0.068764034584547,-0.108845808518874,0.0446531182053478,0.0887242132774995,-0.096046207401559,-0.387915544392398,0.0803182443553442,0.163998445506482,0.0882353116139335,0.157025436824969,0.154947208785083,0.394689169741198,0.0654500253735915,-0.149525096156613,0.153174966566,0.11976562445395,0.181434733693826,-0.0397852660029645,-0.162152574658313,-0.0881059673148098,0.18859226685292,-0.12705890468747,0.221545132465866,-0.170549950821949,-0.174978528303085,-0.41439195616814,0.0624145679853533,0.283790801789062,0.301826332089497,0.133610571497179,-0.00374467200982807,-0.057301295595281,-0.0503257526513093,0.0960181932346406,0.184644181527955,-0.174591405345542,-0.214273818057644,0.0686110135742478,0.232135510183621,-0.0992429081054445,-0.152657683637741,-0.454639987394161,-0.118731453526049,0.22613745082921,0.158006281688624,0.255106471856515,-0.112952524792077,0.0127619401500919,-0.221144612046329,-0.0980285765441893,0.0757530883419614,0.0770463009464711,0.0550088759079735,0.103224266323048,0.302851593280286,0.08305267211109,0.217809530288638,0.0343710121142061,0.185054351809927,-0.105246646053781,0.0369996366264396,0.195927420400857,-0.23684267375644,0.109332060459812,0.115039842472409,0.0689373702642964,0.205486617772672,0.285142046571363,0.117389143052589,0.145667626660101,0.0479107102298179,-0.00439997918345108,-0.193553036589484,0.0213691105966043,0.065408569152101,-0.0443972794936463,-0.105771234289841,-0.13054187691272,-0.0700231478434222,-0.318196042574984,-0.114901609526452,0.169105799978181,-0.311442054884,-0.282548862114709,-0.0871626913801628,-0.0523059510075128,-0.334046282518479,-0.268677198351413,-0.078433874955579,0.225815930505568,0.0415901624431358,0.127913412564133,0.0351271487436946,0.135988870140265,0.31983394291659,-0.0591225581934391,0.211573880421588,0.0697309419081038,0.096384445970272,0.391909579768517,-0.112767919208638,0.338528666829524,0.0360533339776573,0.0648608936141075,-0.160805938714749,0.179784740014885,0.0768410682878321,0.101718491281062,-0.174810631108438,0.132686642072466,0.300210583352877,NA,0.00517593376981277,0.465168168543566,-0.0124717720946459,-0.240984854416439,-0.308861309810299,0.16464043088751,-0.0840542687458708,-0.0968976534108442,-0.260810062419319,-0.0867669762709332,-0.242860669155407,-0.184199498318766,-0.195591324362752,-0.188862247570097,-0.00723517890012225,-0.00117445601304515,-0.0126527175454259,-0.106478551073557,0.0512625594724935,-0.412943023965896,0.264092312298525,-0.235700767928191,-0.254926551027244,-0.379294615814681,-0.245129293750877,-0.101458409053327,-0.196068122348047,-0.0722606225031408,-0.0972901405186166,0.488118203586288,0.439874421542478,0.382912060628976,0.223245450522616,-0.215934136824278,-0.349410387236777,0.0781725576153177,-0.118703515942064,-0.165691581081863,-0.115505791489023,-0.28055679850921,0.0363166022595482,-0.158440971165402,-0.0755617387719315,-0.135182419169326,0.0835955971190225,0.00476640509054666,0.129417030106306,-0.302809402115359,0.255665750280472,-0.111107125976953,-0.1480833857583,-0.452686794901793,0.0586626198655025,-0.115498490437785,-0.435796009930216,-0.259006486423202,0.146313374542954,0.206015452226863,-0.0676470540194229,0.164673088629941,-0.154051692583908,-0.108317579902861
0.133033444952263,-0.131638430246763,-0.0265324923365241,-0.186219715276874,0.417084847863389,-0.211032994563711,0.173405822362853,0.0538769044922314,-0.26828852662619,-0.177105606745741,0.105597390517221,0.0383273367476508,0.374877446481408,0.239537507790661,0.145850038096068,-0.187340161370083,0.0599149850105741,0.425133167526491,-0.187835613424019,0.134541057031937,-0.266340187249895,-0.113521975678842,-0.184542412392391,-0.0973842561677694,-0.291737254545237,-0.161671261284788,-0.154159366038524,-0.141980743971002,0.0861465687251837,-0.363645708176728,-0.117594593966079,-0.196823521908126,-0.190549407597294,-0.101451902384791,-0.185577220313696,-0.263145317965397,-0.432951721121038,-0.0788747376395105,-0.146046026660415,0.224826847121546,-0.00592142989444343,-0.219211055131489,-0.304038795699321,-0.235735422528891,0.094159499005235,-0.338452860284931,-0.0956749742651888,-0.0311094824228516,-0.263122243902568,-0.269697198350272,-0.113259110197706,-0.158537266827555,-0.110666246630221,-0.00318530644969121,-0.110449547015719,0.128750055088992,-0.190997508972574,0.11117259803103,-0.0919838360671846,-0.183413387381089,-0.0194800265055815,-0.0823853348653824,-0.241228417315534,-0.303081815821711,0.133420907295565,-0.0866460142535978,-0.105815409057322,-0.256252680706941,-0.071075402089414,-0.134868245851729,0.0672011534808095,-0.0683323868093385,0.116331461214085,-0.273819417592279,-0.181531414870037,-0.100920662267448,-0.145094636953705,-0.274740569388585,-0.186490049977357,-0.221519181130375,-0.0434957923462469,-0.144333739032687,0.0741235495738643,-0.217352976042489,-0.0505461711692328,-0.114715361498555,0.0390621126155605,0.0736946698616366,0.0695926715192891,-0.195474908920433,-0.0138498570542515,-0.0669015688372855,-0.116710159546001,-0.230801490351215,0.0371189782127306,-0.0764391168036213,0.164809863231103,0.205756644211959,0.0308246895809375,-0.260039289040983,-0.0914129546913092,-0.129430522210221,-0.328601144601933,-0.154407940883953,-0.345961004922446,-0.0730475457469407,-0.171341724572873,-0.3027500216675,-0.0252736413217459,0.173164294806041,-0.0743960738143797,-0.36551015703025,-0.476520643839609,-0.109786724187986,-0.0386252468683355,0.172284904937347,0.109470652826695,0.0282121911376944,0.0235642716112597,0.168138097117407,-0.0346734313560706,0.104277556481976,-0.225235843578327,-0.19289384329982,0.267797251984857,-0.146998133939549,0.0532269760282669,-0.0646104235413255,0.19702068359339,0.368990229120002,0.248358731297423,0.101144848440956,0.0509557205051625,-0.103057435574525,0.121556305621489,0.137211472611835,0.235956689590225,0.195489059285996,0.405291697308233,0.035962867817633,0.151588037246972,0.263604134215181,0.410600869093596,0.344399127823152,-0.194271149878405,-0.194155315039675,-0.0676637748458878,-0.265073468176038,-0.241217692541432,-0.164878773187726,-0.148186568455681,0.0571582195688547,0.144793340549023,-0.0288247314608263,0.00490156414748035,-0.0688461175314825,-0.138897960865875,-0.0707518509314504,-0.0213184110423328,-0.331510075447743,0.0549573606751746,0.291587048286586,-0.0440511651959785,-0.303350073752641,-0.140032030808362,0.16432349516061,-0.0229814304348416,-0.105886871911184,0.0930422338236226,-0.130732644471415,-0.0480368368338925,-0.0080869657729918,0.245448158749356,0.51899935984904,0.0481420715266732,0.0746223184708762,0.0171779534465545,0.291133065494961,0.202989998182425,-0.408831098878761,0.030066287399445,-0.0263047486446874,0.0395614756323807,0.18995503806886,-0.144023010405285,-0.0178451183392611,-0.0926687909380523,-0.132739059767801,-0.153889892063019,-0.211130359544813,-0.0451421593301217,-0.173965766781061,-0.21373063821588,-0.0470786445240347,-0.0357316434191701,-0.184988261234444,-0.205005668935219,0.211839884783051,-0.0622971227466048,0.146760439229866,-0.0604930307518073,-0.280024834849425,0.0470661116548318,0.0614476546326184,-0.181846116742931,0.0515179454989309,0.0294209414910473,0.183419522013634,0.0330337301681409,-0.221860187354728,0.00194171796573772,-0.117219504410289,-0.012662290288019,-0.0799934286274937,0.00641845027638864,0.0232427788880131,-0.0747309324865161,-0.0590316034761307,-0.130079036716466,0.0739016033337704,0.145306533560905,-0.00252149582285966,-0.327533738223248,-0.0674245700608828,-0.156794231025217,-0.00854750888246674,-0.0501715884965947,0.181708380471333,0.101356179632366,-0.130592408287646,-0.017304194260159,-0.122625869583535,-0.183007296150666,-0.262193607215494,-0.21824341855494,0.00157208123219244,-0.0651601678454889,-0.0354156459384992,-0.0642011707974858,-0.0264003435542853,-0.234959808879257,-0.10136366416117,0.0042385635084431,-0.372094732862311,-0.159730455828777,-0.0442004035096356,0.136367094117533,-0.209083103857114,-0.18864530238676,-0.0744494350995183,0.0166651044834779,0.0161181634561611,0.0584115231745642,-0.0269414365359411,-0.148852617094158,0.129278861827612,-0.000332726443674345,0.190192360710295,0.189900067089319,-0.0494209846576539,-0.0268128884967866,0.000223205671492989,0.102194639557975,0.0145523001027691,0.274975933872674,-0.0598658995757273,0.126079319018488,-0.30225953201774,-0.181788875034279,0.0823380340383735,-0.0651782826343959,0.0630147075186734,0.0955991253996899,-0.315035235526684,-0.191761991401115,-0.0215057565840765,-0.129518094175536,-0.0645726347797519,0.448189669497085,0.0963069582222592,0.29263029971168,-0.336105270061508,-0.015040059177561,-0.0616761319420948,-0.0829381886676039,-0.120181895994719,0.424555916827729,0.392365033009782,-0.0124231721736691,0.217343175499755,-0.217277633868086,0.0852529572500898,0.197324567461236,0.374532680514722,0.16015550644924,0.419144069818609,0.0655548500109543,0.338758222961757,0.310216458516563,-0.194232136013701,-0.199358350713952,-0.0842540268614588,-0.0482009593505282,-0.136331510382398,-0.220299454335278,0.117374909361131,0.178119277098195,0.110911584953375,0.0818611335307751,0.156317136413018,0.22061023590602,0.00517593376981277,NA,0.180571387240166,0.177182056359214,0.0252958378309391,-0.262731907654632,0.212582249614923,0.274469805214989,-0.0967399982815015,-0.0255462910783718,0.159560208197117,0.208015759338784,-0.151908984945024,-0.0539334246702558,0.081639877052291,0.135006920417183,0.085968887900346,-0.138941240329433,-0.157070681313671,0.206610614268952,0.38525469980461,0.133224996671137,-0.145916976851942,-0.307411996426871,-0.23784872110182,-0.284073026144924,0.238729947342022,0.171552282657093,0.183862890679647,-0.205102844387553,0.269423735589373,0.354256491495217,-0.0574761389429145,0.0732798221978349,0.00307770392932522,-0.137114863042007,0.117327581706172,-0.0271805423031764,-0.266547146310706,-0.298181074288134,-0.308337540159071,0.123065402265268,0.252940146621175,0.394025258397316,0.180844934270319,0.205465112520702,-0.00789756331621584,-0.0367342197946558,-0.296709067060616,0.0560600253501586,-0.0728054453995189,0.261952591362196,0.0600902069571295,0.102337689086405,0.0927876767657429,0.208511232809532,0.233450016835895,0.138002827733166,-0.0434566275484587,-0.252837312024977,-0.0164751915602447,-0.0304235660322652,-0.201402568421725
-0.113837211738913,0.113053428063299,0.359599854547269,-0.1135495801474,0.118338440842254,-0.205023958852959,0.221720007900627,0.30615745134662,-0.139802336378916,0.213227678020159,-0.117707790711153,-0.0599755367547827,0.24544377021041,0.154580878789318,0.00334309776848993,0.0276981238660673,0.199339953448486,0.205632942216702,0.195646791224738,0.340567010359214,0.183875559191535,0.361563642641674,0.216650413576108,-0.048358179108099,-0.0262939973010098,-0.32231404095499,0.319742311551599,0.330197070118026,0.105500551229426,-0.0572409837708092,0.094375941729779,0.113798698289358,0.103338229252084,0.206832916316643,0.00426476073664872,-0.0909794995814729,0.111418594543985,0.170633376502094,-0.00771484807769126,0.202241916546957,0.377286323436108,-0.0122093852105503,0.0144293853808147,-0.157548247622781,0.241078963984093,0.0318038044429379,0.0747867756354113,-0.000781358857822061,0.203030017365184,0.195757402974079,-0.0454014666898376,-0.0866532746966525,0.272251700780459,0.11030397714788,0.191723470121884,0.405843347199174,0.118963110084444,0.364949153196871,0.0643920986319848,-0.068504639954994,0.285241187431597,-0.102593046909717,-0.0769895529450994,-0.0305871425695009,0.286124661722331,0.486476094422946,0.355163600554926,0.399342839909862,0.28281686370153,0.168778926966503,0.180415107998173,0.0136583609765099,0.181299515704864,-0.233119564426788,-0.246520125448529,0.110530503854494,0.125875143893621,-0.108244039304293,-0.149251967408513,-0.0233710211738581,0.0955380105305528,0.182932768330511,0.355913973632826,-0.0163446003546001,-0.307052804486043,-0.229549670289626,0.17462676568316,0.121184550648592,-0.178314428327265,0.00322512386321258,-0.024787626751016,-0.148994943408725,-0.0202261319803718,-0.245622412098033,-0.0289222918188907,-0.140262402140255,-0.0617176268184668,0.05022156689748,0.177629887790655,-0.159284983926371,0.284989914002889,-0.155861317235308,0.282687870514356,0.180773675452186,0.212982903324153,0.277105665055392,-0.127132787817772,-0.147281440044129,-0.149252130366551,0.193350108908879,0.335806034027969,-0.0150911427691973,-0.264896935229389,-0.166822486818952,0.169873590745537,-0.117550214586469,-0.00296697928294007,-0.406731568921663,-0.230658920550761,-0.0337289192468118,0.110387074437765,0.00756433795007179,-0.00721869075099101,-0.130961598847683,0.0768932488707489,0.220826166494788,0.159244484436145,-0.0209391399006292,0.000641804301146387,0.262271977167966,0.485760288393041,0.18341799670345,-0.0305834519808773,-0.116538596983358,-0.204175539130313,0.298608836092332,0.242614827136091,0.271799870799111,0.370913270002818,-0.170349515512243,-0.0262953322700884,0.0990908276409452,0.260249895960123,0.0388318338994902,-0.113148438934266,-0.206508891731196,0.0459648996894963,-0.11405473662152,-0.139891979110687,-0.200864594733276,-0.295792700428892,0.0308748540471862,0.153516062957771,0.12885005226128,0.254541446058917,-0.112812611784725,-0.0576544086497127,0.00987827650316247,-0.0271329242086948,0.205294863100571,0.239884246633957,-0.00873133115598238,0.190280090764429,0.158542720528905,-0.138115095458042,0.367116808546862,0.047162769265046,0.116812015446317,0.100902045376956,-0.0606990251089631,0.00499847561552422,-0.0262830970468714,0.041061499508064,0.184397236289436,0.163476594756546,0.168742858111218,0.219849745548751,0.00572165119362126,0.225474609414557,0.0818680534725934,0.266062996666282,0.0115862829555315,0.050072725082872,0.0805958670396278,0.164406488307048,-0.157862121096105,0.148741739222149,0.305280965637627,0.0486993990055287,0.104085261095168,-0.117012364392002,-0.0863015736032948,0.0164317481736976,-0.0741259182456825,0.0606134966956573,0.33428579348668,0.210905398184943,0.427048019607044,-0.0211991739362521,0.103409747850318,0.240904733511648,0.0957694977175786,0.34543638912368,0.141806070340877,-0.0622072938742876,-0.0570233041090215,0.19583236000096,-0.000804724468322316,0.141636391334921,0.147908595665109,0.342369318852234,0.139269167002935,0.142966008761223,-0.0749333338301826,0.1091993914058,0.059908911384691,0.128775002993346,-0.157855435064867,-0.00826500245655719,-0.0978908188345917,-0.074186038016036,-0.193922956783689,0.20314325549557,-0.169036068777612,0.0062857556856591,0.0646073583535446,0.442563539949186,0.346388735218482,0.199460524911621,0.22459161338352,0.0162673824833764,-0.0188251128799153,0.128243914469328,0.197893725480212,0.293558467653085,-0.0413728468563238,-0.0474811215551489,-0.0609840436590919,0.0788683685605627,0.0363740661618443,-0.207484633988824,-0.334277456656481,-0.0808019210608006,0.149263858326525,0.186814958928898,0.282228564783352,-0.0314621203269984,0.0892374337981778,-0.181372384008917,0.0344149038197688,0.444442145446253,0.2841909631199,0.2449209914358,0.0824522660473215,0.201195188640955,0.240422806627497,0.130273767855407,0.360845910173662,0.152852088183891,0.0584913219432969,0.105803731760443,0.10083130952782,-0.00890003356123147,0.312894353751372,0.320828470256348,0.00621165266583295,0.11818915787706,0.210869393246346,0.022188496326114,-0.00236641820431946,0.173957438378175,0.10802200062027,0.0404492508137969,0.0355780055815099,0.0984729526967148,-0.149197374431378,-0.0522317547756677,-0.204642858718912,0.0636555512488301,-0.027160264795248,-0.0394353819537492,0.196432357976524,-0.218030010353175,-0.111018836210617,0.000320934859151359,-0.174671433467019,0.0942138251149504,0.0166158672990079,-0.136745978152641,0.0259505069411675,-0.0768609210054888,-0.0637707337453064,0.16488521164714,0.117036660005253,0.274023145006121,0.17972037990955,0.141343643289337,0.454373062749817,0.234959644578617,0.108998173499513,-0.121392939929043,0.0726340130742844,0.103690402963722,0.115729091240999,-0.291936321356816,0.477214872282548,0.334937467524067,0.224949443037269,0.084843646275967,0.156820772853882,0.0406279258911003,0.465168168543566,0.180571387240166,NA,-0.00914751841390264,-0.124166243539039,-0.131307567507361,0.215153307262626,-0.118247477059994,-0.147000731536164,-0.26803908554884,-0.166602352495142,-0.0337391818141622,-0.168463697251802,-0.12439338137953,0.115848636271515,0.111838365559902,-0.0241153388788914,-0.00253415174201375,0.193634005840067,-0.0680659782728993,0.0621503738910781,0.114390742213587,-0.0499826966615625,-0.0749177634695565,0.0420659961526584,0.0504505471477349,0.0504285199757096,0.065848771004474,-0.087111115105339,0.0703177693789484,0.288129702329694,0.222381793611752,0.0123084571908686,0.243627150283183,0.132539614411777,-0.153793341681837,0.0731599913194754,-0.231420039272882,-0.279578039787219,-0.229207765962972,-0.402029760294659,-0.0500067142924637,-0.217812400066875,0.0842788658513744,-0.0953042519743148,0.204513737761488,0.149404461365175,-0.0571863271582907,-0.328844592219445,0.286946017178416,-0.200945156210894,-0.0523725521094247,-0.192278888229972,0.0372405463010879,-0.00510778178251532,-0.262888251208531,-0.00318925283639059,0.0120856802115615,-0.0518059090177442,0.148152039384677,0.222700318152948,0.0168209688323835,0.0771850278599244
0.738042770036151,-0.175285197042816,-0.281881403479839,0.0231915776274048,-0.168788386947664,0.30709798214859,-0.0824519766375585,-0.269316271655821,0.0364653696676456,-0.106701720525021,-0.0926746198947649,0.0826609982790642,-0.0551786577973083,0.070536181420631,-0.0834167087530564,-0.0540569833094937,-0.387302406237536,0.238309073640836,0.0274670351728832,-0.0308603243594306,-0.455133699270074,-0.369939581112616,-0.235828640872958,0.133259381970168,0.233561111029428,0.319461297214962,-0.346048229018549,-0.0973682797426868,0.290872520743297,-0.377325140585502,-0.117073140838919,-0.106033380881528,0.0922598091238097,-0.525643294367556,-0.0433380567641751,-0.0808361671980016,-0.287200391224104,-0.0550135046595918,-0.131793502193419,-0.396484417265417,-0.574286762506924,-0.479571899895869,-0.156368067530384,0.399052015407151,0.0782584298690124,-0.269775731478515,-0.146209389273644,-0.346014093686008,-0.636274750828267,-0.305179646748748,-0.269534412156513,-0.0830672089547166,0.0273090044178829,-0.209043824982408,-0.180248455627372,-0.316938476458637,-0.284524677194738,-0.245059107488567,0.132542236116702,-0.209429326946153,0.179273676971344,0.187923054029909,-0.563840160996261,-0.644834251362187,-0.0771028138885922,-0.0341692992783899,0.0463129064059805,-0.0545181096606326,-0.165775232334165,-0.0160375410646577,0.144612662698718,0.0914391247516011,-0.0450434962267117,-0.153952984277091,0.0283691999777015,-0.388120992113442,-0.220350728943462,-0.252403553398321,-0.170428932977501,-0.00955110529154614,-0.441793863929427,-0.665159589571291,-0.0535981846574799,-0.403547276464183,0.204710747380977,0.21871908834447,-0.268689790068,-0.120826953572853,0.078980750273677,-0.180616053663099,-0.298792958774235,-0.0519979819882109,-0.238440296668236,0.539469746629312,0.721250667685915,0.285422883544121,0.00510503960533106,-0.0632655770579841,-0.0776419580691974,-0.111507585579917,-0.201223240170898,-0.0400060276193827,-0.576361269707744,-0.519860328200945,-0.542669378078081,-0.571650530300755,0.0732641947311609,-0.00846438199537638,-0.142563405529777,-0.0853755072107929,-0.588630968810161,-0.716560234672723,-0.0311241592724336,0.37724227312117,0.298688210134285,0.560194649269948,0.498471699722898,0.264604258312295,0.224303176383242,-0.0110655453841181,0.0489819671998628,0.151658455629872,-0.0989025715456025,0.410011786642571,0.422821749393873,0.2457551102208,0.259873847606177,0.294589577059647,0.112997518286136,0.402937894001424,-0.108729638330491,-0.278565206371606,0.104592170892121,-0.182086088507993,-0.0309014509091308,0.101633075700355,-0.214812347026319,-0.198346017141655,0.0405766283574011,0.142286597574047,0.0804617693142536,0.278976760809715,0.248210646845046,0.365364346302221,0.355218414969666,0.27731291181442,0.158364487376456,0.270362088686074,0.13027446959863,0.407770780088388,0.437173565345624,0.358695880201826,-0.274964322667086,0.502663913977392,-0.292617350806549,0.234636637306689,0.246868564261641,-0.0770149380467418,0.0688325409054232,-0.297975266749942,0.139522418199212,1.01639607386397,-0.346848889370587,-0.14865774574697,0.570558726800771,-0.184338411227723,0.0133045974778625,-0.129193694254093,-0.10972253838513,0.539365731550211,-0.158725223141354,-0.068048448630585,0.325150497045754,0.501574631344772,-0.287697038236272,-0.163468698309992,-0.214738313321509,-0.0432216435139766,-0.0169557220053546,-0.570569156823338,-0.341928787259804,0.195865475264293,0.116783958589447,0.748222695174119,-0.44246934707934,0.398153049857333,-0.541078687018885,-0.431625070030984,-0.103187991192787,-0.151211437532095,0.063349082428531,-0.158005427777072,0.072087197348895,0.0242358418317239,0.15543499392989,-0.764731064638403,-0.268310416937909,-0.293847337685902,0.301203286987239,0.762467752536246,0.149700029229627,-0.34400705122765,-0.336628724611235,-0.198596291124958,0.0464027376669571,-0.301044960905547,-0.284285141566759,0.38317559513645,-0.292681963376902,-0.470392740516259,-0.207434864206412,0.142135594755594,-0.0311517964292155,-0.0470706933010951,-0.252725960675026,-0.0938294478897223,-0.265311988144884,0.0451603735019101,-0.413214557603504,0.890269496527729,0.0659250766331601,0.416401773714702,-0.56922517068096,0.0802100863712619,0.481177126295574,0.338126521306589,0.0085832044987618,-0.102931755901863,0.0784046927764918,-0.264276778574826,0.346447950422628,0.324835764990162,-0.0593067946737581,-0.19131325619161,-0.15946877476625,-0.0541469598069667,0.325224756088799,-0.385625827289906,-0.351553451053736,0.0743577470940004,0.29773752830213,0.275429155769665,0.137114338026837,0.066711740142989,-0.654421599179355,-0.600357469740626,0.0791259924903027,-0.446043172750152,-0.228999608344268,-0.386929156187664,-0.513371968812548,-0.214683939184512,0.126175607252111,-0.232716838184914,-0.238670009647934,-0.191983638742698,0.0545265005850267,-0.0986164686614312,0.751932027818892,0.314953383665127,0.39014491232777,-0.35402763707276,-0.000988002777290706,-0.140343247495423,-0.0424879153774012,0.0699762365661486,-0.0986654285038329,-0.200695679549559,-0.404997911288773,-0.1047000291701,-0.797386630505152,-0.262612201562933,-0.0255973896700023,-0.684722621094642,-0.595983234873814,0.427832929245751,0.188120842720508,0.983934899926581,0.611140902287243,0.211516354873207,0.576035200541342,-0.30148492534346,0.0645165690501651,-0.026325738999417,0.0382653743342736,0.0504879528380105,0.484144196264999,0.479385009438965,0.576495568525984,0.416980098088254,0.272378020249272,0.225290451040332,-0.27341187965519,0.325801315546498,0.251797623894787,0.222280652293056,-0.233624993619203,-0.085829785551405,-0.179195962875313,-0.00837108984809346,-0.328613449614335,0.0897764728542793,-0.328691780873995,0.076737020875308,-0.400945352641522,-0.072890277292328,-0.151014071979708,-0.16267631109407,-0.182722778568197,-0.0766996195330155,0.264160882312619,-0.0124717720946459,0.177182056359214,-0.00914751841390264,NA,0.660977034105542,-0.0657818032711877,-0.196137888794019,0.96435472748423,0.0889710077273609,0.71136133964888,0.977383583649099,0.929082129072396,0.503041233254693,0.898518712068327,0.337959135660567,0.522722723320301,0.408003016781477,-0.0190745535647505,-0.230007912905631,0.362113908946474,0.239341318244251,0.110809035951982,-0.217921127600917,-0.329886203260573,-0.0173008510782907,-0.0224797317188838,-0.126269341064592,-0.172159285542588,-0.0973976530795152,-0.0883964299354879,0.045224913587587,0.263964366243207,0.0101175752119663,-0.181356627549718,-0.197925627115035,-0.168500660497865,0.0550767278871727,0.333541260759903,0.307606993407461,0.557636510510053,0.405299545786402,-0.0118023293598962,0.0841237469969366,0.0300499728366395,-0.190703253415042,-0.236748604991329,-0.415644726284403,0.500108143908855,0.252165569058436,-0.214837064281648,-0.322753979398982,0.380033761694473,0.38504002748967,-0.0474722588510874,0.142482719881393,0.00141159098283121,0.230955555420119,-0.20372672792414,-0.26379787099353,-0.395676601299747,-0.256150611097058,0.0573199096988278,-0.282453043695003
0.67159320460277,-0.016882146987858,-0.310164531798943,0.480329969050792,-0.356587839915022,0.597076825594527,-0.175171796025959,-0.0434313220147902,0.0327811088370064,0.0146336828994705,-0.26799673065471,0.256862361309019,-0.122970682596233,-0.213190933705862,-0.467867135423437,-0.1763332281733,-0.384048620879185,0.165257955619542,0.195504760494741,-0.0806508954123011,-0.0256378599701,-0.225364712037247,-0.0465705584326491,0.0321800852805192,0.464816678427575,0.454535873051591,-0.0369449526244938,-0.0269364640905547,0.320349308190225,-0.166169919444237,0.0570559194841186,0.15608102239811,0.109434812217443,-0.166987328584237,0.157971802225467,0.0896498235287616,0.0997967820389188,0.189095593156864,0.113843601801819,-0.380025393897181,-0.210664376491855,-0.365402172662115,-0.333671660352236,0.536305727072147,0.0952600889645784,-0.0548008364097181,0.237393639327149,-0.0649592628639164,-0.340741002371841,-0.0451087660351365,-0.489386696866725,-0.16413472549867,-0.013269205566976,-0.10769946423053,-0.129519672224057,-0.224846307714448,0.105622941856884,-0.242989893110029,0.12706947169844,-0.0925933576459973,0.262456243718019,0.538025951920129,-0.1577963406434,-0.296377178453465,-0.0642172692488348,-0.0353680965538436,0.197373115122097,0.0589823174890906,0.083062171181428,0.142211770476967,-0.0201307439361015,-0.046452080099825,-0.178820843708684,-0.150664589364458,0.109075535471203,-0.0810678366163352,0.0350970471848655,-0.137007400434852,-0.0579187988184105,0.150458325211272,-0.305415859679834,-0.53746024626886,-0.229873247905746,-0.348693492435756,0.0251551144803779,0.111425116258834,-0.275697606008724,-0.17622528731806,0.124519301726125,0.0145493566957056,-0.553330203683157,-0.309805891232858,-0.0709069463121501,0.416504941763285,0.379095855513855,0.0499854862402084,-0.309895782623134,-0.327752310237868,0.0591661073447424,-0.140623462597063,-0.172517374268123,-0.148027179758027,-0.238005471496128,-0.390422710573208,-0.321059643946621,-0.744360404353627,0.113794985333189,0.248146167477594,-0.173383790183685,-0.51987574451122,-0.262207154922924,-0.380768972380955,0.216056059808279,0.41902091783796,0.284749172245808,0.360835017082948,0.25379030926045,0.245546030343728,-0.00311413192827441,-0.186063494499236,-0.0960301677617413,-0.0763224468576798,-0.154652284720429,0.517890830972985,0.123809734305315,0.509130493516231,0.42948503114028,0.583057204042703,0.104787135116494,0.138627098268878,0.0939928069404121,0.00164625434052162,-0.154111101628198,-0.0386475997728357,0.0261993549649494,0.309077731612813,-0.118024771177814,-0.305641179511689,0.0175342669464858,-0.2348019512903,-0.110103119225557,0.12823999912798,0.151224708082851,0.0478202841521675,0.588781658203642,0.523743692688176,0.187885121758611,0.29862440665911,0.444983136827389,0.508339157248941,0.213802083674998,0.380279264517445,-0.190047154603925,-0.020673728698948,-0.505073293526525,0.149571669901672,0.177104760822433,-0.0510296843781713,0.0663128085648839,-0.0799993315175446,0.296288155329122,0.59237425899207,-0.130441824851243,-0.131213777864021,0.881489375438849,-0.232070710248074,-0.0452400500294945,-0.321329156091782,0.22358530938873,0.421731712288029,-0.0372613749359121,-0.1153842497307,0.313588533940939,0.0698408945646784,-0.454738899243735,-0.174313296310641,-0.00508147482797564,0.0270957329729112,-0.100968193106662,-0.0833201943156785,-0.179529020147368,0.193494067994699,-0.0736460536832976,0.671336884882012,-0.0728134156613898,0.40154692163426,-0.237979435486524,-0.0718332196905425,0.0232156903408407,0.0857713822293676,0.158233900678219,-0.0899636879189952,0.195285197303474,0.347704521342096,0.362161139688178,-0.367461361276013,-0.227977659026744,-0.260808778056516,-0.188403137587293,0.226037769914868,0.0252646777002144,-0.0270856826498264,-0.0915996078117957,-0.224233646773775,0.136573637957174,0.120495784588422,-0.126610638460654,-0.0479300965322797,0.0134757483334029,-0.259824110629369,-0.206950343298659,0.115570875592376,0.295135605136454,0.337909072336989,-0.0893399595987255,-0.0120950371904375,-0.0607191458279968,0.0138963714024563,-0.167693753361169,0.655006098938005,0.229451232819217,0.387422322762383,-0.207004528441328,-0.0437118226754656,0.762837999952268,0.2662968611444,0.216672021735232,-0.15581417136103,0.0929383768376959,0.00517857393965651,0.380138865642314,0.3972144401554,0.303257104125384,-0.0162369856368057,-0.233615533609106,-0.329855568318997,0.258728669053276,-0.0267906991006912,-0.0758055647816469,0.0564495355673487,0.0833982809551294,0.0759451693752249,-0.0257709239975309,0.23130934157265,-0.394753760875251,-0.20446337170492,-0.0837552210420802,-0.106612863050472,0.129180399888355,-0.135469560865472,-0.344283672865797,-0.224074440388604,-0.154185789183366,-0.161948779348275,0.0301159504825791,-0.217302741528998,-0.172423304980158,-0.104794496627843,0.148481305129346,-0.0398069774309626,-0.00148378594661005,-0.50741375059381,-0.281258781633882,0.0681900687756395,-0.309290978431458,0.198620433766347,0.0434497379822586,-0.157075837611769,-0.12204356285956,0.041388985115666,-0.731509584696838,-0.191344399069176,-0.348260283805607,-0.304441738052361,-0.384890749732365,0.417007461460665,-0.0392690147659123,0.614056200624149,0.0981616578810242,0.179284051195473,0.116225552850883,-0.488203647963001,-0.0513445364619884,0.190631399520262,0.0102841342126361,0.228586048998829,0.266028159321673,0.209359843295912,0.514076946968457,0.391046169095844,0.672069325596943,0.256693766151439,0.00136154972699361,0.116555372436234,0.123943004275566,-0.0148314101570813,0.0185480132199746,0.0988138207785806,-0.0730900760661531,-0.0357392846960073,-0.0796270444691493,0.116744294984328,-0.321890752971942,0.105892489968961,-0.230292065071998,-0.115718592277413,-0.227471091451351,-0.0673851681811059,-0.170817357328885,-0.0385636297376726,0.135094046048331,-0.240984854416439,0.0252958378309391,-0.124166243539039,0.660977034105542,NA,0.704005577812751,-0.260625664945346,0.282255216243769,-0.0190675408364156,0.840667481878908,0.53518526013552,0.624526158271309,0.898556848552443,0.73891271151238,0.593165126012574,0.0667965166139514,0.044648729926658,0.0756209976482348,0.0649625068574636,0.243935960698085,0.343374880905963,-0.167623934365431,-0.0173391433447757,0.00117219278104226,0.0311222002906468,-0.130558217730173,-0.207037906581271,-0.086236423809583,-0.0544150349405799,-0.133935613683613,-0.0447804715814627,0.0387707569042544,-0.162024241354536,-0.0128068478572488,-0.125156882787799,-0.252540342577832,0.0189975785536623,0.201730477874019,0.287978130312547,0.406617044743729,0.387695663871213,-0.197998542136384,0.040521590825559,-0.0688181093001406,-0.0358256766326396,-0.285957131055057,-0.303239140739805,0.00925645626992939,0.133149122672151,-0.0622482317216651,-0.19639345785213,0.112162194967532,0.231354037038256,-0.338452369701939,-0.188556536579313,0.0428230777540237,0.188713786014878,0.00714857939131416,0.0237048762728382,-0.233791576568854,-0.381469128420963,0.0397136266171263,-0.28794643884609
0.180002474908595,0.106034962866461,-0.287625567529315,0.941669473957632,-0.349956859081781,0.538665028005613,-0.0925233634748518,0.0722149314687936,-0.0362572248439839,0.157643353707832,-0.394044333455028,0.160887555021973,-0.168384726294703,-0.390847005817152,-0.349609062982624,-0.237668198990538,-0.261378691858415,-0.0801076250428417,0.181739759431772,-0.184987487366841,0.304430401101368,0.055129996673556,0.371819507919298,0.112666394091364,0.552924693426814,0.470263549038768,0.289023248852943,0.269185389090773,0.390551709009955,0.141975432121673,0.0967394917494104,0.365190694307042,0.323406690516267,0.134466452455236,0.340741318926961,0.263143226124326,0.377881421837398,0.241958488396077,0.258641976441943,-0.109346893050128,0.148229188815,-0.168689843276648,0.0161677234982258,0.443871986653927,0.0712139130507274,0.130795535507109,0.381859721448897,0.0523594987709499,0.0235176032562015,0.099240526993588,-0.163858814892472,0.122712267393517,-0.189430238911282,0.123187842056249,-0.0758259807904951,-0.0355307166564864,0.21239254887231,-0.0845784176125532,0.0899600689292983,0.0340269505143127,0.315647758733172,0.383163817582144,0.349364347611832,0.165652445186613,-0.0473231742048735,-0.171004280080473,0.153661300877374,-0.0212056467667839,0.175192856812068,0.0699700297951756,-0.119530338654263,-0.071660773577445,-0.231909069317394,0.147997548256161,0.339840806198977,0.0559792971006979,0.12265088461131,0.218241058989438,0.269863571989869,0.437495194310563,-0.0949970137922536,-0.15750404154389,-0.0758754422674325,-0.0601254610165381,0.0516066236198411,0.109706871577653,-0.105113262194586,-0.10866200553773,0.0571126636597823,0.0880587310592807,-0.274148947580321,-0.215424621555777,0.0892278937646808,0.137025419590256,0.0459000221962993,-0.0636168694269931,-0.260516746228813,-0.329808700122798,0.037825343978461,0.0219730357162147,-0.242231213095971,-0.172185962522564,0.0354640557306963,-0.174021860556444,0.00748910808450463,-0.194524717812804,0.263482371376821,0.673044090234969,0.0892371034546308,-0.360064672714917,0.0829616053541008,0.229478511461632,0.419386838116057,0.113918069855859,0.270587483624372,0.111391482668069,0.138014714029752,0.0944738068353597,-0.0838325740956503,-0.136096454373348,0.0984345036742906,-0.213006230462441,0.144861707594487,0.19975290203109,-0.130341933526484,0.572459456345809,0.126341639989012,0.333998511217822,-0.0312081451032916,-0.263354043613944,0.0872161628307594,0.0452114878476722,-0.139250450401447,0.00166086201677831,0.00563717201877903,0.19427573709158,0.059276286795397,-0.0795501180056891,-0.120471748789958,-0.185456377581964,-0.166914035755776,-0.196820345666706,0.0155046854136046,-0.275018293726786,0.447899480900056,0.469853882118349,0.481155951400591,0.169517217656018,0.635190985879182,0.402039840235295,0.0200774914803952,0.234209138925843,0.0956551885085389,-0.218245260133027,-0.166138522592573,0.101636672106868,0.152217525050797,0.221873774516646,0.12522113140512,0.23258279656976,0.162271488941811,-0.0917914530848949,0.061347638111112,-0.114210643348098,0.653598758782052,-0.202383056941775,-0.0566577984188582,-0.113039845836576,0.313887093265608,0.147942125960679,-0.0754580289729552,-0.306295881268285,0.115518277167846,-0.378653977285359,-0.254187371573164,-0.222962910452363,0.0965363864454791,-0.0517955089193128,-0.278489868346235,0.289587104466046,0.210817906432506,0.247013270310732,-0.0802348620425506,0.308215419555271,0.1271985998642,0.303247519542334,0.141694402747027,0.375135294776707,0.0356015695416921,0.238322239244757,0.267341350838529,0.282079109392897,0.229326370782792,0.405769500901235,0.261494235044795,0.181495159934389,-0.125172578397466,-0.164956093580668,-0.287823697218813,-0.175395356466753,-0.0381469591771891,0.222716296780325,0.0163173842814754,-0.0309737824199857,0.108261475739234,0.277110677598482,-0.0244456183129775,-0.281080278283418,0.135878551257705,0.00135143011577168,-0.245978936112818,-0.0870600214792783,0.291181077453171,0.428600018388525,0.131149785894288,0.0419716850900786,0.00364812374126799,-0.142058125569132,0.116756489430134,0.130279311128955,0.159730543171968,0.219913093960364,0.0532825716275996,-0.10092319353839,0.463713635755185,0.0675794381797753,0.199678645890057,-0.165693064526425,0.000395930787526874,0.247940591544028,0.1416120547268,0.215596435688004,0.394592787730934,0.197517177466476,-0.0604930378297095,-0.233632237136201,0.270654213385375,0.0723053521751942,0.169986002986496,0.162514310068797,0.157277645322533,0.0176167463595574,0.0716243854955213,0.154131312503083,-0.086620441990775,-0.0136139122483883,-0.0575483529110766,0.257506703921603,0.413839188827272,0.365894183629026,-0.0710874538485461,-0.215961536296729,-0.344761631342994,-0.010677986221213,0.163103690859315,-0.104795429480524,-0.343382305078564,-0.141543828250408,-0.291348821589994,-0.143164030910405,-0.201983401911552,-0.377424438191299,-0.288124200287001,0.0140542415968353,-0.417199798872577,0.0946513732956306,-0.0304792516109927,-0.133211773769338,0.0643041873743423,0.079670245534656,-0.145466147900741,0.0724643584872228,-0.23448548030058,0.134748929968211,0.0709613475524651,0.167217947155327,-0.0490793823716887,-0.0412147113408882,-0.33959158745703,0.0481921601609202,-0.202971486085527,-0.2914889475004,0.0658786968400801,0.350064428779054,-0.0915270025434158,0.215207416326969,-0.173364188783912,-0.206729622071219,0.0743411504778643,0.0478518953366755,0.499781972080196,0.0847203862066765,0.146422617774069,-0.29616090455547,-0.207715444876605,-0.187143138236095,0.0668116494117874,0.0625649666592059,-0.0924239095314141,-0.141154948231518,0.311241939258304,-0.0692049726189828,-0.248135738102242,0.0631542366077097,0.00294034766561481,-0.132047810697168,-0.182073313493681,0.0992829024803202,-0.0680745854396827,0.050563451199696,-0.0943389391946724,-0.308861309810299,-0.262731907654632,-0.131307567507361,-0.0657818032711877,0.704005577812751,NA,-0.122593641153692,-0.275244018887807,-0.062017270423917,0.449076993634067,0.0337642727601716,0.0186255676889019,0.722270964386497,0.133689991859168,0.583623052883796,-0.260850871458347,-0.136741720947865,0.0372615586634315,0.484783540155944,0.100005780309728,0.220270556124534,-0.134608573364439,0.155091128597183,0.371735297268135,0.253865855259412,-0.0334452061351315,-0.189019568375803,0.0136373971441739,0.0549251499184748,-0.0588145616911857,-0.260463233524581,-0.363998562373542,-0.217883716291577,-0.00787667642388638,0.0926532890311567,-0.0998346361488927,-0.186381680880123,0.059784776944742,0.227954029265758,0.153252649885386,0.285931857267626,-0.216013260849369,-0.0478144626416499,-0.201792410101389,-0.0530285969646415,-0.260249983519307,-0.129747398321975,-0.237492041825422,0.152830624884782,-0.0275899390619367,0.176517009957423,-0.173903053254192,-0.0925007309942606,-0.341656772047088,-0.260883323124062,0.00167805828502925,-0.0385881113820528,0.0400289005208421,0.0491096652624442,0.0123439774776499,-0.196299801637098,-0.0494735247662422,-0.126271090488217
-0.57609090799579,0.0242241374698175,0.235784590880332,-0.348577789910519,0.313764413424131,-0.211124070319893,0.654570569255951,0.315783827828419,-0.442489581851386,0.034815886462109,0.0512499332194718,0.0443025793999112,-0.0611220429172908,-0.11745418310461,0.322460667850424,-0.25262545713571,0.28937162499704,0.0135135485991936,0.125539601450102,0.0693995193195568,0.224780479070338,0.468274195501139,0.0361539010556814,-0.222184608843447,-0.283662017961544,-0.32997693308458,0.17818143017125,0.327825863960812,-0.03056743924873,0.133550069447773,-0.321167689518874,-0.226822084252781,-0.250266840250721,0.24187724294645,-0.184877581147477,-0.174462211565092,-0.122268376490597,0.028480536650604,-0.0715073719512482,0.231380157797498,0.263015900219895,0.307473586602244,0.215865866248706,-0.632809990200475,0.124486906785214,-0.25470541652222,-0.156819218991686,0.241656060091371,0.460486739028166,0.0457205087650747,0.0514212976153019,0.160567863610112,-0.0857612045708038,0.184372770860588,0.216173238263383,0.236377592231087,-0.147738957598175,0.308243467953018,0.106303888380363,0.294736650119015,0.0367616629319474,-0.16908784642581,0.520069610267956,0.131387535322725,0.0719498874278637,0.276580062016564,-0.00967907278083318,0.111342673702936,-0.00155566508582609,-0.253107145458411,0.104661147454823,0.458014141180462,0.328771503465988,-0.278169828168398,-0.497672747848158,0.310931018612548,0.216203126928769,-0.132519500113203,-0.158816216080189,-0.176419626432114,0.199049874147263,0.61281951892475,0.339496823708229,0.140780962746351,-0.362934050757599,-0.595160969832633,0.195651818399457,-0.12674289354327,-0.114640045219333,0.0445105734174069,0.430871001906818,0.0761485564825169,0.196855925431853,-0.564782966763553,-0.483865443204784,-0.0504217223053929,0.100490028881464,0.182069727972823,0.0181859982465667,-0.296755140419188,0.109869156543307,0.150339833636683,0.200637339256782,0.394505662697203,0.205533479071614,0.556955460994737,-0.311766651809864,-0.123179505823878,-0.256557774078124,0.516206559436273,0.240380048217647,-0.00833566606052004,-0.293610852940858,-0.310093031867279,-0.222339241088404,-0.447046361636574,-0.217358649545912,-0.108642124810646,-0.36874731710986,-0.256447775574156,-0.0658618690128192,-0.000841549846486245,-0.182214348928881,-0.489435068448722,-0.234579104107063,0.114892172014741,-0.180153430667268,-0.126609860492713,0.242613042460999,-0.00680062088918765,0.288997764197135,0.183398779844136,0.0757420599467791,-0.0359305826887189,0.185965408957049,-0.0893107648511156,0.37006481728196,0.263301069859615,0.350466114326599,0.0496185281782643,0.188548627359699,0.0710865718725293,-0.0771884600599471,-0.164150067726584,-0.601302324870362,-0.659407105456869,0.007766213838067,-0.561195857262603,-0.321338328722432,-0.690435770649295,-0.714386537897145,-0.22259749127393,0.711935311710948,-0.256181966789232,0.654710758174229,-0.481806403405954,-0.151666380850225,-0.0563504506457975,0.240540854263857,0.22622792439171,0.0362048683907311,-0.228106246998764,0.0118625249325029,0.121826199575695,-0.408710653694917,0.295303922362215,0.650211779588626,0.216162370522941,-0.152295444949211,-0.307903820037854,-0.058977448457218,0.260100088708157,0.199926036722084,-0.195213034375872,0.2414407424,0.0665833222930046,-0.0365024681486076,-0.101634165592178,0.051820003172375,0.0768388023574202,-0.227709884421589,-0.0718181075208587,0.323955877457616,-0.089434348822033,0.0729083020538897,-0.205519827671056,0.631300607189139,0.196118394529076,0.0811418301643201,-0.267019418740503,-0.396289782248931,-0.140078987014228,-0.457778580790361,-0.358536424625756,-0.255772646820885,0.196786459812568,0.104984834362079,0.381981963094349,-0.093817551347834,0.0674250727974954,-0.227817702520641,-0.223068262158209,0.105194002895624,0.333166596614,-0.290644237670186,-0.363716429279394,0.884639249905129,0.537478199916911,0.0723546434824399,0.0186258062703878,-0.0901519592767023,-0.23595190601799,-0.300743591310206,-0.379772596734749,0.133851294743248,-0.1018680689122,-0.132001541151067,-0.239219823663606,0.498322623084583,-0.0511295074698807,-0.00703995047866835,-0.125275013997323,0.0741568342264282,-0.313105672509098,-0.0915796903748229,-0.153129424558374,-0.0494537145248034,0.246471364513117,0.031519551865777,0.0919658877805752,0.0375978426590884,-0.0211053514122075,-0.125031441163113,-0.121815170377577,0.26907910404766,0.348652146382954,-0.0642006059290938,-0.00152065536814821,0.183346787064002,0.395066313110097,-0.273478755337894,-0.052976895111247,0.203480701008187,-0.242047976389478,0.281371761282158,0.352996879879716,0.495081047873797,0.37238964879014,0.0983573833573142,0.407164295925167,0.129734585318281,0.0887504125074504,-0.0192200595943741,0.281637119916845,0.0506417673251048,0.299791381659639,0.104718098918726,0.0855261990134843,-0.0619981918179324,0.216203156011894,0.0636549780250453,0.37406481048987,0.0935958820600763,0.037508037170524,-0.06534710876053,-0.104084461408556,0.0118704300138406,-0.0987083804035844,0.173013388404372,-0.254146270451484,0.387141462559149,0.625951361714758,0.206613559001225,0.159112751158941,0.327394833037759,-0.356685753962846,0.521209305440877,-0.216401300020602,-0.235512571601637,0.139356504389309,-0.365814786647605,0.142446032766976,0.0607512602440556,0.206414763444745,-0.041205710261372,-0.0568849010337762,-0.144582036603044,-0.274259413094351,-0.070990838322412,-0.301653519062384,-0.191954546717715,0.0544984547368115,0.307155488614448,0.0421536822724742,-0.179577544876222,0.121901867997799,0.229831428267435,0.431832997987631,0.334426884827691,-0.0176974954227306,0.497145420440347,-0.262425679291065,0.0392685115898819,0.0790851779233264,0.195052043878477,0.386952087752923,0.336927838588583,0.327483807834508,0.208083045433624,0.43075322399298,-0.0740381541380497,0.16464043088751,0.212582249614923,0.215153307262625,-0.196137888794019,-0.260625664945346,-0.122593641153692,NA,-0.0019069104333972,0.318817697567272,-0.128383505145058,-0.438338014302379,-0.365951949459171,-0.200492045475136,-0.423853408926118,0.072505471717259,0.322858267832059,0.221377829600882,-0.372669084905007,0.142708169313582,-0.0994785639831117,0.192333410441061,0.133591113010463,0.111805267546507,-0.0261070022435815,-0.0286167111419123,-0.0664386780059227,0.45159365729315,0.345855768186699,0.10387228297253,0.239157621921772,-0.0560370582935593,-0.0705605217202682,-0.289600319999569,0.382125987868947,0.33170124197854,0.101352974029235,0.358251317175447,-0.185065393580536,-0.484372345993441,-0.333652606201605,-0.701278125472261,0.477404014403756,0.318334263918559,0.182755193170296,0.148696414283347,0.518800856854458,0.376429748007865,-0.00432884725837431,-0.323455324564904,0.27809917596429,0.120420026498901,0.0433238216358648,-0.211091063093408,0.313904733501872,-0.0142610304299385,0.0822573394573516,0.247762994170738,0.112822061778027,0.230753803364614,0.0951080953081926,0.338260544575315,0.000949932834721457,0.0405996519993597
0.396185775627783,-0.24961931941322,-0.153166122924883,-0.166115929397158,-0.0249111741588441,0.350846539781821,-0.128972093747844,-0.264079386229045,0.149176508215068,-0.335646605728131,0.0211998025524737,-0.166465050242104,-0.191697010101654,-0.0618251275942708,0.0663187210992211,-0.131910494194073,-0.353472161618659,0.211959573487111,-0.280407974878892,-0.128279218253241,-0.635162118673898,-0.348051545013483,-0.252672449037783,0.160579855314469,0.0946332286942072,0.0150748228609422,-0.685305199742508,-0.410463113232614,-0.0686116818246695,-0.212327592537381,-0.254741269216372,-0.268849513387974,0.0587950142747843,-0.551035759112944,-0.105503628207492,-0.138531387002566,-0.572872778329496,-0.142857787090826,-0.269856410761584,-0.39070525760401,-0.480660176951658,-0.204838022089078,0.04891705242031,0.270858827492902,0.078743647721243,-0.354737074313172,-0.338416614631168,-0.449648751548385,-0.467070520480147,-0.3168488835305,0.0752624461980543,0.166169124811455,0.00288735890277949,-0.125117892251051,-0.0944202658100528,-0.171601599605459,-0.442017992610104,-0.0291024907839592,-0.0402518177244909,-0.0054673524441417,0.0639454839629256,0.197079628163495,-0.385327000791548,-0.481076378880521,-0.0730620235862977,-0.0271792935641867,-0.0962509050346605,-0.0740559676748064,-0.225412400860466,-0.126060420205747,0.0926348673446589,0.0532671159114952,0.0746272662947056,-0.207464894861649,0.0883408932034064,-0.363779547829594,-0.212803791276972,-0.0441286048478583,-0.201985579391898,-0.169952127559448,-0.329291079327293,-0.463263071130753,-0.156131889606093,-0.298667583693692,0.187362578468902,0.239422087780428,-0.0972071021140692,-0.00220089382303279,-0.170320018773823,-0.234862715995013,-0.0323177018886033,0.11914920692127,-0.297083522682542,0.573032311048378,0.575746512195004,0.624347226067957,0.209383672088599,0.167699930275942,-0.0800307359089203,0.0927649898747954,-0.0491445210761857,0.0492885917011636,-0.622097844564615,-0.265535149940429,-0.477898644272833,-0.244874579410125,0.134508447210494,-0.137065967289627,-0.128641839312419,0.134067958040481,-0.565883939871625,-0.486757177107794,-0.0180616339919231,0.467194637108018,0.295203465367773,0.21755155998031,0.133832208021625,0.196710942479588,0.159528293724747,-0.0897096749373305,0.119819633012691,0.503467586765214,-0.00386812116547909,0.253360764339635,0.14441637777341,0.029693867031179,0.186665859403418,0.230381630904193,0.277117618068734,0.263109426187358,-0.0707070373232798,-0.00490273444338431,0.231141195638939,-0.063393717352539,0.134805068311953,0.114747983631868,-0.156039244167462,-0.0760224632513549,0.23713104351881,0.256175991456202,0.32226681263874,0.312856086455137,0.135151389361646,0.214143087405741,0.193951875105321,0.178371398125047,0.183335151988572,0.461841771443562,0.179154459004582,0.157487784299779,0.508321775117477,-0.06572860925709,-0.144220572239307,0.238139498203101,-0.196567458501959,0.189577580103248,0.446570110705307,-0.045908347809233,0.0878694334498645,-0.192439371508468,-0.0237102655846597,0.664590922425907,-0.378592869137349,-0.0105144939421942,0.319274862571583,-0.169836488287524,0.198298718843842,-0.134149220891572,-0.139555760722748,0.55610175271819,-0.312210072022905,0.0296714577420334,0.0721057963616472,0.335530303049162,-0.222938279027748,-0.234142151521266,-0.252832912969347,-0.111565450036936,0.0918528522407698,-0.740288469573838,-0.352504765190234,0.135595429073633,-0.0510542781774516,0.257991280690039,-0.724170271482657,0.071059558151382,-0.482590629276129,-0.588635150501114,-0.0798868457233601,-0.193496980865984,0.00980898540383527,-0.209497013211555,-0.0717754694087117,-0.183447133975055,-0.0256054834035488,-0.703824210730876,-0.176227188439614,-0.0809142692011025,0.374356235418882,1.06875868683415,0.0526929262379492,-0.496713449784822,-0.348871442128158,-0.107539979081522,-0.211818424876521,-0.501184203540699,-0.239755045417161,0.72222953705286,-0.160034528658838,-0.436899321156928,-0.147462187557787,0.117587413616329,-0.169427761046783,-0.174742093100505,-0.299668634638094,-0.0282131789350589,-0.209867085060963,0.168207141976201,-0.26708107018931,0.914605408585897,0.00685559855747045,0.393580484942353,-0.485684803033763,-0.00942327111911416,0.35863242281485,0.146302257125161,-0.0947900391709953,0.0657347072357513,0.0945767198783418,-0.179339877771346,0.323785499050926,0.139947760586486,-0.0978448470354641,-0.232095912860728,-0.0633450123504613,0.176916679904888,0.339221831947049,-0.389912201359044,-0.275132389549096,0.130550315753633,0.203949821024172,0.378004887233528,0.131774196374874,-0.0586527619706862,-0.526391026738798,-0.495618560050152,0.208307526618728,-0.49694004254229,-0.234147753157232,-0.42121534583484,-0.338152399844131,-0.0591303275541559,0.207675656302514,-0.257390651710717,-0.332994852305233,-0.149349821544713,0.100490975395516,0.0555287133618445,0.806355134604173,0.587302890593149,0.636379004432323,0.0017135302209878,0.0821201957603863,-0.149150764163222,0.109870585830761,0.152041076702724,-0.133574366422802,-0.0580946874724114,-0.239020051496149,-0.0304880122231246,-0.52816349693912,-0.187089710319763,0.221056395644776,-0.521387106026915,-0.440513060759646,0.276532886963185,0.521276263672499,0.954501221944472,0.363279663331533,0.202127105394704,0.373379745378789,-0.223311178370313,0.0418129438060823,-0.0190906946353844,0.0402680693354599,0.0835322819767826,0.33558198105242,0.339735222173197,0.563946821420766,0.274374654436515,0.222659341523494,0.222781788957673,-0.11592550813517,0.292029312769262,0.289984256954689,0.359516406692811,-0.0874279644975436,0.0125496722134055,-0.0051308241159038,-0.0527673872697265,-0.288494212088792,0.0318035450108826,-0.109948432931169,0.165627127064718,-0.143494597695195,-0.0935875227124992,-0.0618681021540898,-0.194827906910356,-0.129389116952804,-0.164372444846044,0.101108082690083,-0.0840542687458708,0.274469805214989,-0.118247477059994,0.964354727484229,0.282255216243769,-0.275244018887807,-0.0019069104333972,NA,0.452166939034392,0.602197608860275,0.641325737454421,0.772151458442849,0.161739744056154,0.602784322494616,0.367405722622608,0.900671432017291,0.596514368154574,-0.0935012338836938,-0.210704032449788,0.214787487414046,0.306424410968637,-0.00343973303730484,-0.439134075765755,-0.565288905640724,-0.069297430758241,-0.0551804647573932,0.040833287685839,-0.0202530944617529,0.170074517743776,0.0595710126823298,0.0692309486506361,0.24112775158899,0.0292417490645324,-0.104735165574396,-0.0816428766942825,-0.078355973968334,0.131087916522903,0.685414087249333,0.488795171560705,0.715057021775513,0.391052590963226,0.122231100396893,0.272371865951115,0.11167037795782,-0.0815327397237756,0.122766044769595,-0.0733298320382111,0.793139027255518,0.345980484767306,-0.0956132452883417,-0.055338989029059,0.476805793801194,0.423543265077538,-0.00102613868178643,0.203220408965828,0.136930558905355,0.2870745724047,-0.069267078885306,-0.167856545377804,-0.247924901270898,0.0261619613092083,0.0555244357607029,-0.389702222298311
-0.188041023082257,-0.182192278770682,0.0573681172074265,-0.105711043361797,-0.0845087731707688,0.176892428993878,0.0948366106806506,-0.119317452911592,0.0188313944238937,-0.0838785243255539,-0.130406185452764,-0.261756596923157,-0.281479482777895,-0.170947228856816,0.105926301077464,0.0738849243373143,-0.0513449886218473,-0.098633734013134,-0.0500854951839165,-0.0844688333670072,-0.234238374218242,-0.0222043346523136,-0.0270186304763741,0.33397956541914,0.18902881745822,-0.167617378127346,-0.335578779641775,-0.183495713142686,-0.294645756445789,0.095176681979812,-0.257024143877662,-0.240374771392064,0.0164881311523916,-0.0510902974862435,-0.225198500098749,-0.0616466390133291,-0.197460615641656,-0.199002075174539,-0.146185308778672,-0.212081707421758,-0.213816776764035,0.239378999330329,0.377088987141316,-0.0142862674055239,-0.0338559366163134,0.0129913985441856,-0.0615632111815936,-0.221296417059518,0.0143941580223559,-0.215921341852632,0.35209384820106,0.408881791041944,-0.00261072841207667,-0.0160852001354008,-0.0776515809160936,-0.256300725498612,-0.411505708983708,-0.0516000168708838,-0.192092273252395,0.37965277899037,0.1727413722543,0.0346295283052262,0.231396496177753,-0.0352007341984164,0.0302812083311765,0.0934832336257233,0.016163784554667,0.0200494977576179,0.0814155436821275,-0.0822072434881586,0.0138728128596499,0.162487903667691,0.15436646618437,0.0284819276773035,0.139263447121472,-0.123438691033752,-0.0523806390561025,0.260031539167724,-0.0624676772343682,-0.11634037838564,-0.172429240565875,-0.0483638329239244,-0.204511860694264,0.0713731445682327,0.113036952670222,0.055403874492707,-0.0692913487231055,-0.0316165147654069,-0.217277143997625,0.0326578949551453,0.151622294745908,0.166047001672545,-0.0725748278958829,0.125630261128149,0.0533417619943173,0.519799680821665,0.00671782899786534,0.000743026343040742,-0.151502516266015,-0.0325269701488263,-0.0375389677546868,0.243763830652477,-0.176488604562815,0.0424413004506025,-0.0111403625000005,0.229694482968582,0.26289651461584,0.0766732425077854,-0.0272824351672911,0.304800465353543,-0.108710951523568,0.0325371607041748,0.101113162786452,0.249702849718098,0.0152130021041897,-0.333085086374409,-0.221711661193706,-0.0507480753966914,-0.0538950869477477,-0.219736168916816,0.0690930487786202,0.390496984201971,-0.0793526784245099,-0.0937182719995956,-0.303595768903707,-8.55779877140427e-05,-0.229134684589891,0.0830681206709678,-0.0177705804444639,-0.178511093066565,-0.0406304018709484,0.00831975295470423,0.217348452263431,-0.215251613352234,0.0638843594626891,-0.0866384082142288,-0.0269695502858152,-0.0187805466699568,0.00848297196885852,0.0945058168306036,0.183932467442795,0.199785003614521,-0.244109487411823,-0.239705231937062,-0.100201169607458,-0.0753552548200517,0.0874973671832068,0.165781609791192,0.29403461119248,-0.24534983732001,0.0243924571281011,-0.450989548064159,-0.00328772265373151,-0.14822638096096,0.0944437823078141,0.142721472007742,0.404491526241072,-0.0322844636897448,-0.103216271963733,-0.0350828731564903,-0.00494786316084368,-0.0961571011753954,-0.234200559201002,0.187010540424993,0.131111593766538,-0.160682769728565,0.509564617706191,0.0361928081601154,-0.123127740415316,0.204074978629581,-0.0406157193444851,0.161981055089512,-0.187564975884451,-0.275902465618896,-0.0239130844880288,-0.108154502500679,-0.240927182830115,-0.307665052074784,0.00394707656010885,-0.269598405606409,-0.320181001968903,0.243180237886937,0.0164429888446853,-0.0909297940370481,-0.187194600489806,-0.278469137844431,-0.0837140901754837,-0.272105449121146,-0.138173340343493,-0.0963340511036876,-0.0386250640335633,-0.0558352357168432,-0.243143321557003,-0.303219698526529,-0.244557684317593,-0.228321224998541,0.0156295681625417,-0.0335501581969649,0.164490936575133,0.472701548860018,-0.0633292747278045,-0.211169121290319,-0.245768516263516,0.0920254053759529,-0.315071777196771,-0.348671454885102,0.109341075337935,0.565518872823577,-0.211136365261848,-0.256992737367517,-0.206830498974765,0.0212697750385602,-0.275673085760915,-0.28875226034305,-0.149408305245965,-0.157041594510023,-0.248062342416539,0.14414217024511,0.182898447535955,0.328521056333639,-0.208657646723893,0.21193763490871,-0.192348164282024,0.126246358362614,0.0772810620749772,0.0636521229131851,-0.00366996431153333,-0.0646078237216821,-0.043187002752168,-0.102428740287257,0.165649354100203,-0.0818674777667814,0.188583353163003,-0.0918388599121214,0.177705346669841,0.322429676588643,0.364017941545195,-0.368386931082238,-0.0341607005333789,0.216491658652224,0.11690793879044,0.428468609196256,0.149955338955893,0.015605674223296,-0.182876000126621,-0.110673321760051,0.170100856298342,-0.05185901496174,-0.0237656445928875,-0.114337317992786,-0.180819787297085,-0.0736432519812876,-0.0197133102617671,-0.0952548726510098,0.0292210731546121,0.0181728073074066,0.0261838544103984,-0.0895448759666335,0.248615892855308,0.695808598828916,0.586629747368577,0.217130879000837,-0.0873140958312426,-0.259572106543583,-0.226252204924546,0.0482764465977559,-0.274139574028645,0.0477530394319854,0.102713777416579,-0.180097541541941,-0.0113548500670655,0.177657968876815,0.155073939433402,0.0345415010803203,0.0252374014322519,-0.149605928669863,1.01152178502973,0.30821113741506,-0.295917470327983,0.217169273882271,-0.122925466551735,-0.0813939516445703,0.00235063122317273,0.362315956078749,-0.0207603580415574,0.139342311053762,-0.0720157903843068,-0.166261384552192,0.294848384433206,-0.348133420807316,-0.00719476710188771,-0.172273535957554,0.0255477373708925,-0.0787876056724086,0.0110395818818565,-0.126892065738686,0.121839513137979,-0.0268523838205615,-0.170293505369314,-0.180389343408334,0.132316704258232,-0.301355461585022,0.00580623293557652,0.221896107072564,0.317634742062237,-0.00174880367803903,-0.0333556437198444,-0.132047699537477,-0.0834247990854362,0.065659697719424,-0.0787085627410616,-0.0968976534108443,-0.0967399982815015,-0.147000731536164,0.0889710077273609,-0.0190675408364156,-0.062017270423917,0.318817697567272,0.452166939034393,NA,0.191662000880592,-0.0670189650362111,0.0389996017671731,-0.0445488973584661,0.114009933039148,0.271574850378585,0.504960020625212,0.528065926419047,-0.136566101545162,0.00206507210043851,-0.233962918158286,0.188462901698751,-0.0762017205870893,-0.1282045260446,-0.160098685858644,-0.00288114738768646,-0.00741609228618629,0.192801798860041,0.0812592718666482,0.165141740220465,0.0563766181822973,-0.279185464265842,-0.183054443716183,0.154088571644932,0.104168530751656,0.201000906854924,0.0896936035663663,0.301494268708927,0.265768875454279,0.196874102163943,0.377645061621567,0.0968258404125215,0.238381602673107,0.317144062205152,-0.229335812514921,-0.148669822929547,0.0472000552601774,0.106857295582528,0.397274776605063,0.162735103926485,0.0374666519764129,0.0637859647362432,0.0521093145299175,0.013710384512539,0.308477519677718,0.276301456501202,0.242984760737264,0.204096118694632,-0.118103936149824,-0.0631705090513089,-0.0403378124712206,0.259764433846433,0.0457491804298108,-0.252115934685038
0.624633927953946,-0.319388048084024,-0.378150341201614,0.349970256023868,-0.373875413775584,0.762196579852288,-0.224748049912454,-0.222963256518503,0.0921635964000601,-0.0106932014695683,-0.241665634790766,0.0352769406426384,-0.22822930777621,-0.285030119904465,-0.128954731154598,-0.270457323255243,-0.397913543889057,0.115395316037006,0.0593639419632392,-0.277221130262502,-0.30559475790315,-0.314459757531288,-0.0363899915761793,0.168332260990828,0.505353532599079,0.398517089326926,-0.202150517603266,-0.125637109866636,0.159765267765452,-0.122890334372365,-0.161118968285929,0.021812858341625,0.0792172525320489,-0.345162398134731,0.132024348782842,-0.0490748182643948,-0.226778164987317,-0.0106650424048153,-0.0679955009201766,-0.419775995675761,-0.441710872405015,-0.252822787639434,-0.0526424222931819,0.521298434046602,0.0220416743183638,-0.247509661129357,-0.135088341581805,-0.265706601384242,-0.382287769351654,-0.346417428509621,-0.274084173385661,0.0722372442363242,-0.124348280848741,-0.191221570736618,-0.252169519894994,-0.338676897094741,-0.215473201133304,-0.225727696626383,0.112129475271055,0.0752005068193224,0.244532765959761,0.654622230257,-0.0296509259442121,-0.165386558461318,-0.109561499488794,-0.142809227397406,0.0551003309401175,0.0128481493661659,0.00983139558661454,-0.00755326201672741,0.0905452462603119,0.0940237077245442,-0.0229365333610823,0.0389621881323858,0.320159031804914,-0.148625371913148,-0.0912200685738633,0.0221170148165578,0.141112545952073,0.12944867961712,-0.204207332978902,-0.317622840670049,-0.119606915359387,-0.0841432334970317,0.352057707729076,0.391411029698518,-0.397559043902502,-0.207017290134449,-0.00364768387300453,-0.178558851939758,-0.366421426182429,-0.157264500345273,-0.175461947271333,0.567609445733962,0.53092875865534,0.248071157146751,-0.131796942010107,-0.076658399033217,-0.231647678434579,-0.0250560149646459,-0.154891360734361,0.140380327519937,-0.382322569749777,-0.39131264329494,-0.380979535479943,-0.492390603418805,0.293006606413373,0.220526414389938,-0.0330460496379616,-0.362386073657729,-0.291226326851204,-0.181275392694136,0.250779185281803,0.394723415400766,0.380782144456132,0.426108585068548,0.199225504406679,0.348880553611251,0.0871976137554623,-0.133565653366002,0.00385702666168602,0.0838651088403119,0.100551445330382,0.481744890153615,-0.0248348836988022,0.436745563570217,0.427854491189359,0.393416266915586,0.39213557013789,0.106003038178049,-0.0673360514229824,-0.131987958371598,0.017934520055761,0.0721352636016483,0.162630227554212,0.101333136344871,-0.197312240305005,-0.0652093822697985,-0.00085316600031444,0.114067579525639,0.119954448584133,0.0310317684917995,0.14270552008972,-0.0506327942648125,0.545730598135636,0.501935865786877,0.380984984488234,0.497870038114831,0.527478848730415,0.454894665939038,0.443916901299402,0.120518077230959,-0.0352488710230384,0.00626987319026315,-0.382869537126813,0.246652409502525,0.331852462670896,0.0346036163493296,0.257979742108891,0.0413309018843236,0.20568024244073,0.541172318802897,-0.379369596454314,-0.116712474400635,0.84416312611387,-0.417406302814035,0.223763496020483,-0.0909288905897486,0.139905542879725,0.490354513662527,-0.150976859226089,-0.181984336641541,0.139096520585717,0.0532064558874129,-0.323410700526484,-0.328615516541778,-0.179144652671733,-0.132164826818451,-0.121495375263448,-0.355880624900766,-0.282244596419284,0.232145406953898,-0.0799211455270561,0.458381444952145,-0.512140333238615,0.240651049417066,-0.249912109062405,-0.21061934346164,-0.0189602196952613,-0.109549467654002,0.0724616653263872,0.0422945940433283,0.105555091899743,0.0710213562081971,0.0963558469373289,-0.497638747408374,-0.276998594106113,-0.345149439204126,-0.021366500066278,0.387463449602937,-0.0177814662688749,-0.150470630165063,-0.454652462225092,-0.153531231340241,-0.0662559378658914,-0.147646740490933,-0.0815436915729658,0.22009712122108,-0.069811294026005,-0.395964050115739,-0.388340454588533,-0.01392667492784,-0.0836832040888256,0.0628197795714072,-0.164807237162975,-0.10634190906816,-0.300943080634082,-0.0733967171241754,0.0597354637390362,1.01088914554564,0.33138042580269,0.787374926535645,-0.367060174683812,-0.197586794406277,0.764772724822686,0.20729570712927,0.0552865806831458,-0.147419536413024,0.344485318545627,0.0627414704801967,0.522410173997394,0.216909620092247,0.197356246990545,-0.128085953018552,-0.157165468784751,0.0610130494688247,0.695638310548667,-0.218234247924864,-0.0958825263720024,0.269672524765619,0.450059077394861,0.515772404264923,0.145238553219331,0.0890830567133981,-0.341859323986077,-0.339897079510989,0.118043658394762,-0.0297636909066918,0.288504004479314,0.0911834351582537,-0.536587190978784,-0.373610648266419,0.00783824883935158,-0.186663163647327,-0.23766716218142,-0.294242601940521,-0.0988462008584494,-0.0986561214410751,0.279693018529551,0.29991291321284,0.304842097254929,-0.181041195095755,-0.176130502126267,-0.24666255450771,-0.351092528957556,0.271265818086379,0.033789693951804,-0.0945423165077306,-0.0211574766173297,-0.117893857959133,-0.393439797600446,-0.0324555389281826,0.0311317523136297,-0.224207818095556,-0.0771286871706143,0.728271602149029,0.299340837022704,0.703748908558591,0.108913941795648,0.217261633780499,0.335085636384252,-0.29854406562551,0.179003591335497,0.304779651473889,-0.0101236238881447,0.247335592332908,0.279494286924013,0.13274958882181,0.619494394949866,0.329489854414739,0.656031232420771,0.33557430358857,-0.0865960401224488,0.0666863773770393,0.121478831518345,0.0272386674021342,-0.0530721422396046,-0.0860563582446074,-0.116787722646945,-0.0378851686382448,-0.00855586834219182,0.00341261516700482,-0.142346295359312,0.141173165586451,-0.0818000109018743,-0.0672266880423672,-0.267582151127698,-0.174971142429426,-0.200258251719569,-0.149796642913313,0.0422197536629198,-0.260810062419319,-0.0255462910783718,-0.26803908554884,0.71136133964888,0.840667481878908,0.449076993634067,-0.128383505145058,0.602197608860275,0.191662000880592,NA,0.644707841074412,0.637953834010962,0.81985113902232,0.631638322183734,0.601279582031022,0.4242287445945,0.496941425134314,-0.138708515981269,0.205797322850945,0.325334578148105,0.321115629768519,0.0420635862428515,-0.237860757711456,-0.19918718975897,0.165097293840899,0.0747872822060566,-0.0670114151631875,0.0188919954217962,0.157676649073651,0.139285558224287,-0.242947224412698,-0.0228915249278815,-0.265669689816813,-0.0875684049342242,-0.0335477771931785,-0.0748571738081783,-0.0927792772567129,0.511653260739764,0.500806368176606,0.699605761343635,0.523093044829976,-0.181913009037474,0.0423474374810857,-0.199956125656974,-0.223800638890646,-0.202989931201721,-0.290138706964424,0.198625395067517,0.287803619427367,-0.304757096643385,-0.0812436608243845,0.258657426376108,0.238599341843786,-0.178141839799924,-0.101671806454331,0.11257042603301,0.0917262877631059,-0.272037551332823,-0.206899506559051,-0.209292627374025,-0.342845213475885,0.0155033170086638,-0.220822681390721
0.857607872998597,-0.0838821429135562,-0.237067318497812,0.263366815595974,-0.13636721970499,0.288432875294969,-0.238564223565941,-0.224152043992469,0.206653468592745,0.00273670790856587,0.0443060016689798,-0.0907592212474452,0.0926135793063138,0.20362851410126,-0.0935634540124444,-0.0382427311572733,-0.425755892904745,0.207679027885494,-0.131720218694212,-0.0995953653947912,-0.533162655864522,-0.378278937757961,-0.0938898367732709,0.147768779988536,0.286457802697615,0.325769215420901,-0.44620023293615,-0.203331160980706,0.226985437195883,-0.404897348233409,0.149788697628416,0.0928829985842891,0.297542802221502,-0.394463252833107,0.18628188032622,0.132022243461113,-0.261581749452242,0.0117865179459182,0.0130140540115448,-0.283573395135253,-0.50923136694897,-0.423220293466342,-0.173953886918838,0.724531135297695,0.217428062103107,-0.0521321486679409,0.0234212515702937,-0.259404189060349,-0.587094758745414,-0.24496004378515,-0.338821352492783,-0.218653251838092,0.00220574360489286,-0.192169873931523,-0.397202211316561,-0.288096583775705,-0.154475584792236,-0.184151829231617,0.189898662355902,-0.269085213447454,0.114985436690142,0.302158843749004,-0.59731048463262,-0.322722877563043,-0.108001907618346,-0.135498036606628,-0.122190262626941,-0.196381089544443,-0.109933122183678,-0.00584593782885525,0.10656258301465,-0.102815712301864,0.0649943726983858,-0.0790689997469976,0.319878760594913,-0.531798691391657,-0.214471610994916,-0.0588992910093578,0.102786959747953,0.021965046996376,-0.380495806059236,-0.684997575614441,-0.190189436223057,-0.350057790035283,0.328365945008546,0.458758246957251,-0.315217171601074,-0.0642686537474963,0.0390097984723119,-0.228573410200316,-0.45786637882886,-0.200547321963155,-0.404008009751178,0.532307755291802,0.849892842947938,0.0721275939874659,0.0260927513624695,0.0205179066320281,0.0258949239172138,-0.000846797177122045,-0.22718201683333,0.0838794355229493,-0.488617033730466,-0.463503595983406,-0.717717892507467,-0.640958836533952,0.211405490059937,0.140741592507031,0.0344202268071974,-0.261917754660651,-0.459109697129464,-0.452041512380222,-0.0244666241915316,0.348684308312085,0.188498488395576,0.839382571347766,0.622234966715137,0.417108322157306,0.407915349481588,0.166267599300715,0.0517845081776492,0.0841878502673836,0.0435551778634557,0.438973930205396,0.472625489300155,0.302191174932703,0.505741034048788,0.274404951541946,0.278911154437188,0.413601464193969,-0.110735652748621,-0.119713875277052,-0.0497989634748791,-0.0574611319895552,-0.0427584862312792,0.141479902262538,-0.153090082330594,-0.108819549322985,0.00734743531240514,0.0868211204724336,0.0942281818674109,0.264397734942993,0.316869819088028,0.497149339054455,0.775824882185078,0.746761631095007,0.21035682726059,0.349849166268575,0.319717485262844,0.904970666077094,0.763210919253302,0.483383500211003,-0.378912707375353,0.560031957310066,-0.395430291699406,0.393234987686459,0.223537890540294,0.0110937547347983,0.121203615781876,-0.159917705437841,0.16594509219026,0.718989138596452,-0.288273794039614,-0.176330013850975,0.54742918069794,-0.240614894791769,-0.227157388662728,-0.197283194678401,0.0661762387700567,0.37115377209271,0.058498828702944,-0.0498607227478745,0.030507130464698,0.547306365833228,-0.232956099694733,-0.119729648777198,-0.0791460313223128,0.0401128279567108,-0.0625680406808363,-0.505669170983605,-0.254471437278872,0.185435898084749,-0.094913170907152,0.533961511769985,-0.365439022921101,0.335227708492437,-0.5002867814874,-0.355042646159762,-0.172216317524443,0.091489488726809,0.362263604267108,0.0303652772453454,0.344582830284468,0.25697496659051,0.347202530428628,-0.533316193612698,-0.158307994778169,-0.249009104746435,0.147900686383658,0.439697222041926,0.306663221380237,-0.0187749284678307,-0.32171259555991,-0.237020644247797,0.255897168176595,0.0375870924901506,-0.382798126863264,0.0648501163815768,-0.129049473866127,-0.384173224679297,-0.25467259342321,0.145298035447607,0.0643947596208625,0.206412533528456,-0.0978537172883019,0.158620703999879,-0.0718032611668933,0.0862017341241385,-0.539838400896327,0.525147770796501,0.0977324323587758,0.228032613837827,-0.376062924346567,0.198934874377854,0.401613230107018,0.431594939112733,0.0507329441676089,-0.0359889400726008,0.128369673217346,-0.0279489412009464,0.29155677715469,0.411120095834,-0.0263082357870451,-0.0296591936852969,-0.229529383805136,-0.209345288840534,0.237713399418272,-0.116829850566877,-0.274589024540141,-0.0429075818723508,0.273359784135746,0.226049479720798,-0.0511559411299192,0.0109841860979062,-0.479131740360238,-0.373389103989786,0.00488940965614878,-0.328023467201024,-0.0794515766806962,-0.399953225863908,-0.437811335369498,-0.288732199969301,-0.0779437613097401,-0.437213806375171,-0.298921337388268,-0.236925481083238,-0.213434800755825,-0.0801134683395213,0.50608752944635,0.025259577866027,0.0566792562598075,-0.527442085179785,-0.00518724696822756,-0.0702787019165561,0.0226939122637142,-0.0141647648757683,0.0280666019747821,-0.0595704714450195,-0.153165194778038,0.12458247590249,-0.550834718804593,-0.398196511410398,-0.0927935064780803,-0.273780996976325,-0.458575687692726,0.472942552994947,-0.0451689124354356,0.865296706115516,0.790131435177419,0.129567450391334,0.859418294304447,-0.394153902913418,0.10648707403184,-0.156581000145175,-0.228119863786499,0.291046154692504,0.516147499166844,0.576172271738051,0.431640058868009,0.78187690296238,0.196706104113191,0.398165762426747,-0.156440424376837,0.231315755329102,0.311322092562884,0.318777520376158,-0.274660823417946,-0.156557644670261,-0.0748369828966947,0.0417184946222969,-0.201649376204176,0.262864249426715,-0.214684399847816,-0.0780216241382019,-0.28390884543308,-0.115746741550446,-0.110818379411587,-0.258286139610489,-0.294723471132104,-0.32652780905017,0.188387479799245,-0.0867669762709333,0.159560208197117,-0.166602352495142,0.977383583649098,0.53518526013552,0.0337642727601716,-0.438338014302379,0.641325737454421,-0.0670189650362111,0.644707841074412,NA,1.0104755409697,0.434864641210178,1.00088323651576,0.257411136940053,0.154755100752691,0.18337645153385,-0.078940946878182,-0.100125585151494,0.730849364538572,0.286939140161289,0.21029519635045,-0.277952426989172,-0.338150877320214,-0.000435483854355675,-0.0355993816558273,-0.164781931564315,-0.265431831088728,0.0528966653439342,-0.123840160639847,0.216654736212435,0.451792617226534,0.0549819620242645,-0.236598060417612,-0.296437656050344,-0.245485606767425,-0.137594205476126,0.39965491734063,0.424994939162566,0.529445052992858,0.620468423687227,-0.156474195102118,-0.0482654093809067,0.00873267984126627,-0.0728977174830937,-0.237072452161775,-0.439256846602879,0.231199384493231,0.346985348756672,-0.266420974641098,-0.144385231922169,0.509824786034116,0.413522612930987,-0.130960462145065,0.207144785774456,-0.0167646736427967,0.0715164294011898,-0.240588053629667,-0.169926063767358,-0.307439768916188,-0.220336626349555,-0.165142838384046,-0.122820598200853
0.861640298214212,-0.162765909629454,-0.120798963912446,0.309425590577724,-0.0153446551956631,0.546753404419756,-0.0887094813486788,-0.135248532071778,0.397687374014115,-0.0872845148011223,0.092481975816779,-0.0186460417048095,0.0493076273891696,0.161274028635538,-0.0839455062359423,0.0672620542097352,-0.241241142817948,0.176357367485645,-0.178682524014217,-0.0121306527770093,-0.478761643938468,-0.345694562749103,0.0566009404578432,0.309118207704674,0.423751022082042,0.316037186205784,-0.401338811776961,-0.321448612963623,0.177450852903483,-0.325275066969123,0.129339485145296,0.0841201726361927,0.197866480489455,-0.306822524576858,-0.0320186977307645,0.0181056436360159,-0.321486237214063,-0.0447417211837648,-0.0293431557490802,-0.277979351871967,-0.391943711958468,-0.361697037269256,-0.0641085510297057,0.863970564906051,0.120443741796192,-0.0413523035625858,0.0886353610184918,-0.315810203165582,-0.555348211457536,-0.282141599213572,-0.0829908247117526,-0.0244978793856889,0.105722231229583,-0.249825563524123,-0.123381469514725,-0.162629806880656,-0.118033202047447,-0.230869631484897,0.0014151808464827,-0.211722360405645,0.100134237987508,0.316969714833473,-0.504204369628021,-0.370956378655671,-0.0712269283899898,0.0198309505486399,-0.0674110362350928,0.0230586310863049,0.0072221829082956,0.0684587399998065,-0.015838976247745,-0.207076657543226,0.132027755466341,-0.0136351181532636,0.353802836537085,-0.574099401620935,-0.244359867626287,0.100008767652942,0.0161602659895585,0.0568262548202754,-0.344133758706539,-0.637600259635228,-0.197726246310844,-0.308176094914322,0.261739489404873,0.508666414714651,-0.172308735876838,0.175245066370439,-0.0982423101500012,-0.160737584728639,-0.392827836598272,-0.114818527819965,-0.332734679581945,0.698495709944516,0.850994332042877,0.308012007812507,0.0984973836195184,0.131252667055923,0.161915439950181,0.158581324965466,-0.0316162370898119,-0.00543383747489449,-0.397468472197817,-0.359488459043127,-0.502441379697541,-0.411680686484564,0.2714630852741,0.136336733643144,0.124083543641089,-0.153144042010493,-0.544567011497922,-0.379232789697959,0.145306272075726,0.511226579913463,0.272456993221798,0.537858907401493,0.409588629220464,0.46628559117698,0.465263966155542,0.164133176464593,0.141835967313845,0.407936058819319,0.120567565080749,0.443272065201965,0.388286630169835,0.233735265001616,0.390492792326369,0.343428069381137,0.182489902136319,0.27739531396574,-0.0718916447252557,0.0272503946061469,0.0287513307579363,-0.0616301450549402,-0.0828294885164388,0.246647477797708,-0.0796652113777864,-0.0316846440711058,0.172399024774492,0.0585029711795834,0.204859861899258,0.18099586775345,0.152142701439809,0.356729968796932,0.766627677485394,0.652837710905971,0.357270040256246,0.598023250416039,0.361593377322634,0.782938979525012,0.737964313202993,0.35383351474538,-0.301032387125074,0.406323813332667,-0.404915314159497,0.509422998527549,0.52491377788632,0.0712159827682269,0.0457296613565465,-0.0668028111782613,0.28108650198579,0.727905020922976,-0.281704569808741,0.0172296623112096,0.668753287230865,-0.0667191861922727,-0.0521780847889337,-0.13818894311219,-0.00792302357602605,0.452453582046766,-0.0601685521778117,-0.221016475564115,0.00889846313870257,0.406125285739676,-0.195308981278101,-0.0271790585858447,-0.0628440615861922,0.0422571683615267,0.046327705200493,-0.542849764185663,-0.0594327946361559,0.406117905153042,-0.0425470192867107,0.487439996195617,-0.484088682690354,0.373491108073268,-0.579983588709531,-0.349154720467383,-0.262637161101834,0.107087160690557,0.15805613085374,-0.0990763236890887,0.124023632464358,0.259601644448377,0.215410707758182,-0.572220062694361,-0.0530577702261031,-0.125488630774343,0.140356463354277,0.682201607543179,0.301859851371097,-0.122887054514252,-0.191073150912313,-0.112774342703338,0.096178861587539,0.0535651630220314,-0.443557253082107,0.13007437586725,-0.0525391704552657,-0.308688822358974,-0.0703934341645383,0.267681909143778,0.216361830277702,0.216775168513526,-0.209342419537043,0.110108873723101,0.00563756079169861,0.157934423920834,-0.571315573391029,0.777777892748982,-0.0841583530538722,0.331622461812426,-0.415433972146252,0.176312346734526,0.632036234707567,0.472289660750877,0.213939122588641,-0.0191175900450908,0.0132445538271169,-0.0540007661129503,0.243866810634656,0.360742868068964,0.132153192768068,-0.0702131470402855,-0.189530962171041,-0.131563151797832,0.369333386821961,-0.178548825064426,-0.411258408310363,0.0772029574779642,0.237276516186033,0.355932539440429,-0.190670937990586,0.0649699970199998,-0.640441245881513,-0.393926411037801,-0.0710658113834547,-0.542259102426205,-0.232621579304981,-0.526156289222325,-0.274832368461365,-0.0234273596529284,0.142707825201096,-0.363780468601984,-0.201045228974404,-0.0525427208744161,-0.242405455248681,0.0726059305015068,0.549795781857532,0.210641983757034,0.328741089603762,-0.379838103114088,0.0774610315595177,0.0956648669221911,0.0353016040129092,0.0395342178953217,-0.0870862974481557,0.12655244046967,-0.118919954132659,0.140668847165878,-0.523186915807902,-0.471290861605258,0.0158965031556971,-0.511180303834478,-0.588457680779383,0.415453808759462,0.13392909954017,0.90733675175279,0.545898443636405,0.259088107205416,0.641882418031682,-0.340645970408705,0.00593775149133342,0.0619984748374828,-0.0863088660937349,0.0124463928170945,0.58887441513932,0.599029038389094,0.619801444698821,0.403206612301915,0.350866328672593,0.211943305206734,-0.262581945588694,0.25957964800448,0.179436684197987,0.279227540346972,-0.172657428328782,0.0140860820356795,-0.092446579387059,0.00999405065023247,-0.309523268038284,0.0384224041239766,-0.133096146589335,-0.00298654856982453,-0.413801971835529,-0.287239848712138,-0.0166939605107673,-0.105623231112168,-0.241287800329378,-0.232461704170387,0.141771290839487,-0.242860669155407,0.208015759338784,-0.0337391818141622,0.929082129072396,0.624526158271309,0.0186255676889019,-0.365951949459171,0.772151458442849,0.0389996017671731,0.637953834010962,1.0104755409697,NA,0.314373929610501,1.03436114926829,0.368830171462993,0.352785220285297,0.267177368936852,-0.00894737598544051,-0.0123574403305587,0.352145586271947,0.312218923890968,-0.101331709532674,-0.433427161280308,-0.454641879748331,0.0563508840989227,-0.0410032209657562,-0.0299029243599643,-0.0498826384335034,0.0580292820905045,0.103086580111803,0.123856102829691,0.246758774832543,-0.110040964834409,-0.269119463948548,-0.198842545761452,-0.186110662529831,-0.0943554093726008,0.481605017650512,0.528824299721323,0.493250073491864,0.556277449040314,-0.0641644733651274,0.0782225682449029,0.0742316395977772,-0.0486010070219428,-0.121879005800728,-0.183825334617464,0.155415312983916,0.386589957046704,-0.194237488879986,-0.289027854549079,0.272075745573975,0.469303897859018,-0.267038373733373,0.117095822535852,0.0811913270220773,0.216837947712166,-0.244119489601628,-0.203051724604637,-0.304366886447936,-0.240974316041544,-0.0579752387871114,-0.270780645295428
0.453732368284515,-0.10111326262174,-0.486078676070544,0.493755509266344,-0.439730272324871,0.5792912241281,-0.177014963507496,-0.115272740559935,-0.0770577653929713,0.0617773412906088,-0.323621240029877,0.107793702925191,-0.18115222074951,-0.24546305207451,-0.382108727471183,-0.260507042244033,-0.453423784579444,0.0693467213004949,0.162736766767269,-0.239568769317422,-0.0682426175147551,-0.10777239125479,0.13012301122125,0.0459871904782696,0.53915911160388,0.43012053184361,0.119220063099288,0.161496496886428,0.385868874373911,-0.00112400893511369,-0.152659137903566,0.0807264499546317,0.157835350932069,-0.182565902898933,0.252706745257153,0.0343373391579449,0.072278954136599,0.0747770369823777,0.161091995133278,-0.2756922631635,-0.139018160543646,-0.264732088696346,-0.131977467473185,0.420358580603088,0.0515576970715542,-0.144520799278618,0.0357734820893691,-0.0545080836120617,-0.215638191597359,-0.116186988898119,-0.383171727647986,-0.0789542517859747,-0.253274519072451,-0.254635684767457,-0.182671781793885,-0.246382982318323,-0.0120374280130718,-0.187615660784959,0.124632045490777,0.0568868044005896,0.244498708225503,0.720001308348848,0.0495002619093965,-0.00765322543295323,-0.189657516187747,-0.199446796746664,0.270419821752359,0.00111973757148408,-0.0525264938198938,-0.0044455064545637,0.0155096747399299,0.107630412469657,-0.241156278767954,0.00631275181350159,0.238792517281434,-0.0527049505723022,-0.0890081319243,-0.113392936765576,0.105538196430231,0.228761753599436,-0.272616173464337,-0.307208336422513,-0.018800465754407,-0.0774909647567692,0.187807838438819,0.167115999035753,-0.274336365864351,-0.236442773352008,0.0379583763754935,-0.0614908612840385,-0.471207593863785,-0.300740363318924,-0.129472842162179,0.270303174256368,0.279458518004957,-0.0388669808786084,-0.243143893717589,-0.272699901102209,-0.0950812442294498,-0.140920657525387,-0.346078706911849,-0.0685585578376363,-0.11836621855482,-0.356335483146217,-0.306824578810901,-0.503969709957581,0.232645476657502,0.250556883854554,-0.211060465411187,-0.453548093342084,-0.111995970180376,-0.112869019022214,0.225607980545637,0.240200798544518,0.211349365423983,0.454715385554341,0.414640056173303,0.230241538892563,0.0286344092575259,-0.187621715682877,-0.195041106816109,-0.161745752082884,0.0357000904022717,0.395599136403078,0.109731285698679,0.663204268730279,0.530106035900428,0.319003308913443,0.169429637774922,0.23428501224761,0.0161874495226382,-0.181813774277104,-0.163621800192318,-0.0286178352387227,-0.0491422256930664,0.202691125563622,-0.162029497559435,-0.266597502321352,-0.108364015479004,-0.0253843187328148,-0.149294535676281,0.266533051313218,0.302218085598527,-0.0451550957930921,0.476330227197511,0.454988890646017,0.407672650548451,0.236492075175843,0.473276505080524,0.437240230721784,0.15690623255529,0.316172667602063,-0.0366041687138534,-0.0140248194760635,-0.372199521438334,0.00316412537248161,0.120662358504718,0.0546458069182962,0.318048854118654,0.0515121371298183,0.0490838927052931,0.277642821340433,-0.133466751200133,-0.250389100963926,0.905886298911894,-0.391345337002792,0.0197907764513615,-0.2001354229102,0.28331378493013,0.271419578114166,0.00433113091267493,-0.00916076327356002,0.227879011728604,-0.0938821045673184,-0.497238175700523,-0.333262620898814,-0.0540977687762667,-0.0438853912875981,-0.213056387150619,-0.0304643420529669,0.00112579278976415,0.143285462215157,-0.0812892977019964,0.582585202903412,-0.131119702706979,0.264003613716174,-0.132491582535231,-0.070927146279313,-0.0122890524408869,-0.0173016305136509,0.157352467352027,0.320158839699546,0.226371952618083,0.153717993095584,0.124541255629554,-0.229763042805353,-0.370200904303765,-0.35357976617741,-0.172155413606881,0.0741934683185511,-0.0842007899617524,-0.0537503925510171,-0.197304714129702,-0.259045894249558,0.100918219578741,0.0618766348431391,-0.0229745876363876,-0.00989299681377656,-0.00583234580285851,-0.242164223243191,-0.390275474715368,-0.183146387950963,0.04959604835674,0.192967583605882,-0.0207783198307288,-0.146159648790473,-0.251038849755789,-0.193695112509092,0.0647022820842061,0.513560039889843,0.399369354245218,0.49829503324504,-0.239619521931017,-0.0194563725310534,0.579485061504397,0.136123218334212,0.0232292715737746,-0.163703773647982,0.348800777702014,0.015661491531879,0.393569164736165,0.385535468704962,0.280285119738642,-0.0855721842155285,-0.177527121254325,-0.153450561531857,0.366231211845277,-0.235606986493449,-0.0508202939603743,0.0883848184495707,0.38266806162454,0.174808478160046,0.245263433033186,0.0985869933369897,-0.224629762937734,-0.313721099476971,0.127876328532639,0.154608768364307,0.292599980569735,0.159096531168828,-0.36547094146626,-0.358815122882753,-0.185139372508076,-0.136528926868353,-0.0908831246352812,-0.356553370556512,-0.130394168086892,-0.239674183317042,-0.0235597844816259,0.0498171078158869,0.0657611921495441,-0.304302819933996,-0.243157584432802,-0.137771291381452,-0.328774296803835,0.0977822457864321,0.0963454753101604,-0.262919806803827,-0.138925016647546,-0.0826996770835102,-0.398028599434339,-0.106077268000444,-0.291118873117682,-0.112250504016805,-0.0133750955128847,0.467534794411806,-0.00473371832268435,0.411507601004663,0.00716587935086065,0.153933490215503,0.203892462258502,-0.373029723297343,0.166702890733794,0.252762527028509,0.00801615568609271,0.276235953185587,0.226806780221007,0.049144542256864,0.260305348834169,0.430767627700788,0.689688823926512,0.45389618700622,0.0313043546508645,0.0401886869406189,0.0559165440821847,-0.0244737911749287,-0.239985398608777,-0.0784960017194556,0.00206040321974002,-0.225231347030708,0.200048804864011,0.0944380306574475,-0.452470267003748,0.0952697500738872,-0.0221277289773734,0.00965400840944795,-0.386504309479785,-0.170762732581321,-0.211245376364289,-0.179548285680047,-0.0996804766042855,-0.184199498318766,-0.151908984945024,-0.168463697251802,0.503041233254694,0.898556848552444,0.722270964386497,-0.200492045475136,0.161739744056154,-0.0445488973584661,0.819851139022321,0.434864641210178,0.314373929610501,NA,0.47219564299628,0.430446579683232,0.0683150772943191,0.182924573133253,0.0374181902079079,0.21731833097433,0.36590296619893,0.247353389390057,0.192193335609291,0.150189258524208,0.180204973380691,0.262738241364595,0.153539382318758,-0.209701458233232,-0.0559183362326262,0.00428832173653728,-0.118088066792324,-0.045125236144482,0.00508400362622421,-0.171301858077791,-0.092578009382905,0.0961100040697532,-0.0570199647903255,0.039323247799723,0.275697528255695,0.364064675194263,0.464202331152222,0.43721350100451,-0.104225453663476,-0.022355788440616,-0.117570824980809,-0.0744366065778701,-0.312134403770148,-0.288866423723166,-0.0208970246809973,0.177080474155133,-0.243598153662525,0.00166079853083334,0.124521439013284,0.155916636890522,-0.189926473948712,-0.10456950337541,0.0884788227203132,0.149010653433231,-0.0826627933331888,-0.0170591504831092,-0.198877766803253,-0.422233867267158,-0.0166772685610105,-0.30195116849876
0.717553230657197,-0.0642786342372561,-0.131270272246122,0.312186294870522,-0.227439938850817,0.377646763063245,-0.123528250332034,-0.226005789810777,0.297077342773722,-0.0698522715602177,-0.022132044495432,0.0470864231240321,-0.142584419703634,0.0367804709048588,-0.133585078765851,0.0653824408641519,-0.402780313510846,0.201166664361068,0.0215673747267218,-0.0698839383045315,-0.385121500306718,-0.338669832458146,-0.0271163148714099,0.294658539835667,0.440244977046896,0.426788530286067,-0.334494211254221,-0.132722422914913,0.247288817815926,-0.133072791207247,0.139825480377094,0.0632551080830278,0.228708569347792,-0.213800834393826,0.0627254699671122,0.117154666071663,-0.113082082578885,0.0329990277703994,0.046684074605625,-0.243208610896007,-0.370763640320365,-0.258395630259594,-0.124695271561772,0.814320955519692,0.174276244986471,-0.0167720425044783,0.156498976490894,-0.17240585540169,-0.392607899963056,-0.170712336898755,-0.240801560178618,-0.126056587871804,-0.0121543879768808,-0.150597313884473,-0.324531260903036,-0.323217145846188,-0.129631933526128,-0.301678577687104,0.20707161853566,-0.188408612505837,0.106010206678866,0.202827793140265,-0.392062072907613,-0.343308003335108,-0.166003812485774,0.0444974814480308,0.00461264316793254,0.0277036304095305,-0.0844781158851734,0.0891414791477787,0.0202596619908846,-0.168281214902255,-0.0336561905605601,0.0370097705860263,0.220742775798153,-0.413035096763666,-0.287110544674443,0.144135286008488,0.0252791678406926,0.103379325246745,-0.306471245447406,-0.560650614587958,-0.127214215856574,-0.250287381255247,0.274679382683279,0.411288531011849,-0.382798291980397,-0.0483153485409365,-0.0935809894667315,-0.125259252126135,-0.578916087055527,-0.264226459248205,-0.370930767945012,0.64820455419253,0.670507439883247,0.218295501957624,-0.0548053869870004,0.0187060107096424,-0.038957201087621,0.049316231449059,-0.107757018504856,0.039680478259634,-0.394960842342309,-0.373151429018536,-0.46430556586435,-0.487140686582555,0.233638471806445,0.192399622160632,-0.00339591962753051,-0.171420361971738,-0.329424428539493,-0.370903704810814,0.152604892677831,0.480404478150496,0.26148687001532,0.571443973919744,0.467998962366116,0.384505900190784,0.406020725274602,0.22990668982598,0.0371766102551845,0.295346844679668,0.0332267336090552,0.562004989231276,0.319158035197893,0.328767123923241,0.265632163808944,0.296378239190102,0.0822611383665574,0.304008252651045,-0.0257685162287752,0.00265401938339333,-0.186458149469685,-0.0981151531763662,-0.0128470066406572,0.318478013542687,-0.225080348621213,-0.187082565755877,0.0584920579970854,0.102142674257242,0.271317743437387,0.27465080486044,0.0962761398872697,0.312901098935734,0.758146507920302,0.633778885010559,0.204255142135423,0.400279915577941,0.34106056317109,0.763575536632589,0.622407948535427,0.524200208915537,-0.375697018507099,0.510167338200001,-0.36262342492131,0.472313279089752,0.340843696190883,0.0671623409401735,-0.0567563282677959,-0.108894200516071,0.216101246889304,0.530014440304746,-0.321830110120859,-0.0620437217352145,0.8317107501654,-0.277860499440877,-0.0733148549801966,-0.059410064199834,0.0235119596626127,0.402093959832903,0.0133274435574969,-0.150825302830285,0.0441824694665852,0.232343598476143,-0.268173264496976,-0.164779798541154,-0.140118678926125,-0.0166775198917157,0.064097349685952,-0.342982996232599,-0.198267315057935,0.318304655433421,0.00286231715180893,0.608385459544857,-0.232543392641737,0.353225241401286,-0.464984012758133,-0.309009005248994,-0.282724868430097,0.156429842104666,0.250215967379298,-0.03065768074097,0.192822001350679,0.276248099861347,0.336571687511841,-0.558666683961615,-0.0776608398104185,-0.200068352801325,0.134211971479574,0.48910074534242,0.30960656760413,-0.0102869020536241,-0.136159359029519,-0.242133553993528,0.246257579407276,0.0588254054669526,-0.297314381742132,-0.00356407238139324,-0.270957415640449,-0.37161952956177,-0.264949416377055,0.104442827775361,0.0652809344403422,0.17213789656779,-0.31830888523857,0.0124117600494009,-0.181785744146867,0.130252674084397,-0.454829436119502,0.528977339748972,-0.145842004691377,0.283319804398211,-0.363777201681412,0.1581524346446,0.504758903298086,0.542475653577982,0.152509242834633,-0.148079916214398,-0.0271714329990049,-0.0912086886124798,0.21576801164532,0.36757630013795,0.149324103988285,0.0320951484546671,-0.145673596264891,-0.148182619052785,0.276195867589613,-0.16566653198151,-0.329702328213031,0.103931749732942,0.248392131606012,0.376998022980547,-0.0154343547181331,0.0937240034131468,-0.458662255376058,-0.225702333695286,0.0745875979634711,-0.270675914389769,-0.0450760034713362,-0.497167359687284,-0.494835591092315,-0.330245732849082,-0.155799752878105,-0.516585826931122,-0.194161490061058,-0.236574124430682,-0.375773135328918,-0.193428355548919,0.330340794516353,0.248840986999917,0.220760802475172,-0.588792155083385,0.0277470439325959,-0.0699716117864581,-0.105765934195937,-0.0671148962119988,-0.229837878695139,0.0451278148494939,-0.169916605709494,0.0167327565699847,-0.619768711677248,-0.426099455415739,-0.153190573038988,-0.20884780010381,-0.509123848749114,0.326017846472667,0.167913205288337,1.02482900308009,0.546389634973154,0.281083513706075,0.658889813011314,-0.266007821295953,0.158856500496563,0.0477334594869338,-0.0631140845495554,0.245306602020207,0.597074502263452,0.53473859757851,0.555999555701641,0.386469055760613,0.265237368915995,0.122390341915679,-0.224276721460694,0.21109698355815,0.163881422353608,0.117281963637427,-0.227586769179853,-0.0747385830751664,-0.108795326480227,0.0261864841990838,-0.165522618707362,0.0978723802267345,-0.241744718589559,0.0200712964866019,-0.197029605352028,-0.22613628482072,-0.144430470383313,-0.210228587945256,-0.176900929897961,-0.327601606175561,-0.0114119534723672,-0.195591324362752,-0.0539334246702558,-0.12439338137953,0.898518712068327,0.73891271151238,0.133689991859168,-0.423853408926118,0.602784322494616,0.114009933039148,0.631638322183734,1.00088323651576,1.03436114926829,0.472195642996279,NA,0.343699838697333,0.177184696399788,0.23890832835152,0.0803655364099599,-0.0135286248285046,0.26496927146346,0.245279144232265,-0.057757719070012,-0.173309586551019,-0.11359185492419,0.131919546731423,0.0727319764640821,-0.0456805536276518,-0.0941885823330221,0.0103112930036074,-0.0349884124718625,0.0668410871947366,0.313780793208011,0.0261717971756875,-0.123240347171497,-0.154600366441943,-0.0776503680470989,0.0111811789161533,0.465590324956928,0.53957989692557,0.649601025096691,0.63807477278303,-0.0225270170499474,0.0648200705738209,0.0184689228114536,-0.0250353776276907,-0.137871038623316,-0.239056393637095,0.197752714471471,0.433859656029541,-0.130335690613517,-0.248072899668693,0.317687312807712,0.620955151062808,-0.127796577485067,0.173889910917806,0.141644167584643,0.260003006878074,-0.111668432499623,-0.0180349736640617,-0.167631077435168,-0.139691090896631,0.0893727475251274,-0.247675441821951
0.197835440021673,-0.223321757990494,-0.341177475854068,0.388386616363841,-0.221017841565552,0.624211718708171,0.0150305779924763,-0.181580067659193,0.0609623681382523,-0.145171423275266,-0.315583186084133,-0.0206945061527008,-0.315001761342822,-0.477664429996296,-0.0484198607389723,-0.481151362977898,-0.401078400510703,0.215671652262384,0.087866321349191,-0.401286950739312,-0.168537744963271,-0.0603200199978136,0.1471848963337,0.330171857039415,0.372200442707461,0.290904944623513,-0.104145517053895,0.0361230989262057,0.272928390151559,-0.160122612171026,-0.258818661910322,-0.0645456416760735,0.116041117618689,-0.294934136702518,-0.118912312084376,-0.135157287411966,-0.15001339879103,-0.0738107168907097,-0.092422375800361,-0.306264706749865,-0.122721590946431,-0.204503325672846,0.157930255337839,0.383955407644446,0.136248510286167,-0.224433211685703,-0.000740441705960327,-0.172029869565908,-0.226284594953746,-0.184317276608975,0.0614494668831759,0.361264384650043,-0.17626173074354,-0.0366990705175763,-0.0637721071497237,-0.109198661768051,-0.325516916363665,-0.0663449740429574,0.0241868675857947,0.0479780428565063,0.326238267289445,0.371369196297374,0.0610297216747069,-0.155490439775656,-0.0768202743224671,-0.0804967521088796,0.0338873193310627,-0.173674926608895,-0.0417162728211298,-0.114685438352353,-0.123421148348775,-0.0382926706870908,-0.159528495366272,-0.0857228147871233,0.262992255136463,-0.148341139744864,-0.18818580348753,0.257232544342034,0.155168230049536,0.333754815594339,-0.324541175151627,-0.269556914704231,-0.0048887336473751,-0.0172313619473183,0.132657676016512,0.15856774617041,-0.157799449839713,-0.0446047303315129,-0.138352944455709,-0.345304438121502,-0.226282588547843,-0.0512496420883371,-0.172146825784296,0.397735967623561,0.368338941746737,0.339210638451672,0.037353670065007,0.073855532577633,-0.0994030897126361,0.11810079647086,-0.207366198929156,-0.201799654995956,-0.411064747275289,-0.384203752160101,-0.270008096570228,-0.0940004505666488,0.284218174554458,0.331737669736596,-0.0271184773544021,-0.119849844184932,-0.24979533739693,-0.111054214406729,0.189737700569147,0.236074167672264,0.528374130491447,0.183725435806778,0.0627224396086746,0.131651440454252,-0.0175584793786198,-0.129819846933625,0.436999561396475,0.251096948930131,0.11302770815074,0.191531930483466,-0.106336116081283,0.466364528932659,0.158151911009188,0.202269180027626,0.136609628490184,-0.147653946972653,-0.0215859328624688,-0.00609902349989423,-0.0488033816211023,-0.0189588583940972,0.110402668096559,0.133196178192575,-0.0568240094040642,0.0920933894845162,0.0954867737577753,0.10385043326802,0.284902272054174,-0.0318248301557742,0.0426237472964392,-0.101542840864679,0.263292451260267,0.321326745205255,0.499995024012217,0.286824236593997,0.408091925361848,0.247973261591852,0.19033296193748,0.21824281278874,-0.0363877290775706,-0.0359620395436917,-0.202309016654705,0.298446069999714,0.455581623521785,0.235624225768561,0.216501188267214,-0.0374758156782327,0.0601715887899445,0.222772906006628,-0.441360691910656,-0.220965740792569,0.587841051846557,-0.239047731140668,0.391297512586374,-0.159711374624535,0.103013695447523,0.489525027865236,-0.497885298242279,-0.13348337274651,0.246868292921583,-0.0929268982691027,-0.188080032358651,-0.422324446200202,-0.244459020889557,-0.12961328182984,0.173608768334745,-0.293419134457494,-0.0077623898164878,0.477275548759069,0.144580036850931,0.500365035555314,-0.369573333356426,0.114528606707116,-0.0169683127688025,0.082574716687553,-0.0873685741551995,-0.108643065880747,-0.0849964925356292,0.0456909945563714,-0.197275640469217,0.101006128477893,0.0543918436451415,-0.229823315771392,-0.293206310303752,-0.180515767003207,0.0303851473329693,0.554546497539638,-0.162957707246916,-0.219171802718246,-0.220263839789633,-0.050102500496044,-0.307329501532286,-0.221498223868245,-0.0795622230114023,0.234655088452218,-0.174370588032516,-0.331337937151494,-0.0907826197535949,-0.0614155312822772,0.0541626309913833,-0.0765755334288779,-0.0949648066610514,-0.140714872248691,-0.195320023358987,-0.234223635858178,0.0194446381829745,0.665473423697778,0.148389732534281,0.432611154715988,-0.368463520207311,-0.230650514493683,0.483311805322792,0.0183020499465399,0.0454891162555597,0.0284397066299413,0.0998963708303585,-0.0133719674154064,0.368636189215292,0.0741140950377184,0.0901844433767002,0.00952165257040334,-0.0855067299183828,0.0110721620133674,0.386360669372829,-0.373689792802168,-0.13770771012573,0.298460720696115,0.140882856883757,0.243868630481908,0.192584408765761,0.0299511635335336,-0.375792920680898,-0.290045043887062,0.29033471402288,-0.0027631093429991,0.162208820894698,0.158070394241575,-0.212006340714594,-0.216875732466187,0.00108875927765385,-0.101889844829805,-0.317153019812584,-0.173830437175425,-0.087686735419139,0.111242657731449,0.340978705200358,0.420051924979518,0.323528488413545,-0.0913614679793421,-0.00661991257359013,-0.155858376183286,-0.292743297152201,0.159226039492228,-0.133526285827087,-0.259945479205692,-0.241041836788246,-0.238833135404093,-0.195993595574246,0.025890735107977,0.198740204395736,-0.171785161441766,-0.150952693117567,0.302959486032434,0.357651881288994,0.261498834575589,-0.0436639346095093,0.43808555946427,-0.0156750257117281,-0.362092111055641,0.118585854360403,0.258146867717008,0.0847849812008548,0.230330074300117,0.0941697021546758,-0.00900744981466972,0.395728146680983,0.126486069806915,0.365972963353371,0.0515838773291137,-0.00681941655614629,-0.194969306950071,-0.0344781808246825,0.271333802279202,0.0418491206933674,0.085748702465897,-0.0864384134790331,-0.0973726925788418,0.0710451905343391,-0.18206898299254,-0.190552435004197,0.135099387693496,-0.0892138096861389,0.0843036867391865,0.0049459299608787,0.0148905256580795,0.0350956413574694,-0.0195205558064767,-0.0353201306516412,-0.188862247570098,0.081639877052291,0.115848636271515,0.337959135660567,0.593165126012574,0.583623052883796,0.072505471717259,0.367405722622608,0.271574850378585,0.601279582031022,0.257411136940053,0.368830171462993,0.430446579683232,0.343699838697333,NA,0.497303415058145,0.432416653414501,-0.128951710323474,0.134826580406818,0.134176822450354,0.325312403100408,-0.25811127052749,-0.0821829308091968,-0.0611873003950792,0.269903238645126,0.00846446490701623,0.006637429274952,0.11339857945693,0.0966422595909091,0.111367884325857,-0.119788274962485,-0.161071432686131,-0.154940166093745,-0.0070528818660383,0.114773963848764,0.034426717001537,-0.161796819712246,0.276191614761017,0.22389054683933,0.385924635269347,0.194607296922966,0.00371379565911671,0.120974364594474,-0.263910260801627,-0.24276280182116,-0.100557092974138,-0.183821204668487,0.202604576367566,0.241684655006507,-0.180451722725973,-0.0762201326358699,0.0137805506670317,-0.0605464162981027,-0.172216719177099,-0.17185730317366,0.0169281563830036,0.137597456813215,-0.151663081708504,-0.204518067037806,-0.204086127931069,-0.155587993001558,0.0999814178152276,-0.275263895671285
0.010063721442379,-0.444365300109614,-0.218602293003971,-0.194548676510825,0.0951885181265319,0.403200583707153,0.0559117518889697,-0.188679677788447,0.103140029877737,-0.338255416904965,0.112896509008532,-0.238602818005596,-0.237355280271452,-0.137273747752289,0.374222675129524,-0.204046583195945,-0.105206312073165,0.11856989794489,-0.0424177668084082,-0.124878039613193,-0.487197102972846,-0.109079197401754,-0.068663793515953,0.3769239113821,0.13411851272191,-0.0394842101836139,-0.287016832654997,-0.0843741898902844,0.0281330354579306,-0.142681710974323,-0.493954269171109,-0.335142425990799,-0.13564743135799,-0.510535445788268,-0.342347130301401,-0.354137586175036,-0.556573135782837,-0.317621555833665,-0.365742572418424,-0.264029585291608,-0.370159377867322,-0.0885186195898793,0.360056019675756,0.0396796854355654,-0.0758368085674038,-0.392344518454718,-0.46918734810948,-0.352924432900075,-0.287657693198171,-0.420871707871967,0.340406489939426,0.500962606858438,-0.0158753043703026,-0.195106391798412,0.105882207414304,-0.162503584015914,-0.573151964494026,-0.0164547831952259,-0.0428856517986607,0.1717690703349,0.119671387395912,0.212078356410193,-0.0420200532842756,-0.218444271176703,-0.115268107405303,0.0437164288901078,-0.0854564683082395,-0.0647815156800413,-0.23475457763882,-0.17623212784037,0.157010278708865,0.321450168254462,0.0936689204713934,-0.0802369443871081,0.123370766280582,-0.122483154825928,-0.166973694480189,0.152403646085572,0.00364514977946979,0.0940153441184344,-0.094060060668419,-0.01329699853606,0.21899900310808,0.123376974461894,0.219024929878961,0.162394689962549,-0.031866988577144,0.057206474368545,-0.341400762369877,-0.27427428403883,0.154704606476657,0.2360416174181,-0.194265940818666,0.417362440400314,0.345317338648068,0.731135414456059,0.27396579993945,0.314714428354193,-0.124267608028858,0.266439136071473,-0.0241988131448769,-0.0223299221009295,-0.396418172025299,-0.153407514882457,-0.200653156396775,0.145048225840876,0.210231838214812,-0.104252290425696,-0.0439976901905376,0.290837915909068,-0.3781499149497,-0.156594679239039,0.128330332320893,0.232094077202844,0.359760407379124,0.0289250994656203,-0.00800744001822235,0.163717535398645,0.0584873584189178,-0.171979801579146,0.396215075186532,0.599191013097003,0.049058117915985,0.0320811907309867,0.0112468729097486,0.158748960497194,0.0492032671625844,0.0446508080432653,0.108479875957928,0.0398784232309685,-0.106926023651561,-0.0525778195293638,0.182816642489403,-0.0707872563936677,0.181713448184865,-0.0678579076682923,-0.0283652357523684,0.157337989758302,0.183354527507204,0.360315369251588,0.386648821292261,0.141458599356475,0.0671901230986742,-0.00254876331717247,-0.10021830154274,-0.0696686092809471,0.317393804133421,0.204751285058467,-0.0179280139182361,-0.121942448413245,0.184622556702472,-0.0907962490612569,0.0318124600742773,0.0540993244625256,0.0430077737729407,0.180604566083417,0.573185602331696,0.163466663111975,0.332416701392294,-0.0177776184426507,-0.0420244860210687,0.270126532429232,-0.498504171235223,-0.0223099455731257,0.185902618899539,-0.0679689646156121,0.667761128472558,0.0484441020324463,-0.194324855263354,0.616817510189307,-0.508281764499285,0.112407538060064,0.0537924209504569,0.102301138466279,0.0707681459501909,-0.185189097747011,-0.340287375043461,-0.272529605521238,0.246116146902247,-0.640277412650281,-0.225301854609779,0.390460517673629,0.381008583163299,0.21460337573769,-0.611185962946934,-0.140033600607888,-0.160501515970963,-0.26784374446086,-0.0422724030032523,-0.401394408845199,-0.366493957230846,-0.117494106403475,-0.412507157948825,-0.291144793398579,-0.231486457031173,-0.409207283667069,-0.244184223271172,-0.0323470723684913,0.414577585864903,1.19907732486775,-0.168788621572988,-0.592331896941527,-0.411724411271055,0.0308091654270132,-0.473030108755791,-0.716065220259369,-0.00462827388023664,0.87489540795916,-0.246957491410051,-0.366634801891729,0.0370408258601332,-0.0126042021496298,-0.357808596699884,-0.474384892036047,-0.275011022035129,-0.249823661927366,-0.310507952558334,-0.149295540386579,0.126246086962234,0.943794967785956,0.0721455227778772,0.593597918801445,-0.44696321633711,-0.171555059813107,0.300928177351146,-0.0591149708612062,-0.142846831022274,0.137682713009131,0.201336500576836,-0.155244936216663,0.366856254281265,-0.0731722666987925,-0.177905361580221,-0.120374069149941,0.198834561608226,0.518866150864457,0.491298953476912,-0.636070022704233,-0.350822791855604,0.420628434089715,0.374119875251126,0.49362389178689,0.308725715109992,-0.0597965784356077,-0.237662541929862,-0.397668709255725,0.542531280382573,-0.216515354189887,-0.0970309034468084,-0.00987214623627673,-0.192759976573639,0.0423643575548295,0.476144731353257,-0.0337366433738621,-0.389575746557735,-0.031239974795163,0.365009870535049,0.213558903902974,0.84355191454389,0.97043170075156,1.01637516907828,0.459417398645145,0.204052773761795,-0.152901375558974,0.0301531005105809,0.266241510948642,-0.048981335083648,-0.0749087227620672,-0.276860317818376,-0.389436978187988,-0.0542003738624614,0.0707880869196157,0.570137705976702,-0.295242472662596,-0.0444078613971268,0.227847671958944,0.719924410554737,0.430425935082785,0.0751576818541089,0.438940605921586,0.0654647470475189,0.0571817160432189,0.124445492409952,0.22812049765951,0.240425499720343,0.00993068901495948,0.189360027457934,0.0743368311788689,0.54835102373547,0.00732830501782,0.178799759229553,0.0623205977691008,-0.130443650145795,-0.0186732587081361,0.0476719118152587,0.336227107950765,-0.0142178471657304,0.0333032667347001,-0.048270149923942,-0.175652196915864,-0.0866312470581974,-0.23057613430567,-0.0711760934964912,0.331624588069016,-0.133180179250776,0.163838444277585,0.157176311003456,-0.0219319780161123,-0.0354646905778422,-0.013867782087292,0.0103203788970354,-0.00723517890012225,0.135006920417183,0.111838365559902,0.522722723320301,0.0667965166139514,-0.260850871458347,0.322858267832059,0.900671432017291,0.504960020625212,0.4242287445945,0.154755100752691,0.352785220285297,0.0683150772943191,0.177184696399788,0.497303415058145,NA,1.12875537809955,-0.0636729678897619,-0.110942959101934,-0.0172214343323761,0.198692468856941,-0.109741428425627,-0.167066382149089,-0.310621907421455,0.164815189983583,0.0803791935364177,0.0946367855228109,0.0425877743582957,0.0767066758140555,0.217567803964038,-0.109162173581985,-0.0433785015037997,-0.091693007555332,-0.043379506837382,0.214135369448119,0.183131663307979,0.131856803180873,0.497607684735522,0.286159534322034,0.483102887825108,0.127418676772754,0.180393208823494,0.185065826059376,-0.0781919426154155,-0.248796896932249,0.231066007731458,0.0461437348492353,0.723875866447188,0.278468529986355,-0.122733958093349,-0.136900240464441,0.174859975127381,0.0808610679493236,0.244065155328816,0.178805074431374,0.065546222396729,0.229275426349831,-0.186128567182485,-0.265486960201546,-0.0632428425785259,-0.0354968252477665,-0.000945485204898695,-0.248392376413148
0.0160980888034674,-0.63323465538279,-0.324157478057908,0.0578765638165419,-0.0468711921404794,0.273586579930445,0.0453779759460126,-0.326786141584397,0.0235158315926021,-0.297720983472198,0.0466016551026181,-0.305854277904306,-0.203206475381979,-0.108909764095795,0.469200130849294,-0.205608618676159,-0.157217861434096,0.160956241221132,-0.00111112609062269,-0.150849568043432,-0.644619452351564,-0.105544566991338,0.0102722475865233,0.454959037387769,0.16641421764352,0.164957551818776,-0.251345802477889,-0.0313959054378401,0.158348093879479,-0.201197639055553,-0.629116459296162,-0.281148230082451,-0.135062969331604,-0.513919891476816,-0.397207619761513,-0.463923585277633,-0.582043726524433,-0.42951080311766,-0.346840952148564,-0.168913482908106,-0.463191312091238,-0.085489543088523,0.296176712313899,0.0743544420856716,-0.199963579771727,-0.424596388116155,-0.491606818938608,-0.453925736008397,-0.333220032319119,-0.625193457940275,0.160810197614574,0.300154532897704,-0.227365522428003,-0.339169315513187,-0.215276495920598,-0.442345460248709,-0.864245793550131,-0.294247675501672,-0.0398682860674156,0.185755448405907,0.0763907448808723,0.21906944690219,0.0677429484289127,-0.00461505702315124,-0.290032473944927,-0.13336310300199,-0.155308801703165,-0.160964997440481,-0.183399285364092,-0.284270468288115,0.0499288460063428,0.251233009113698,0.00666299080176946,0.173796721436917,0.318106465606284,-0.206752217773947,-0.382138651107841,0.26652959086573,0.346103785792285,0.28856948076981,-0.117122676347562,0.00775136985466125,0.141262466289935,0.341211649540087,0.493131689883452,0.360159366516196,-0.342573740672568,-0.119159657926224,-0.361447017421729,-0.316912341754074,-0.0605198398405362,-0.0048001806586996,-0.338000557784849,0.254601740807981,0.222739757882501,0.407920342251574,0.203934919347184,0.290830257909978,-0.330066540329877,0.149682288970569,-0.174967243895228,0.0336971245254879,-0.504803354471084,-0.257980709055253,-0.362167255230048,0.0805485232931814,0.345367954774273,-0.115733753213689,0.0223348293939163,0.11799749790042,-0.34813657955655,-0.00496641378312996,0.221535238283287,0.0621989301717044,0.244394481083142,0.0990768063046165,0.0681725353220996,0.305258199055221,0.113369294221759,-0.0131541996762019,0.324018503496925,0.378997055612793,0.116180201582535,-0.0533477217383885,-0.0288961570278259,0.275144361335098,-0.00447805612304279,-0.168204726730227,0.0992030407039557,-0.0459546391696777,-0.265344886179196,-0.244571819184234,0.0780754700144344,-0.0629036759957244,0.0373659837852308,-0.206566630566862,-0.159276720061976,0.143130927987834,-0.0278228339987972,0.542065335210008,0.395079054139773,0.118207422312515,0.0657599964529526,0.0259870099630241,-0.0337166507334749,-0.000361757603727418,0.415414801730201,0.163459062237257,0.039348677116387,-0.0360081191955648,0.16075691069928,-0.0137333745728809,-0.103187232484532,0.146035732657857,-0.0179890066165688,0.273323045204323,0.438003034849229,0.339247856572112,0.187369082334653,-0.109511439136108,-0.115533457683117,0.0880058839352309,-0.768042797050047,-0.178072409426338,0.411266061410417,-0.32652483575205,0.763022701656032,0.208358482621502,-0.261098807611414,0.481545862632622,-0.367581907664811,0.134900627819491,-0.0157560598062179,0.0108203340333833,0.0757494184907055,-0.262960117943655,-0.478030582770358,-0.225577613983777,0.134647159602434,-0.67846345121054,-0.1715938980084,0.501610409929887,0.513822635874939,0.258676184564148,-0.595650179707063,-0.0790233209059572,-0.12429883464969,-0.276837704914377,-0.286110517162906,-0.533818267967948,-0.30256435551486,0.0804981504419514,-0.414830163174697,-0.365035229157367,-0.368952620019206,-0.411660046845848,-0.477664202141026,-0.114998719080598,0.386525552482467,0.725543006980184,-0.280025403103167,-0.58700109442378,-0.459621277777435,0.0374618536270307,-0.495019869821741,-0.576101628234778,-0.0382811242423019,0.634729777018833,-0.393803117319789,-0.51976911433044,-0.15322897654209,-0.206140581226805,-0.531814932302565,-0.566475897350966,-0.273963324741877,-0.418256893790034,-0.53160722107876,-0.167527303773287,0.234837120335916,0.734483089617658,0.122428911727656,0.780845628762578,-0.613931149942084,-0.198977001995452,0.126015390239871,-0.0886379646265085,-0.282656692450201,-0.0681642191842821,0.31086481949285,-0.291939798044048,0.16835342570718,-0.171656410601061,-0.26863724585802,-0.142042000065971,0.0805829576091941,0.680507023867242,0.762773682070328,-0.666610917634925,-0.340673029366718,0.591671645878288,0.677107210283392,0.848657893789145,0.48560294196326,-0.18875546369075,-0.177772251641102,-0.320847921681563,0.554586775775868,-0.0111672655806733,0.125808539849987,0.155375935724481,-0.413558188531801,-0.29763435083982,0.211173101077776,-0.215599827310711,-0.44662296225299,-0.18924043588343,0.0690097061810061,-0.0494887292096788,0.531755736370355,0.872694810443609,0.761848748510388,0.370858941834691,0.172933684448124,-0.424325820667876,-0.169183886045453,0.100339410473295,-0.104121087142964,-0.157997013662167,-0.300698755394786,-0.442193743413965,0.0336978204707892,0.0453210620049729,0.566558839681417,-0.121298854164136,0.189372892346801,0.374840554400493,0.756037414333948,0.326456285164863,0.0868852972618383,0.451729960467391,0.211945137979318,0.0279704849156446,0.377831804514777,0.53242255169115,0.185331617182387,0.0333795992679603,0.214195832221215,0.011272737405206,0.575193056751852,-0.0423033862717777,0.0934183257336987,0.0173396160602034,-0.28106488073191,-0.0691363747625823,-0.0225867711488442,0.162014504947374,-0.0853284668495546,-0.186008948683424,-0.195904965086326,-0.212382379344815,0.0713789717297512,-0.330319349815446,-0.0499189627207847,0.29792748607352,-0.0349547292380344,0.102993307596242,-0.0685755089567392,-0.136803316926901,-0.145185586499548,-0.150091214369438,-0.0497206379246975,-0.00117445601304515,0.085968887900346,-0.0241153388788914,0.408003016781477,0.0446487299266579,-0.136741720947865,0.221377829600882,0.596514368154574,0.528065926419047,0.496941425134314,0.18337645153385,0.267177368936853,0.182924573133253,0.23890832835152,0.432416653414501,1.12875537809955,NA,-0.120799306669675,-0.0964490728078536,0.0534833815615283,0.106226516772434,0.0609900643997962,-0.023798779240611,-0.178921993938996,0.396242562905123,0.24626647075336,0.163963513640355,0.105808672911941,0.250410997469775,0.195450222341353,-0.198128413177083,-0.0930349996051058,-0.0474817245746119,-0.0934626080622671,0.312694567866735,0.307994537416119,0.0476251382939545,0.466818804763437,0.311852583468855,0.495877266068164,0.179709649227403,0.246379919145283,0.187429479082947,-0.289906363250456,-0.41673517947869,0.0147515226009541,-0.153714097787734,0.49037819792761,0.272443337295167,-0.333487136983566,-0.222465789640217,0.0872188320114364,0.0322823556422789,0.416194128770624,0.219185656597872,0.291822786033451,0.25789195250238,-0.342221484535844,-0.357926234598422,-0.127828990131738,-0.18425935669879,0.048445355329906,-0.276118061971788
0.0599130905558055,0.295035171831404,0.0789648404754396,-0.0517474078577155,0.092526508139901,0.0881605728377471,-0.273935928076247,0.19315141961859,0.0308809985194942,-0.042831704426732,0.0914989393262747,-0.0766503728903015,0.266597983314686,0.307636274987626,-0.0495871620656743,0.294157600014364,0.211567677201534,0.0645750673291022,-0.0120694952774014,0.42590607497848,0.170190546781693,-0.0112153579495891,-0.0149347451851533,0.126428428914874,0.0775943072928511,-0.00780650728547153,0.198193472605319,-0.0412557941760198,0.12733263131036,0.230719528074204,0.2733045989262,0.225373997741826,0.260525811070635,0.0613955908050182,0.183549328801018,0.260532135255212,0.31973130769642,0.31579658536842,0.187828655964993,-0.112563365510259,0.0644893274073437,0.0510400955179638,-0.0476551840569672,0.120703412525762,0.0346680073543401,-0.0127686635366089,0.260607131457471,0.036492903495171,0.143070714153999,0.287508098287957,0.0902029034337479,0.0682014217751566,0.114453302022279,0.142819116633082,0.306368422616971,0.247961109888393,0.441336146267191,0.241685568098684,0.0328826589040701,-0.109018356264671,0.178898365850401,0.0160110253338363,-0.0805590093258424,-0.214579503053059,0.131087039135937,0.141903958324217,0.228115298545164,0.176157276904645,0.0841728519317819,0.295233227704748,0.04283586190388,-0.0404566762939638,-0.245901387523222,0.0112871894444625,0.0610466419962806,0.12913103097634,-0.0064822058564856,0.111969026476297,-0.131292647413118,0.173197422507785,0.295994030404591,-0.0501228196295703,0.0854440517519423,0.055418294185854,0.0803946180487423,0.0703116078728408,0.236713762969883,0.188884123717423,0.0710969144981523,0.409199756851615,0.0825320713385281,0.224278289161631,0.190298098805884,0.225407526706696,0.107132687536738,0.0797364006483439,-0.00957279696888759,-0.028952468938125,0.124325388970395,0.362151249450198,0.162521851185032,-0.363973329219139,0.171584465552575,0.0683169518287069,0.153844506325608,-0.109770114832637,0.0691312461807612,-0.00415715617506581,0.0751074442775369,-0.145607974096751,0.0807666047750193,0.111242017942227,0.24587923264315,0.394170261358069,0.241485176380749,-0.0281487114910414,0.084834251527565,0.00237216278944853,0.096135835993164,-0.0123184679509813,0.0498473693415799,0.040531418861007,0.0330726019020338,0.167409164074951,0.114652585128162,-0.0604183846039694,0.0193226377744719,0.101732891254473,-0.319261953559897,0.0975693813724589,0.11593480990552,0.143391742193508,-0.173496328681148,0.216124847679089,-0.0270097802125985,0.173342905310192,0.0880532747953412,0.0626257258883598,0.0315420075301237,-0.224089322700316,-0.0466164051721829,0.126768407137852,0.122115234537826,0.271405791406433,0.0450928684929064,0.0783122520474979,-0.0191525049268539,0.166510616443646,0.054579416163159,0.0553493332767616,0.0778384575616139,0.174399644327465,-0.0342310232825302,-0.0678454422573989,0.0363585519687566,-0.102020169907698,0.0278895508147624,0.139459541926921,-0.00522127835346372,0.176268489912921,0.118813191748977,0.0036726044625968,0.288882994972939,-0.0271054119992022,0.0854022414067386,0.113440526264082,-0.196961790894161,-0.0456954826205835,0.336037188210162,0.157900411430593,-0.0814011105711458,-0.12807840457431,-0.0045887632094215,0.234648414293805,0.216496582108652,0.243068498855436,0.236642083438641,0.0633852588034882,0.275933561885361,0.262274483930172,0.29514263481004,0.126740913644101,-0.0189228466336031,-0.10951296819724,0.14101518093876,-0.0361113340862854,-0.171947098668263,0.0519644856974845,0.312681178358171,0.232089283048765,0.128061467911591,0.0902767908000129,0.174465489059222,0.177917465299339,0.174124728889066,-0.0854901093238962,0.16265381379586,0.0566728148923828,0.13726527222668,-0.0593130687804015,0.257745933990648,0.115048621783264,0.170617740498985,0.0688980384074039,0.168692457208579,-0.0190523512041335,-0.28812876061852,-0.223361379840974,0.0954700345377476,0.257015448278824,0.456399731618468,0.0703408752344465,0.254137302536676,0.344397473324159,0.0053072931552775,0.297523490329265,0.304017041961022,0.258804095945461,-0.142512091230543,-0.0117075413388368,-0.0112875428773469,0.0690752353928697,0.199245143864013,0.0679646858495875,0.113562460038268,0.0632577339082484,0.184261381251594,0.121378008573916,-0.0137858303480488,0.102710547735735,-0.161837465673795,0.0958198194131963,0.124511612625212,0.277922547143875,-0.0267144413229415,-0.161840667946986,0.00747160793617044,0.0470900134469683,-0.0396159311092881,-0.185464234928892,0.0883313414809357,0.055046939806558,0.00270821138056449,0.263700825067067,-0.00542090676317554,0.0614888178333101,-0.00563483704710297,-0.279455099493176,-0.0178422817151888,-0.263422533519828,0.257336194835678,0.285439944408859,0.342776973483277,0.244435074641017,0.362960053013624,0.197853355440263,0.267855257795882,0.344368880866408,0.125498869909061,-0.111784918159233,0.0947653263670103,0.0642812472138813,-0.0300592863063237,0.315135794210994,0.36080937016182,0.367718263871898,0.197179572424904,0.0612773941672188,0.0499634027760819,-0.00599931415398782,-0.114881161761823,-0.0989445913619747,0.0292132103686629,0.0113275011888326,-0.0953304635785408,0.045999157525024,-0.179383873625717,-0.0342159336001301,-0.0412470401453073,-0.16805496940523,-0.0634686708764213,-0.0365738842474135,-0.105261072891677,0.0507899831861164,-0.0848038467735867,0.0975640898243389,-0.0651122722293839,0.0930533056712333,-0.0396921484601396,0.109777557991996,0.0405077565728026,-0.105962365511067,0.1044644588502,0.127743977097359,-0.0538560551193405,-0.104227160499707,0.0903100798678528,0.11035447843801,0.087431145760809,0.0207498843051507,-0.421521046200736,0.0236484853792913,0.00971615198134276,0.346858504516754,-0.264705908748871,-0.131698767249266,0.104989134125875,0.20393204400833,0.0578940503783624,0.138731216023365,0.218813537168087,-0.0126527175454259,-0.138941240329433,-0.00253415174201375,-0.0190745535647505,0.0756209976482348,0.0372615586634315,-0.372669084905007,-0.0935012338836938,-0.136566101545162,-0.138708515981269,-0.0789409468781819,-0.00894737598544051,0.0374181902079079,0.0803655364099599,-0.128951710323474,-0.0636729678897619,-0.120799306669675,NA,0.152251303952367,-0.16229245987173,-0.0790425404488145,-0.0812652260209163,-0.121660445098246,0.031995680211518,-0.084722208406567,-0.0591256644757355,-0.239508470199316,-0.211992486991272,-0.296207819190188,-0.292382594741331,0.0671031285453155,0.0438755315070748,0.152138868798808,-0.132110681874705,0.0527204564793284,-0.0237150196510839,0.0248940361635567,0.135973028258057,0.202158433997428,0.00772085125166373,0.0560891425443194,-0.132390758147517,-0.00529855957808235,0.247640141405453,0.205133875555598,0.145119088486845,0.207060710940533,0.143476817331442,-0.0227745734747984,0.201085387619578,0.0142359308525509,-0.0537465430826135,0.0160023125034289,0.0594436824757014,0.0751137065998309,0.133440565908661,-0.12994918260375,0.214877632076368,0.0965149082659859,0.25228994365389,-0.0795657937695655,-0.0334411905055203,-0.245927148511112
-0.106493874431134,0.248421371564331,0.157185272172799,0.316895244135678,0.0049031037136894,0.279188202162804,-0.00939669751554056,0.368713678862313,0.0413707964893217,0.431755514253732,-0.0142437321882251,-0.086654078582686,0.19837035159329,0.0986087366721928,0.147500301772266,0.123274685091218,0.340478289211323,-0.0713567801132675,0.0460390196701077,0.188835141118176,0.29343081455312,0.415161062887461,0.546323673632471,0.198377829079607,0.526602608531145,-0.0777671008276582,0.627475130164406,0.319489177240242,0.00539566303323966,0.327021883238509,0.272210472049956,0.34243490701433,0.389065960891518,0.582025530322912,0.466339106815691,0.398973398593499,0.43986644876496,0.387374615132051,0.315735650491769,0.110999545303782,0.338727994918863,0.0191967279391887,0.305492309590331,0.255889126089614,0.349354157660329,0.0436761051358317,0.34211262885316,0.117709652620998,0.396900587954343,0.168020755565563,0.0617978665549328,0.269682099517159,-0.0760051958072261,0.428846644734697,0.248464870717569,0.265253301874404,0.290782075197282,0.450730448237289,0.0802002932530661,0.266072540930189,0.166661251135807,0.158135333816895,0.475779156669425,0.342517073937792,0.127453023518122,0.397057343150898,0.354292717785452,0.49858497786951,0.407418104021988,0.162183008284765,0.25902960891775,0.168769108360277,0.208087394798854,0.142718242118143,0.160481957640876,0.243077475623917,0.306047870262455,0.377387986170362,0.133100611749921,0.337132779955587,0.429676051737525,0.340212262603084,0.375094363247485,0.282845527722548,0.0904652299862933,0.0663060385721424,0.111859248720601,0.120856594630682,-0.2698974394531,0.240585469853299,0.00219381882302827,-0.124760690589585,0.0493504748338083,-0.0437595416994561,-0.0985339323308717,-0.070231900785132,-0.155123620825658,-0.0741005349529637,0.0324097955411535,0.0922576399163429,0.233496134297672,0.140007487608856,0.459764307833773,0.369723296379299,0.35494236353318,0.312478205422896,0.246931610648764,0.283287355916753,0.119769837298665,0.0694663579688558,0.547601246011284,0.586032120457078,0.160736001333713,0.098404498378908,0.228417296550716,-0.0724041115298936,0.0885337783169691,0.0250956858302567,-0.0210391853136268,0.0394381550232391,-0.00622015219071274,0.129149529550198,0.34303011217283,-0.0104462398358345,-0.19814903093026,0.355800201251648,0.218190124223474,0.152229600423948,0.222491604587368,-0.0291498915726532,0.347721744625976,0.348707379295918,-0.199646308997661,0.193615570353618,0.116524874609041,0.25732567148655,0.406561945443958,0.501673168169436,0.176854984536746,-0.077831422410989,-0.00225486935505962,-0.0468218053295611,0.0717944481047881,-0.220315353627332,0.282602491562503,0.209829192346553,0.413092226434752,0.134196885767363,0.373634941712792,0.167045693544019,0.00476912957133834,-0.0207828308276289,0.40238422707162,-0.218643676807796,0.152653559571588,-0.0166721145247847,0.161877746063939,0.0812062532184991,0.293640325109468,1.05736210666838,0.399023442393363,-0.340043895995292,0.284249579113266,0.0569108883853689,0.209655718448072,0.140652496620366,0.0718964509926152,0.25261737356843,0.57725280130394,-0.0144666197562619,0.141209344091069,-0.341228443551806,-0.277801624883162,-0.240717501115422,0.332028329455009,0.263079839489886,0.386077393223827,-0.0607584221862499,0.0141526294764468,0.247994544914569,0.311662896420123,0.16797290551844,-0.0684997989090818,-0.0204446792763123,0.250330814222435,-0.13537578548592,0.363081350479746,0.439288268852526,0.0246278258416541,0.477436147343769,0.351711039140442,0.240899164465398,0.291679320493708,0.373306687717053,0.270116612329502,0.364498106184485,0.375037403246337,0.204829041949624,-0.31608472334506,-0.170269590902947,0.350944826393635,0.435347712438884,0.142228988796991,0.118960681786332,0.179546086638141,0.214674822030839,0.331332471821723,-0.195941228028095,0.298288350100856,0.345939191017179,0.0211700144644161,-0.160150740175795,0.0877918959635228,0.325203489024482,0.23768459241154,0.308527450391269,0.226986496617428,-0.0792004842905602,0.29410066438695,-0.0569587641834015,-0.172225121829009,-0.0326503147720806,0.421018037122607,-0.0163191208404176,0.440757583680002,0.211698493448456,0.59018622042043,0.109213905572427,0.0696594141783551,0.71236334233528,0.0298707388021207,0.0942943884048995,0.546729324658025,0.571439948202787,0.347635250539035,-0.00538751566446294,0.380968264549371,0.189984364839759,0.248713450385359,0.261565239323735,0.148703448315244,0.194242223893758,-0.00042844311598671,0.0923529120031665,0.401439311744929,0.43121961539083,0.0180223458163182,0.405046629521357,0.398157246547882,0.303556907360965,0.209027582240189,0.0798306417300275,-0.100292990053169,0.0332834416129397,0.389633850836897,0.297750438532879,-0.276234228858911,0.18213258470111,-0.287476801904128,0.0494917849768394,0.0377948164941659,-0.0210143847938749,-0.133586300312758,0.102080909071374,0.0280403717049383,0.113103954516171,0.0179298077383833,0.307673922261774,0.521722291715003,0.228195259292779,0.330609282455665,0.306638779307033,0.00740985651286751,0.489546257118144,0.389001599027908,-0.0190941727172842,0.209148180503821,-0.0886915286981155,-0.203033107094655,-0.0784138605416864,-0.078062939365873,0.100535719265593,0.0347668411723656,0.327205955604829,-0.212057376968138,0.148824865824778,-0.07260337176764,-0.149263064488386,0.0766896489185199,0.0319553857377675,0.316751310027876,0.137725433127594,0.369618781498423,-0.00734621397640409,-0.0768340216666346,-0.263647866936589,0.118534914565444,0.337462402720389,0.26913361035553,0.159539221753321,0.257283508819259,0.013751682034468,0.139108768575614,0.203289349749361,-0.013335017010569,0.0249812715165742,0.248493160897511,0.447078901927047,-0.0693799213801297,0.107591947055981,-0.272402947242302,-0.106478551073557,-0.157070681313671,0.193634005840067,-0.230007912905631,0.0649625068574636,0.484783540155944,0.142708169313582,-0.210704032449788,0.00206507210043851,0.205797322850945,-0.100125585151494,-0.0123574403305587,0.21731833097433,-0.0135286248285046,0.134826580406818,-0.110942959101934,-0.0964490728078536,0.152251303952367,NA,-0.0337118002015776,0.310980898799021,0.110583367466418,-0.0908040674195606,0.190092167647444,0.228144652026132,0.0858936207092465,0.0985623057867423,0.0993681878092155,0.102143421362867,0.177838275694299,-0.0717147328827424,-0.172914474864049,-0.276520298713509,0.174841967665,0.307613116507243,0.106313226018765,0.0295785576359732,0.245868263227615,0.217114774493607,0.0770824291698513,0.0494166248041315,-0.118154258708546,-0.0429270929847637,0.194783217407679,0.201611536744822,0.272671890677868,0.41719768919807,-0.238007843972123,0.0128311724172284,0.223495230889241,0.28300367400399,0.0428030575313822,0.0647934270171185,-0.230533985831478,0.0455189181153252,0.00479841872404721,-0.125857211772025,0.04031305475951,0.205015629842691,0.441131040293346,0.35568697206952,-0.00718620005598957,-0.126515862445797
0.521809939917232,-0.0490644482401908,-0.133778328345599,0.233357406096643,-0.085929451140758,0.130854451054526,-0.00679993539876839,-0.0446523745346735,-0.00247773937458204,0.186149416556533,0.00454579968897695,0.132712900636843,0.175067153178881,0.0970938024717071,-0.161317364962807,-0.334696565665297,-0.371157322080093,0.226992158684603,0.0358715950166918,-0.137767583612986,-0.103716947113784,-0.0249817160169371,0.0608407679980805,-0.140575245090583,0.047437021326067,0.334981445461954,-0.116944691003755,0.0914150181001579,0.15516802279697,-0.24369321202151,0.0622282074112324,0.069520487606316,0.205063064721515,-0.117556876550415,0.227707080174059,0.109022681077256,-0.125326947651277,0.0840573642412884,0.0368758227161664,-0.118395279794534,-0.202873083427525,-0.0826402845794446,-0.135687282157059,0.258999815100977,0.296877082422755,-0.0478476641131123,0.0680684743560815,-0.0651682513892705,-0.139125417583322,-0.176400760278774,-0.437957384371951,-0.252259048054722,-0.0197768397469615,-0.213473038320503,-0.335917693576695,-0.133294246276088,-0.0175095269908573,-0.044236307324601,0.316907232298992,-0.0594493734746676,0.233712978949077,0.500042817953894,-0.0933193360224459,0.100829084259594,0.119700912727697,-0.117953174351875,0.122035553501235,-0.160160594117257,-0.0523298841537218,0.0302704291943398,0.0945654288155865,-0.109230043304604,0.133006570408788,-0.143481287446006,0.184115636497858,-0.356878912896352,-0.168578868669801,-0.164273396719309,0.175383601597054,0.0760697531033501,-0.156246738483754,-0.324657065578951,-0.0431134958248124,-0.0838911075009771,0.1244223003273,0.0994259534589082,-0.158552834781422,-0.0900177646534316,0.223121822720699,-0.215744721854737,-0.183428044098458,-0.0405221036529891,-0.0265296280479991,0.09586240932263,0.357967854107805,-0.237136903340885,-0.0241283286192632,0.00317879038372127,0.0622537854020029,-0.0907100425387736,-0.0756762079445663,-0.0679578513944164,-0.1256816633445,-0.41412702466522,-0.389361620766804,-0.441233442816801,0.0291981161984909,0.0632189724972561,-0.0384150756664364,-0.247249124926859,-0.200869294931371,-0.142552555576212,-0.0201369333455325,0.192509432306644,-0.0278260249736895,0.53868594098145,0.480265434505158,0.272233163866542,0.191027741389347,0.110024721619054,-0.0560893619875165,-0.181055130451548,0.0417145907355772,0.197520543295482,0.279050423222596,0.260206838214528,0.590828388710243,0.135570678721429,0.57039760820094,0.436644560381307,0.123475173999801,-0.0418816953836558,0.121211800812172,0.145757111992348,-0.0446004160169758,0.299385055242633,-0.0325079851142607,-0.0221079828390194,0.0939258701477234,0.019238469865937,0.092717560807742,0.287010586356167,0.402132425096025,0.498276570255015,0.360678663235051,0.387125026381579,0.200223123300802,0.112586696703481,0.23004893131219,0.483354063961267,0.329367039323808,0.308551348075548,0.0393277578825061,0.304608630612217,-0.111287560555732,-0.00345770188759586,-0.0981263560182546,0.00422692362832071,0.350604102237812,-0.012428704740858,0.0202638327541672,0.452090695315604,-0.132571452834957,-0.199100743374646,0.231984101705419,-0.148387298770638,-0.0556475334009899,-0.259746994433979,0.25150357781747,0.0279571102122664,0.182023219652188,0.199595609551427,0.344532574138357,0.490880345057835,-0.2247253017747,-0.122612235856222,0.0145153456809769,0.420536879506759,0.0683336155377583,-0.102487968440338,-0.0400059952208956,-0.0142330303311889,-0.124959203874966,0.282637220251702,-0.168562927097676,0.31648396141725,0.0876550764291869,-0.0727936787641113,0.0573402635614324,-0.0496054806519311,0.205226277322184,0.101505414991187,0.313631690952513,0.248070068249554,0.267351255050342,-0.234867808517904,-0.107410447164683,-0.211881396445586,0.0274415942829362,0.025644312979661,0.134254645622501,0.0844277978766884,-0.274113610221423,-0.146282545399824,0.188806385615611,0.047203655399856,-0.0574239099705084,0.0890559642490121,0.141860117685018,-0.193320063385319,-0.248807358632656,0.0127009072334953,0.207192527471186,0.249663131509354,0.0914703599448863,0.22819620796216,-0.0395079281045999,-0.0287451918739919,-0.102166456123266,0.24767914713317,0.422588664278347,0.201407779439772,-0.124440081182423,0.0981045990088964,0.127112644056436,0.04148238534136,0.101987331356358,0.156896791927396,0.493158953902513,0.0105207912482935,0.275482624600095,0.462184962808818,-0.0271812577140638,0.00526098592795834,-0.139346755117281,-0.220905944555895,0.0539449439721598,0.0215957975700565,0.00861770156939405,-0.0588025749279148,0.109610641831199,-0.110719443431274,-0.00566721484181606,0.0614428624571767,-0.165521888058483,-0.137363252247696,0.0617587750554382,0.027706534181499,0.0901507909528685,-0.0656140558018327,-0.205779257064991,-0.246576897781026,-0.0291772916166418,-0.0368289164746931,-0.204558063944066,-0.135526950974703,-0.0161460123467801,-0.0107051524671813,0.227254800466695,-0.217663870877742,-0.20914086794549,-0.270433095868354,-0.0397152433512558,-0.0302525183037794,-0.0454764823356919,0.070282434329563,0.282490091119538,-0.102049723870523,-0.0568622773949776,0.234879833233011,-0.219523398978671,-0.137745579832603,-0.105502793289335,-0.0590564138577232,-0.0681975915875715,0.445278321756956,-0.214674471404268,0.211616918743736,0.396695441841713,-0.10765076055525,0.558823329825455,-0.252363594485564,0.142729918786214,-0.0869648277226568,-0.482755442942414,0.228858325059313,0.198502258176915,0.300981432846345,0.000572234750362089,0.778955412036682,0.12814997987404,0.723871382342453,0.0913049109931427,0.165565898954611,0.293366886765644,0.179204353529132,-0.214284544467017,0.00160967555665101,0.296901598759429,0.0257549245492436,0.223626932706909,0.325986583957056,0.0037685448784714,-0.0360669890150699,-0.0243441538918337,0.123678790639224,-0.126193735604055,-0.111780454121176,-0.215837091311408,-0.0662283668274955,0.298194229562013,0.0512625594724935,0.206610614268952,-0.0680659782728993,0.362113908946474,0.243935960698085,0.100005780309728,-0.0994785639831117,0.214787487414046,-0.233962918158286,0.325334578148105,0.730849364538572,0.352145586271948,0.36590296619893,0.26496927146346,0.134176822450354,-0.0172214343323761,0.0534833815615283,-0.16229245987173,-0.0337118002015776,NA,0.444372862981317,0.270256098373014,-0.114669907259191,-0.212535309236091,-0.0651308642307001,-0.188693329828102,-0.205050415152431,-0.214013520332181,-0.135163336636075,-0.133535747043513,0.399061101392746,0.42086641118767,0.0175510224833096,0.0235367063970166,-0.188791151421408,-0.276672387641429,0.0522195234592479,0.178806785526598,0.173429791638956,0.131213663531987,0.216188078484212,-0.0290172510790077,0.0730487751165044,0.013474471881028,-0.0171453486847865,-0.0974416604650313,-0.24541849959692,0.00560561519464275,0.0184625459824495,-0.128685537503996,0.157529241428676,0.491700793806408,0.11256685469432,0.00362924306971803,-0.0540169910432815,-0.0568309747789287,-0.0385463967101884,-0.197663756154522,0.0155651098143756,-0.198475092351242,-0.113361197507635,-0.178399190841555,-0.0392099584403392
0.22861755171769,-0.0414068609477921,-0.215308635595604,0.0900520899529719,0.195588100377004,0.219342463675154,0.167199738817577,0.0569360655708854,-0.0348426809819335,0.154624833524266,-0.0201236975188705,0.199587970439836,0.0465628406841635,-0.123873191326784,0.0790680656874962,-0.25737641161212,-0.171158444808244,0.355410341377314,0.0749104713871575,-0.0815492718031519,-0.0872532556967736,-0.0724418979881443,0.0167114488823205,0.124226265988811,0.27383602522711,0.0462606642987958,-0.0346095593630851,0.140298956896373,0.178053961193808,-0.0654953627230712,-0.0536946763615556,-0.217792892841885,0.0390343765006036,0.0787257212223771,-0.0150443487002556,0.0240336744297478,-0.186638643066852,0.0118096318891823,0.0701067433461982,0.0801769384788954,-0.0313080938843023,-0.064011819726029,-0.0351308982116402,0.141448042952863,0.245568890081597,-0.210043756080065,0.170452276819504,0.0367125632707825,-0.0795788665975266,-0.165060566845873,-0.0612297127621602,0.127657490243335,-0.287561421858689,0.211768757732326,0.0474318709581479,0.147539512866678,-0.0295380319844211,0.089782439833381,-0.0225941116883597,0.202854945309724,0.343433947979838,0.257887152559066,0.141480079712193,-0.0171333506790433,0.222803750594838,0.0768238548489253,0.0932245536643829,-0.121112874387799,0.154834606103225,0.0703205224016261,0.241124086560016,0.0758141518227718,0.362740967917893,-0.037720378730194,0.000172486308015015,-0.01227446149063,-0.170489639866826,0.0491135464162669,-0.119818939543536,0.139017760356029,0.13563667062145,-0.106010563585171,0.282337219974777,0.0742953069390982,0.105681049901937,-0.0653034898598233,0.130142710081349,0.211234638605894,-0.027099239838491,-0.111796156711323,-0.118071330920425,0.022458798915084,0.0564835535607063,0.0287155677513701,0.0663211916347486,0.0106302718554056,0.1682812571759,0.109248753580412,0.112125095189006,0.102693861276972,0.0247288048625402,-0.076933895735077,0.0358512710521847,-0.0271117113147262,-0.117301420411863,0.021215922022564,-0.0871367486379744,0.0234827834613149,-0.0408445751055905,0.149841475863002,0.0350132865297679,-0.0313777439895643,-0.00794613544657223,0.157153997367668,0.228020501341648,0.213225587702807,0.178734723085188,0.157097195934071,0.183419817899169,0.106991759453685,0.0870191443289074,0.162761016554937,-0.0819279827298352,0.166358129829181,0.135711186812184,0.10372768316647,0.171337055821168,0.0461887122275476,0.442052130543949,0.267867080494828,0.380727841025877,0.325411231504905,0.000867338894029185,-0.142633373748913,0.438469833160446,0.503905963847467,0.26607265940932,0.183441258551106,0.471842028660778,0.085376072691565,0.32917466271641,0.149400686086276,0.276187961378002,0.0765081331741343,0.130449145796715,0.107505202715733,0.189178633908888,-0.00980172893242706,0.218053281799647,0.197927637943655,0.0980274938130881,0.194402588562947,0.214739156972132,-0.173230597635307,0.0117633076012137,-0.00703194889703878,0.00161474822033762,-0.193615651660839,0.370311249870201,0.102679159776666,0.331450673332741,0.241336941393459,-0.062067971308153,-0.259036618850734,0.226034520503199,0.0359333217164729,0.196833619659358,0.0462857410591458,0.319284744791637,0.0402607592128975,0.0596207520924339,0.0383173967559052,0.238316630351903,0.12504231915024,-0.0897283431438467,-0.0977896685126351,-0.0738755227040445,0.346789047788019,0.114654349375917,-0.102221559621321,-0.0222996963685085,0.27702874328385,0.103818569051923,0.403210238273419,-0.115173008676192,0.137211674992448,0.142109885848162,-0.0804436628297028,-0.0723877497366785,-0.0449789858554102,0.0436206160400396,-0.159885738593654,-0.0381979731077606,0.264813916253418,0.179943455440065,-0.232913895678527,-0.0443006988320154,0.178130862860971,-0.0637459624566661,0.195816218652116,0.0764812233725182,-0.0719882525044593,-0.0531318234492693,-0.0889589011969436,-0.00211706703017276,0.0455541794280927,0.219753173009756,0.180424336434305,0.167721528439882,-0.131759590853622,0.00413742290842246,-0.277189359643292,0.0706732042211599,0.185059694082821,0.166448524362591,0.0628961288788088,-0.095269856933868,-0.029157857567063,0.226374788373251,0.261781798432632,0.0199198861062879,0.189584582081206,-0.133206773554206,0.220811177538189,0.271370619517731,0.331968390728837,0.353038420884755,0.0586239926688879,0.190116613076077,0.0145926044393051,0.161463493620715,0.206054092195546,0.208476377150619,0.160106727053699,0.190539788598057,0.110227213138091,0.373568799067451,-0.0444825011674154,-0.0760389024249268,0.0810560035118724,0.0424997997599153,0.22525577102584,0.187257270333092,-0.0747504893223529,-0.0806185748602125,0.00846584904519517,0.262564809421277,0.195880057844553,0.389519457252368,0.0436816800961364,0.0264024769429453,-0.00723048274416202,0.030099975287601,-0.00320445972052947,-0.0249317297125174,0.0947050842138212,-0.0279054301766217,0.183813983389913,0.0408156389169159,0.155219028859582,0.073393924628331,-0.148172153135222,0.0770286030963407,0.0445006891331877,0.0931521405621429,0.0647235294013212,0.106179540461293,-0.204945152196598,-0.00181467109634371,0.16871896372149,-0.0495096926662151,0.127884173127354,0.161096947157471,0.0290852554350477,0.0786910728778132,0.0932147312208522,0.240020903719105,0.24936766145946,0.209061460310224,0.00124073414363294,0.303683495634398,-0.270511984663646,0.173791767196288,0.190626577366014,-0.329065699950875,0.229765854326246,0.296512958341992,0.231428588792392,0.089371912084555,0.196401741435867,-0.020631735216514,0.264112908073663,0.245121513726998,0.230320183882637,0.000994489291256545,0.158201108372716,0.0158501648867888,0.329810061648812,0.246466224195891,-0.128857054266867,0.140290685029375,-0.175588109605341,-0.0215898293336861,0.189711190104397,0.0248782509110992,0.221592996939732,0.121178265703116,0.131008992317506,-0.092224204076777,0.0733895521495847,0.00591698741862556,-0.412943023965896,0.38525469980461,0.0621503738910781,0.239341318244251,0.343374880905963,0.220270556124534,0.192333410441061,0.306424410968637,0.188462901698751,0.321115629768519,0.286939140161289,0.312218923890968,0.247353389390057,0.245279144232265,0.325312403100408,0.198692468856942,0.106226516772434,-0.0790425404488145,0.310980898799021,0.444372862981317,NA,0.0705405069229585,-0.0160788015451126,-0.0832782126155884,0.0631541494450386,-0.219719432487587,0.0513571611817617,0.0487334554345509,0.0350741491227036,-0.162687592729504,0.0996537965842249,0.134379053336185,-0.26224881836866,0.166610958327153,0.210759123690133,-0.0452727080321561,0.424515422050335,0.212368258556425,0.0984664923187546,0.106606515575147,0.0701572195760726,0.146961498908129,0.411606939176604,0.326232394613035,0.150913821461302,0.209525072301948,0.0672099176806151,0.0154106591318069,-0.0071064274588797,-0.0350933262758807,0.0337934817192013,0.555967371442665,0.355292537384905,0.0632837370029844,0.087097681549345,0.192808807631995,0.415236295160332,0.047390802849094,0.0572117082095841,0.0799376165792274,0.117542751696742,0.146842487205769,-0.198534341136527
0.00795389516301944,0.0871019160549606,0.0514466772980234,-0.179762707484753,-0.0607800913676187,-0.18679196492741,-0.0285251425944356,0.165159200975566,-0.303370634148719,0.119260327965797,-0.0497011272506624,-0.225703630070768,0.251482194428657,0.222951955955161,0.0940355563717717,0.0676627944890609,-0.0678613297699527,0.0559883161695766,-0.130929694038693,0.0820145114314845,-0.0987902366478406,0.0887995280550249,-0.13889793156361,-0.300743957212228,-0.0798722295205507,-0.282364917379257,0.00391219864725467,0.0911048887942528,-0.0522810204767081,0.0717637836602042,-0.123258288952301,-0.0778476038059365,0.0877378365704765,0.0686248978131279,0.173314907955596,-0.0503222490275393,-0.139062647190774,0.0178456804084718,0.0374760895047948,0.162087320150927,-0.0146143028514699,0.121684694135177,0.0553026609105415,-0.158614833887412,-0.0246514873977545,-0.135165625164334,-0.14435407536004,-0.0251886463499346,0.136336038621336,0.00205040163843853,-0.317501899052763,-0.193933961422886,-0.0300192276910315,-0.000662504424653679,-0.145279329020612,-0.0209508083278941,0.0862913948393354,0.0718540369920301,-0.0960914326539146,-0.0373749234485294,0.0334888903821116,0.0629154484155821,0.0273743638336408,0.0574148334389659,-0.0409076418872269,0.0124476069401165,0.059433788523286,0.0194986664243815,-0.0357672235571982,-0.207443048528693,0.401536363356829,0.327543755808016,0.254213795541328,-0.138814823844431,-0.186880803492637,0.182298174513269,0.0321161056437555,-0.339609426553348,-0.148108905574989,-0.241264862332364,0.103206940670747,0.192464171516594,0.145243472744705,-0.0842041460977072,-0.0548465517074943,-0.151576365250565,-0.141648080961228,-0.220909139026122,-0.0313675753767545,0.0355595168201994,0.161067121532296,-0.0446310518734027,-0.210936755839811,-0.216339801892609,0.00932855431676001,-0.353658924191891,-0.159726114894109,-0.178349375695846,-0.0795234409030646,-0.264218039301799,-0.0423561062653386,0.348481008813973,0.152999259392622,0.144144822089532,-0.073554454010976,0.0137657918935679,-0.296191580748074,-0.179452916362964,-0.200457702804387,0.083672868739747,0.276275854505457,-0.089927062445399,-0.32588586683385,-0.287966266135466,-0.140370778141443,0.147291409240516,0.188806691850571,-0.147918026459064,-0.082425760945936,-0.101897647051899,-0.132905271220923,-0.275382700592082,-0.102550977325593,0.00622788722255855,0.139845718222179,0.193798784913916,0.278526667164405,-0.143002720382294,0.343332905114043,0.333161495436512,0.119374804164486,-0.233450832653825,0.0628328648381993,0.0261945085737742,-0.0358227384970499,-0.130046167228727,0.116851957934427,0.170665858981266,-0.0317881614077873,0.0377569742875035,-0.128657762551909,0.174860963012095,0.315337538458288,0.241190156855146,-0.0472506233231473,-0.0905348241500673,0.0733013647881376,-0.232093850412777,-0.172469616693114,-0.0764261397774946,-0.154680898781064,0.0137817948175182,0.16425422538705,0.0274893513964588,0.343919712951701,-0.233602097062728,-0.302140581916814,-0.30095628476771,0.153253043077437,0.117463786922694,0.0528997802652377,0.0515667751318089,0.0335225060367179,0.0277752307376419,-0.117625138009756,-0.109048628938662,-0.109192613908491,0.102982597075329,-0.0329988568162554,-0.127842581059387,0.353454916417694,0.204298352834395,-0.071290148537992,0.148474236931856,-0.0654443272432981,-0.0193783880307027,0.0697664715873625,0.00352190363519997,-0.336924299192049,0.0377625339106202,-0.131929317815966,-0.341551010027119,-0.0126060695875301,-0.0411271992075693,-0.0807769118706168,-0.0916558260736027,0.0661624077532542,-0.0130005790576411,0.133948085057532,-0.122068102020655,0.125899435128331,0.23103947269437,0.145533577219595,-0.353566690552668,-0.183029988924598,0.0871190057882666,-0.095377445365053,-0.0173504724249239,0.206875905702933,-0.1571628289545,-0.0287288148120931,-0.0350670372053698,-0.147865401285342,-0.0427975228573686,-0.0167183209011632,-0.0230824562473133,0.234918619608935,0.0972030535252014,0.0276966178597067,-0.185652890119661,-0.261011668650737,-0.10285502056005,-0.241116529515194,-0.145019628328073,0.239315830980175,-0.102871653921728,-0.146997777539868,-0.192900380267927,0.179415135072415,-0.064943138623085,0.314734962233544,0.0568801467901448,0.0475667250524052,-0.0319578114575466,-0.0318013682150413,0.123794127920596,0.0316402914216024,0.210318133833866,0.378174802857313,0.215805915762853,0.0953378695606294,0.0638165964573473,0.0363214911881309,-0.0513248508915844,0.0332729281544819,0.000485837893512169,0.000282993702537372,0.0971390945722841,-0.0141602115314886,-0.0161610323054239,0.0760984239130047,-0.0199532961263232,0.0796808076095573,-0.108176263238084,0.212335072691075,0.121167449580454,0.0935195266598226,0.267729284769819,0.202740511155969,0.188735079513521,-0.091058535450633,-0.174979065975613,-0.122360515196627,-0.175103615645936,0.0257529008795486,-0.114117733601748,0.0870404246149917,-0.103152640409703,-0.024022100804509,-0.0877257241382605,-0.0565198337610115,0.00172477290966752,-0.225142218789411,-0.0988731517152083,0.104327315631214,0.117966144851303,0.344154389875066,-0.0422692165312373,0.232144395085566,0.0303286070414364,0.214425252795891,0.251490573056531,-0.107161310543569,0.222504588143217,0.289251947901416,0.0477676362728008,-0.00511201584006993,0.0479604698756384,0.160103395418746,-0.10722724478995,0.249274943093664,-0.137591388010487,0.0587024831474518,-0.113880837853839,-0.139016770209051,-0.0298315651919725,0.090664883382806,-0.0129622253731427,0.0270403683922951,0.312229018892881,-0.112440831212709,0.293908289541555,0.158110370938884,0.185162329223705,0.112612690315375,0.0915110111676653,0.0201578152402409,-0.0699725365888847,0.10557009679942,0.116542538646287,-0.0178169228364357,-0.0513710009496185,-0.0829908095018515,0.0467665196652089,-0.0090577944427871,0.264203396310382,-0.0766896993974973,0.0107269976197948,-0.241383075347386,-0.143231917991901,-0.01597541500434,0.264092312298525,0.133224996671137,0.114390742213587,0.110809035951982,-0.167623934365431,-0.134608573364439,0.133591113010463,-0.00343973303730484,-0.0762017205870893,0.0420635862428515,0.21029519635045,-0.101331709532674,0.192193335609291,-0.057757719070012,-0.25811127052749,-0.109741428425628,0.0609900643997962,-0.0812652260209163,0.110583367466418,0.270256098373014,0.0705405069229585,NA,0.0157934089689701,-0.102030241015476,0.00302772974720793,0.105486781669674,-0.0504972813202115,-0.173515132973122,0.226580105444695,-0.118503340755319,0.128056054854065,0.368072928297929,-0.0210999276277495,0.102225609922048,-0.0146457554251155,-0.138240321157334,0.185161286993779,0.0483713762485346,-0.07731150047743,0.00170300287126238,-0.0517164865581263,0.102582102809371,0.0586615060962428,0.163986914369629,0.117630554973761,0.112446142778539,0.014991386482308,0.0444398915736546,-0.123405351952765,0.0219850536636939,0.042407969819876,0.296075954751899,0.0320799539925282,0.262624608519411,0.222727461198016,0.00937951555250021,-0.0353842434944417,0.0177537972835059,0.0526327895887414,-0.0901110399706551,-0.0873728744394264,-0.236159377781542,-0.0539139794143503
-0.328510574660152,-0.190255859194862,-0.357353144680672,0.183491367217673,-0.0750021698459446,-0.242594202490017,0.163212405117442,-0.15178868710411,-0.232796118461847,-0.134335949213329,0.0720913332160041,0.271311266389548,-0.249551592816407,-0.227532550803702,0.0202691339356732,-0.13558921938015,-0.0777199411841287,-0.163689771382142,0.366203525673812,-0.19181184333589,0.105045679289357,-0.0410926262025545,0.05032821602306,0.0658946495193578,0.0764880663708895,0.180956996427462,0.351775019209975,0.50462030278614,0.244790079991505,-0.0421133969632621,-0.20278867198965,-0.168601693695244,-0.500734077285994,0.0315932065759458,-0.355024630050897,-0.319489883950775,0.165837384842437,-0.365250876262342,-0.0821336623770179,0.246523522078708,0.0819946735482058,0.0892314532904208,-0.0305454425508927,-0.248444704310952,-0.293637189964847,0.117670489609365,-0.0781540310997607,0.304340061768986,0.0155354234409148,-0.0625604788911015,-0.100073222875475,-0.0514947551258101,-0.42295809457414,-0.246914433019535,-0.285521811840697,-0.288593745265539,-0.126098380067947,-0.353773099525094,-0.0761739083942335,-0.0994200682429578,-0.298490946801688,-0.16409203557125,0.354443008279272,0.243750408625331,-0.38365485290849,-0.230513450516618,-0.0948243502192836,-0.226043250436117,-0.268626220954174,-0.33320288478026,-0.0829122696074852,0.0710956245384729,-0.0822172137888748,0.250662139448864,-0.133960980366241,0.265245703790171,-0.180901228593301,-0.0291166669396546,0.300794841621638,0.258285538752072,0.0458594859530052,0.254676299693925,0.341549044683174,0.388288547941839,0.0294372469898665,-0.155060182683867,-0.160045360477084,-0.130708469219795,-0.00686138954201223,-0.173726285734221,-0.0752454489779227,-0.154622797195787,-0.0186573529781474,-0.272623302819407,-0.402544102202865,-0.355322845867916,-0.158482883858037,-0.0484586745330614,-0.289151552360992,-0.0959179261880651,-0.291866990597343,-0.267285894287036,0.115924532360706,-0.13443748838304,0.150761065533479,0.0922804686566868,-0.0800158768592361,-0.0570181492886799,-0.0226830295877382,0.0269712249108391,0.11954861135281,0.158223533586664,0.00046822722902884,-0.507808420045538,-0.11713481821309,0.0186844012810395,0.0159925173775516,0.0119560320489177,-0.0793621702700112,0.0921745607365699,0.0175552520774413,-0.281817484385265,-0.180339434773855,-0.196521315476599,-0.0739154944242508,0.0740787197126952,-0.153887243037181,-0.281489785098158,-0.258854561969635,-0.0871320780180516,-0.0360284645910989,-0.0829598038556742,-0.15106512732686,-0.0769139376480053,0.0592985379482691,-0.0733332317790964,-0.0665771419673944,-0.166340438724114,-0.179944524351118,0.229693358821529,-0.0171001353451514,-0.0481525260143633,-0.095062811743094,-0.247320662057186,-0.211883890921333,-0.26604689659496,-0.0709534616659751,-0.451478240025693,-0.313168350944311,-0.0590847414522767,-0.326275237642162,0.313579033185825,-0.0114995766774794,-0.0258145906040863,0.129576150690021,-0.094063064440381,-0.258937998317529,0.00845946605749959,-0.00361261522225537,-0.118686875749556,-0.205988410176848,-0.385581617464307,-0.127698252901402,-0.314010314528872,-0.0166746472875534,-0.177907785420989,0.0996322757095594,0.141444642306963,-0.0514957876825092,-0.147259724942691,0.00302351865862669,0.239076801598996,0.166667583772777,-0.353511236683421,-0.114386466930045,-0.198779720338323,-0.175998349128846,0.0103545131242215,-0.069685653055658,0.199400413995175,0.0293302223450384,0.0774194293086812,0.402344302183708,0.259075672910537,0.335175899732694,0.177633169395314,0.370325173307728,0.229854979736714,-0.194423060790497,-0.201172195119208,-0.388204250667873,0.123137208378681,-0.379494176860001,-6.09957430387181e-05,-0.183697496645,0.261296914587395,-0.39129689155185,-0.0834595536324327,-0.0423713151129078,-0.241239245212715,-0.366000927696089,0.0770684586579794,0.0729498278260067,-0.317498683070181,0.0447170827438602,0.157084263933125,0.268587926661871,-0.110151529157824,-0.318840006230542,-0.130906345437612,-0.258621349618775,-0.444633967262822,-0.433903763375036,-0.129400172847961,-0.283146617548198,-0.522057537378525,-0.358911504451739,-0.264128888613868,0.356840913400424,-0.330440136609852,-0.0228125437288425,-0.120008161118199,-0.0841891160195343,0.0675317281838488,-0.30237272257793,-0.0682203674119267,-0.196355760650851,-0.335534601355612,-0.201688959539664,-0.276872180425895,-0.172647951478022,-0.270026432944811,-0.215644918551368,-0.0838444835982333,0.0224661424931706,0.104926192632762,-0.155756293274959,-0.0999741050963736,-0.179963031623735,0.0380393674940136,0.08837909752402,-0.00550277908506785,0.305463148413268,-0.203459014274405,0.350878536707871,0.0705931104448363,0.299626709912166,0.636246817877203,0.348230862091947,0.338425043102378,-0.157354684409217,-0.272933870332013,-0.317747010788251,-0.0905659186102124,-0.183631344734423,-0.26073832219771,-0.0512658618793788,-0.288543242615833,-0.333904582075661,-0.0120278238034462,-0.252841676200002,-0.115286932203903,0.0648858593359144,-0.290822390656134,-0.218599671515938,-0.27823008250138,-0.217148244732355,-0.314908858713817,-0.329882660367395,-0.37152931729201,0.16555919102463,0.0743425098262116,-0.121918938610444,0.276330803285599,0.237431269974026,-0.282733690424126,-0.085652324946841,-0.271193290975844,-0.0824116922619973,0.066321653288139,-0.239129102784544,0.18043775535548,0.228208463084289,0.14550434177954,0.337516787169093,-0.137159487878674,-0.0699874848646372,-0.202151953062694,-0.0974614970556631,-0.178410075819992,-0.187933249762404,-0.160922181390541,0.0471646598279112,-0.180786945847355,-0.11893451916498,0.00626629005051951,-0.219205672393095,-0.17205328038284,-0.122848250936601,-0.182091700362702,0.391282790299909,-0.162207282890602,-0.103746488105863,-0.164930075031161,0.257862627880752,0.097887856219707,-0.117421776678328,-0.1450210867637,0.0977518770854684,-0.09921812766326,-0.352172822784966,-0.235700767928191,-0.145916976851942,-0.0499826966615625,-0.217921127600917,-0.0173391433447757,0.155091128597183,0.111805267546507,-0.439134075765755,-0.1282045260446,-0.237860757711456,-0.277952426989172,-0.433427161280309,0.150189258524208,-0.173309586551019,-0.0821829308091968,-0.167066382149089,-0.023798779240611,-0.121660445098246,-0.0908040674195606,-0.114669907259191,-0.0160788015451126,0.0157934089689701,NA,1.06958542731888,0.659320151309246,0.45673740978493,0.116868523297297,0.0528366996742478,0.0599614838394572,-0.0928877106659639,-0.150841895004512,-0.262855558544796,0.0551497897270366,0.0603696309741984,0.35838279570757,0.429322777965473,0.193436434040736,-0.24973879040613,-0.231813453232627,-0.0897556638155978,-0.0474774997538522,0.206831139868852,0.00702313950228141,-0.0956479631035602,-0.12126082198723,-0.157838861822976,-0.129117317786038,-0.141341472974054,-0.0369524551137035,-0.153724329961699,-0.0610443890662688,-0.112061508816101,0.105277792373008,0.285187745788996,0.222673317554939,0.169891354980905,0.218979614580924,-0.0833724337160068,-0.0250925943198916,0.202295644347995,-0.0601003058695301,0.170095142110661,0.366061133549516
-0.277564685854447,-0.0483612167713406,-0.265387101983408,0.355279977074652,-0.190345742975256,-0.120627434537231,0.186309674420009,-0.0934968519252451,-0.097912843262418,-0.0235256930068648,-0.0814823640901008,0.300180751289613,-0.227502243759092,-0.137313873943711,-0.0340397497284497,-0.00313817766111392,-0.126704555489779,-0.267798362944388,0.414483691217521,-0.141617439993589,0.204515410120487,0.0430818480367688,0.354682693220218,0.220220144275403,0.203113397425258,0.299639285807953,0.536467584636923,0.551429241097402,0.303659790776522,0.118467675915203,0.0127222513473523,0.0813985002811087,-0.164353528748041,0.279041052283945,-0.0534396824121008,-0.0021834752075467,0.438619296724189,-0.160073392136614,0.206674837134878,0.340036228389339,0.319016235078637,0.0925084598807642,0.142756527346744,-0.0743628729138809,-0.20205078050309,0.292418427250127,0.160556609504533,0.311190640829925,0.0871421057802102,0.0274416182589859,0.0860876672138582,0.114870854045981,-0.426999544407503,-0.051860155344697,-0.217787876732193,-0.164161593812306,0.019150835548513,-0.234286577615072,0.109192104900666,-0.0292159479709082,-0.102964139958055,-0.178319900810206,0.466532858644939,0.362552791923827,-0.124801131746686,-0.154906617113579,0.0518288541935867,-0.112559277876584,-0.21798959279777,-0.0660721014452113,0.0146931323863569,0.0365723534643024,-0.201369878757643,0.419707467982443,0.0564461066703926,0.293895849248902,-0.020214032709742,0.230337536335291,0.359756401012654,0.289716339101031,0.139833189514463,0.242314535246667,0.403988772229771,0.293107774054047,0.107673787731962,0.00156576526882153,-0.183196305569679,-0.0564615952393731,-0.0218273813973062,-0.0267810480602688,-0.11712237354863,-0.181985196790883,0.00802765267477113,-0.163661154583886,-0.318824417095848,-0.160411445708772,-0.316211891048027,-0.229621825191394,-0.334202940356698,-0.00103242177226004,-0.237556843559652,-0.243442477687405,0.125052172949059,-0.0447560876308948,0.262069910565075,0.187099934637801,0.105384559567865,0.258468696509615,0.192363271023225,0.0886648748588972,0.331863614798153,0.439095813832694,0.139721153917043,-0.3636535791819,-0.0440406630174498,0.0816879980451352,0.16593646946017,-0.0341224093150617,0.0681903455575905,0.251429620065174,0.034601247164411,-0.128138094525469,-0.0207138340946317,-0.117099593410229,-0.0578784598746378,0.0255826464031632,-0.209244624388464,-0.0945474154606687,-0.502417367592935,-0.159686303874398,-0.00882821753794994,-0.0166009317456468,-0.121818519993104,-0.168780622680488,-0.023588350976184,0.0196831138970063,-0.0380387602302093,-0.131543954609169,-0.274244678638392,0.128344570332427,-0.117192856145783,-0.0989554996238644,-0.228347068021145,-0.352587923444102,-0.0922513726498815,-0.12012862008865,0.0964184001231914,-0.378055334513152,-0.101047948747921,0.0201684384289324,-0.244423139612284,0.33680692281452,0.108849577594962,0.0128854613226652,0.152600573182287,0.0167664337756444,-0.0635178458050781,0.235432323469531,-0.0606356813950133,0.100558225208071,-0.155591109201166,-0.554414303449901,-0.023911814393121,-0.201263059746387,0.111444009965786,-0.198814376592615,-0.095158785153334,0.13126466089943,0.0302587544258968,-0.181017145865518,-0.0223728577739251,-0.0645409126691833,0.0817057606106682,-0.453060943501106,-0.051901680257829,-0.127760029806676,-0.0365035172239036,-0.108849658818065,-0.073906661428596,0.265061185695205,0.22605947311721,0.0795358473686283,0.234243383853189,0.185116888289516,0.436768008610994,0.122701167283063,0.383659114879803,0.279212609575163,-0.247556975710667,0.0727623148016986,-0.0541866708358337,0.328440933271869,-0.184328469736338,0.213841576692098,0.00543386536011246,0.312916935162402,-0.207049338416988,-0.208103151179369,-0.10385429012695,-0.283594007825671,-0.180870526251468,0.335313603428241,0.146306888498005,-0.228331542508213,0.231939008653726,0.323271169185179,0.224689596625822,-0.296638696271674,-0.302305065789647,0.0877633463473964,-0.271765809847197,-0.448753700812022,-0.161937474804662,-0.0060028547818881,-0.119484976446779,-0.32156535803578,-0.231143277136863,-0.196537910454069,0.211319834370108,-0.445346151050992,-0.158314626262027,-0.107329053703939,-0.00206654271364001,0.123890986682746,-0.126980837171117,0.0655450436101919,-0.00226937365337192,-0.397808655816951,-0.294061542551709,-0.0642561146271242,-0.14868742058074,-0.169020650672797,0.0702549638746255,0.141472749456977,0.187154509652808,0.0118919609041611,-0.139264981431443,0.016001171257241,-0.105595646486893,-0.00822275331235789,0.0871657764830325,0.00212440196473217,0.139827056449067,-0.0722497744557652,0.389569889171482,0.109536124921708,0.138302486144436,0.483719373190847,0.221186883222506,0.355910482089336,-0.162078128305239,-0.341074860934534,-0.50645181197241,-0.212023906936411,-0.0109772016528114,-0.211838839886836,-0.268970340725653,-0.41612690103668,-0.499441426450736,0.0219324985841347,-0.169317336069626,-0.30139317591956,-0.067421024950049,-0.280287343392436,-0.340095271857731,-0.313506698633343,-0.370298183229965,-0.139143524314182,-0.132416697173693,-0.208589899032782,0.152151900952988,-0.00917245309382277,-0.254922099395387,0.387485461359055,0.177949584125077,-0.298983449132604,-0.140234848917436,-0.393820901110729,-0.129976493287325,0.0122862621971758,-0.199471605887154,0.197345190831779,0.2305964808328,0.126473884022961,0.226845923916723,-0.151174690509159,-0.070446440190568,-0.154173339442294,-0.180127455101973,-0.179354568362889,-0.0529654462586334,-0.344639517291656,0.0679548507973048,-0.318689139244421,-0.174951734797607,-0.112830331988998,-0.242342708388077,-0.190620033353335,-0.196294863226836,-0.211820348243234,0.378912788776707,-0.123637300480588,-0.158610761845149,-0.220545819259523,0.208209437577295,0.00451177810707458,-0.107197999346852,-0.0534621618197827,-0.00363871271669704,-0.0889680287760605,-0.384645921928326,-0.254926551027244,-0.307411996426871,-0.0749177634695565,-0.329886203260573,0.00117219278104226,0.371735297268135,-0.0261070022435815,-0.565288905640724,-0.160098685858644,-0.19918718975897,-0.338150877320214,-0.454641879748331,0.180204973380691,-0.11359185492419,-0.0611873003950792,-0.310621907421455,-0.178921993938996,0.031995680211518,0.190092167647444,-0.21253530923609,-0.0832782126155884,-0.102030241015476,1.06958542731888,NA,0.57913483690505,0.391909449104019,0.158611327413895,0.181771531136273,-0.0694136304612569,-0.0274880502427793,-0.271299495178045,-0.375548013803359,0.0583746111646077,0.149913371155024,0.317187983231371,0.30599790435529,0.114063270850963,-0.219261033937836,-0.0318431248680257,-0.0939139309224159,0.0861517338983898,-0.00575795818659676,-0.106854394140593,-0.101627105458036,-0.0593043797713221,-0.108602671126186,0.0267002283640492,-0.241933947985412,0.156078597141144,-0.0528479710952842,0.200929751414309,-0.268414085176774,0.129922080639527,0.113953110496767,0.300379480499119,0.0973316184623653,-0.0017611138787058,0.0343651556700287,0.148955767526713,0.307726522106994,0.0598207029881231,0.215199597454753,0.25713306840542
-0.102155517582295,-0.464208580503699,-0.427160395355442,0.511153085265208,-0.101713386759377,0.166721886666487,0.0739630985279255,-0.261363100617528,0.113335115572395,-0.256791426203695,0.0685596088013139,-0.021563190722448,-0.295652906453897,-0.240886211132848,0.221007862602343,-0.123052317383101,-0.165188184036917,-0.128546521909922,0.172838154068583,-0.223268790178776,-0.302585889095572,-0.118132414198842,0.374707686574792,0.454894041704451,0.410537324959323,0.367982271105513,0.146334842283036,0.312625321883655,0.377964638153522,-0.0993090795323582,-0.262272228047528,-0.11602627771744,-0.120814809523297,-0.0914933402287204,-0.335922573191959,-0.389639392757817,-0.0268777905686011,-0.367092572649779,-0.0396830584407999,0.21716978159815,-0.00264259495779605,-0.105048276205139,0.260600821385025,0.261086762064628,-0.222329037481508,-0.0433874319522278,-0.104304437664332,-0.0732434144799236,-0.139829460087234,-0.316191785443513,0.103140749541987,0.191123839870942,-0.542445524888338,-0.264055606661763,-0.286769434853084,-0.221954218148903,-0.398413674183064,-0.383833715345043,-0.0503698374231904,0.0317714818194042,-0.104593792221744,0.0243833083569161,0.310628697491231,0.342823330734869,-0.440182989045218,-0.201363846975821,-0.244701332920772,-0.167732757669025,-0.0639843952950988,-0.318043401592525,-0.150038594846602,0.0414627158806956,-0.000835087420639172,0.523896260069228,0.355472181625573,0.0204277389993814,-0.429563446583199,0.399956044923643,0.596021195822566,0.50458917745726,-0.00658221832152871,0.178280886706564,0.376803920345541,0.614311586673681,0.42462049168757,0.402318575127724,-0.258258602661811,0.0138977064196536,-0.32698440028774,-0.326474286623747,-0.314726224898638,-0.283365995982438,-0.332240680015941,0.0863365674247247,-0.0420791262784128,-0.0406754686065405,-0.00732413529106353,0.195059203238563,-0.293731091006575,0.219107773319727,-0.244492495974284,-0.224729306235467,-0.0863950078423978,-0.163777340545449,-0.0704265111074635,0.210221931606698,0.304103348186438,0.0977438400417869,0.210962726494143,-0.0232681698926824,-0.0222466491303117,0.355139472948965,0.300727518742178,-0.301432236791377,0.209183895775704,0.170438378504334,0.0885532018158428,0.309428940408952,0.181061166267509,0.22659508132432,0.307514935225534,0.0471498425755613,0.15149165319167,-0.0645764476611827,-0.0542095065342814,0.269145766670348,-0.00699718674796615,-0.22084423727743,-0.162792173286767,-0.19510202635142,-0.197660516446795,-0.0372456037554134,-0.0707300803757679,-0.0697426795899705,-0.0472286610665347,-0.0694399398117137,-0.0902094602565014,0.0320317652384403,-0.140014677318332,0.495896914792256,0.281165518711766,-0.14370550928738,-0.135403164263471,-0.271522901781707,0.191408300043032,0.126646546156986,0.590594569268558,0.0815792506394682,0.0563386088241841,0.301278859770094,0.12659016728043,0.399507948024308,-0.113440794289732,0.202426678351934,0.0063770558220547,0.234184197746391,0.241216118589536,0.305096479995562,0.0744970991128712,0.165145975327118,-0.104964335862176,-0.329058525756775,-0.465672321424159,-0.254111759495204,0.385104869385133,-0.286577800757842,0.259823099279069,0.31517432064183,-0.0704925543843804,0.137683935740603,-0.266328095570369,-0.0925139833109119,-0.0577638390028122,-0.351403532784639,-0.0524186308639307,-0.324092904855853,-0.249541847915,-0.150354644201913,-0.0346722408184962,-0.154887766362474,0.206885577777721,0.53736882831823,0.385733786855909,0.315538337435105,-0.183417887325271,0.212432610758978,0.1261964474618,0.0417130579448229,-0.539221932616298,-0.243205721512256,-0.302010000560345,0.257602958472046,-0.361350707586757,0.0700872467368913,-0.179241006726565,0.0731458481420505,-0.340972462785365,-0.0238668058943422,0.121469167254631,0.130709184829276,-0.184351366698045,-0.0380736441712685,-0.0214250961537264,-0.198975692784989,-0.00813796695259179,0.0264329276053088,0.0350659850591774,-0.0463692778611737,-0.331870134492233,-0.185539928320334,-0.193584866331538,-0.477447799206604,-0.446206212890351,-0.184908678600049,-0.240380095341874,-0.46064011555876,-0.362312210852559,-0.185101010011033,0.171206113583988,0.023151669257921,-0.171478375200774,0.157854319942531,-0.300683065999385,-0.0949799852553066,0.0232474095289243,0.121029193100575,-0.0273938589719834,-0.262207022371061,-0.140946215845637,-0.114899340185111,-0.142476495218863,-0.216531217889457,-0.107481244020543,0.00309370758829313,0.044692844908063,0.350577510943145,0.434711062397715,-0.21912519161224,-0.403519316915499,0.267110125773184,0.47583967912496,0.587765624778354,0.202332447070625,-0.238702166394342,0.195007594203066,-0.0524458637969561,0.316967356124508,0.424357720097748,0.38922300277052,0.35223172169013,-0.231343433447758,-0.324598036490131,-0.199509355043992,-0.372197899097697,-0.304174214914649,-0.293969674285873,-0.32795290772073,-0.240649264850234,-0.114911295931204,0.316106557130464,0.131783759906847,-0.147832507981871,0.1484506876036,-0.372174736608543,-0.161655296769543,-0.290565097189195,-0.355754378112866,-0.137032977569583,-0.265398982356747,-0.321771797572186,0.164515859465464,-0.157528025249359,0.164598072652865,0.244311221541543,0.243901067687843,0.0742856971455037,0.259484526521993,-0.00877704601303177,-0.00550356370550996,0.260721997384626,0.0355509202963935,0.151600703486207,0.337633025274556,0.509099206110655,0.216829794570026,-0.204356469440287,0.0852841309559459,-0.081135674227611,0.208340475184373,-0.155082694930617,0.0117392043385933,-0.171385156288822,-0.175187642213609,-0.260976666652591,-0.210534688928783,0.175069659806193,-0.216874344218366,-0.190399476832625,-0.26682026047196,-0.131202046801382,0.253426056629445,-0.234550657353765,-0.0360308178413515,-0.00900834798828491,0.0159286973170929,-0.0267246446276536,-0.104826861351393,-0.116563960060368,-0.00247455294390166,-0.375482267755037,-0.515963167928316,-0.379294615814681,-0.23784872110182,0.0420659961526584,-0.0173008510782907,0.0311222002906468,0.253865855259412,-0.0286167111419123,-0.069297430758241,-0.00288114738768646,0.165097293840899,-0.000435483854355675,0.0563508840989227,0.262738241364595,0.131919546731423,0.269903238645126,0.164815189983583,0.396242562905123,-0.0847222084065669,0.228144652026132,-0.0651308642307001,0.0631541494450386,0.00302772974720793,0.659320151309246,0.57913483690505,NA,1.06581052685152,0.306934397597925,0.304639191989424,0.234926292837145,0.223870122614484,-0.248637129029788,-0.340477030949197,-0.0681058589151131,-0.125181694073332,0.540631683649173,0.51073386019114,-0.0467838507453569,0.195601690854047,0.283674083068577,0.259707302636509,0.316225979468592,0.163771230953128,-0.0278534413033203,-0.216651520233481,-0.250892580477241,-0.108979123764248,-0.043820661582099,-0.0273491491192039,0.464575150515068,-0.376668009158407,-0.0913448784272487,-0.134586766202999,0.197558200430847,0.0268948617182804,0.292897899411712,0.422960651698102,0.300573524833404,-0.348452524011131,-0.195897649069931,0.223873894581895,-0.135072245639895,0.230103655264589,0.146504361270019
-0.124060547175546,-0.444484656458311,-0.2180269691015,0.160329437168938,-0.110157001603429,0.0338120147475164,0.00226396763088221,-0.239921451283709,0.0600819486944607,-0.259732741198685,0.0705101086275288,-0.148161549408165,-0.274387134882808,-0.129306344422017,0.0444403799538414,-0.02926782785293,-0.0693121440381367,-0.283451290053058,0.0621736229638584,-0.133808421590384,-0.282177891330513,-0.143050988711069,0.144592848375741,0.214449620512159,0.190765872961743,0.129451592119798,0.0455049752659941,0.117737444525385,0.129646516015468,-0.00249111189793246,-0.0923058584747932,-0.172998964770861,-0.234574752729128,-0.0177379768000546,-0.215918009786592,-0.375658224989312,0.0770778898400032,-0.209588778938665,-0.0307616782059971,0.153846614662222,0.0364226259775035,0.00348409686631213,0.159578355963489,0.0720348961541868,-0.17596892289379,0.0374261155986409,-0.147516629214232,0.0350701320772998,-0.0352779803818824,-0.23181035370376,0.0708387615704343,0.0319209388324817,-0.352262813488407,-0.317113159076854,-0.225531975264976,-0.164081287237113,-0.292359600227811,-0.244321122066367,-0.0148230110207878,0.0131530330435503,-0.189867216773857,-0.0273834829173645,0.167887300050613,0.245514136763863,-0.40358335610827,-0.165192099596103,-0.239642261604817,-0.0628699349306564,-0.0129650527081156,-0.195470998769591,-0.199193058971786,-0.0238678431118624,-0.0970082928373377,0.26786463120225,0.154959174156992,0.0883009042142357,-0.29561556155369,0.1386883469699,0.27610462639115,0.0547098764104339,-0.0280431289911268,0.208890487846584,0.186960530629788,0.482707760883219,0.28531747218795,0.298264585648864,-0.185115274192633,-0.0455682860070707,-0.197569051858222,-0.256250863283224,-0.233055760276855,-0.259905760916489,-0.316450083509546,0.0390203071015554,-0.00092406499452166,-0.0553567016591198,-0.050466921748328,0.184963931985895,-0.293383457285319,0.0128988232543122,-0.125924921333765,-0.079012489545705,0.00119619823713229,-0.0752468210854835,-0.0315729281403953,0.161568043439917,0.179973111325669,-0.0175291208271842,0.122992148217771,-0.0703575452165832,0.0461593108498437,0.180488988714556,0.107101051547589,-0.304185573672258,-0.0606215586910492,0.0327488758705843,-0.0479596868216885,0.110097694200759,0.042450674990234,0.11513066529443,-0.0408706664007878,-0.0593975245811703,0.00949982285259444,-0.125693568995943,-0.118146277472043,0.12838358019963,0.0297021332924764,-0.124384988130141,-0.0932896184799852,-0.0240280077957645,-0.165206593882802,-0.0116481283100875,0.0091086044041131,-0.0218562689391555,-0.0570648687531206,-0.103655510059051,-0.174494753832083,-0.0907630181893908,-0.0656376905116025,0.337043708630414,0.219263423005718,-0.0184638364413409,-0.0581352188046401,-0.351403798717874,0.0616565833787576,-0.0019676438111513,0.251467975595581,0.069839378551708,-0.0848498172426868,0.116799219438484,0.0436635792523938,0.142775835563864,-0.0819147870477515,0.216802079647117,0.0301385499809954,0.0198264387998647,0.0925007061560823,0.135658127069638,-0.0154913549043794,0.117262711307551,-0.245818562286464,-0.257234851607594,-0.288889220930437,-0.0881104296943447,0.101526987906652,-0.205355399472167,0.145948554710381,0.227238800546235,-0.114442707329718,-0.0534867473624334,-0.17766726885719,-0.175035203861164,-0.0964677012124628,-0.232832572064421,-0.12003862285078,-0.261633506877652,-0.110448456223861,-0.325640703722906,-0.0153449835202871,-0.109744452372337,0.057459369768685,0.14709738117132,0.0599459668517314,0.0323132885720122,-0.240139054518001,0.0204397917615773,-0.0420884597602588,-0.150526703440826,-0.367881083789578,-0.180711726880458,-0.330540943771255,0.280680450085224,-0.291788571206384,-0.0662698955594643,-0.172720415005701,0.0768838845894615,-0.0939471023064199,-0.0237603778795788,0.0549412730249996,0.0597614715463409,-0.0888853148549925,0.0378205186602557,0.00793942744009282,-0.0110256268486511,0.0933851452571584,-0.00736367999447549,0.0667967116098118,0.0207098294881021,-0.258922060604768,-0.0121528893801873,-0.221995299450782,-0.347740964968539,-0.516048677760766,-0.325358835156448,-0.216016502432935,-0.367186687416297,-0.359118524826647,-0.179196518165543,0.0924909279354371,-0.0559853519391299,-0.130178449002409,0.0247710065828894,-0.158500073890491,-0.221513630933841,-0.0475653652562702,0.0522788186934657,-0.144456182829954,-0.173831967048565,-0.0875782674711302,-0.0108915897862253,-0.0431296531772001,-0.254678686204684,-0.135785113284463,-0.156924120968561,-0.136773183554498,0.216592468224882,0.157563747900946,-0.119095681262547,-0.268569947206006,0.0127371872447004,0.211129488265704,0.354638031033525,0.0220154460807633,-0.190272902602153,0.182657980960879,-0.0237869692451903,0.12673975980781,0.248737124657729,0.121574652917996,0.229483069335567,-0.17657291631982,-0.22070982906537,-0.0966368917792791,-0.25114758811995,-0.253527320824763,-0.298963815781181,-0.173032063755069,-0.20779566048195,-0.105550475012243,0.230030175148468,0.157557083831085,-0.0544558933498913,0.123261826434304,-0.335155797878984,-0.0782864595414907,-0.34512776134496,-0.252214363738881,-0.0131473444052704,-0.0466879141739385,-0.352052322189666,0.117409589620929,-0.176819875683337,0.0177229911281978,0.214184639542172,0.160082252945499,0.0429108680033439,0.120262315266879,-0.0368827498664306,-0.0667369069837738,0.184396828026761,0.0155587564701906,0.223686947468086,0.0982374969906992,0.268598223392605,0.171145507011851,-0.163805783560207,0.0308233628783116,-0.166962783386105,0.0730696139260843,-0.135615514765615,0.0168852024875686,-0.0779382575379074,-0.0734750975258089,-0.0931794764837978,-0.0340592400221872,0.193546626691861,-0.157314849479888,-0.123992595187176,-0.184558643643301,0.0362528884947844,0.0534648945935981,-0.0540730139886287,0.139795091871533,-0.016120239767781,0.109848812834315,-0.0113345241489643,-0.117671343643021,-0.221186783704772,0.221324167254929,-0.36837789087701,-0.51193194407955,-0.245129293750877,-0.284073026144924,0.0504505471477349,-0.0224797317188838,-0.130558217730173,-0.0334452061351315,-0.0664386780059228,-0.0551804647573932,-0.00741609228618629,0.0747872822060566,-0.0355993816558273,-0.0410032209657562,0.153539382318758,0.0727319764640821,0.00846446490701623,0.0803791935364177,0.24626647075336,-0.0591256644757355,0.0858936207092465,-0.188693329828102,-0.219719432487587,0.105486781669674,0.45673740978493,0.391909449104019,1.06581052685152,NA,0.349114578995954,0.368840063804173,0.130202488468464,0.275169835569332,-0.19450445930647,-0.203874726861942,0.0767682757628263,-0.0444342663014528,0.450473117788645,0.49689932437806,-0.149718753878445,0.110018176361054,0.144016749544258,0.17371792251305,0.182902668408936,0.0359675752162867,-0.181787809631974,-0.232311224386147,-0.155238466871791,-0.137578357741407,0.0279873040866992,-0.0768576262190008,0.314812795797313,-0.314624634756154,-0.0109831115461808,-0.118212896549069,0.090380522590944,-0.1105194680289,0.174779286295752,0.40714925730482,0.181655228852575,-0.401351455175082,-0.224254200059611,0.185343993367255,-0.107072260688032,0.196008282764756,0.356815861384606
-0.34032229561984,-0.362157763245602,0.00809491787545063,-0.140851832778549,0.0370316100600002,-0.268558321604837,0.363089111572897,-0.257721726525827,-0.177677253705672,-0.161020132531918,-0.0891072846453696,-0.0773762126949697,-0.271622518352291,-0.0665102272292837,0.144266552394203,-0.186614419941517,0.0449198860423249,-0.127069243361683,0.103165708027371,-0.177911656357879,-0.211208796516377,0.120553713257259,0.16370695571443,0.0571902135398655,-0.197059218613579,-0.191425787198293,0.0639915049120988,0.157739095586642,0.151486073233906,-0.112897195941217,-0.185527012048741,-0.16973997656277,-0.255232417348618,0.232740126855963,-0.384393690059536,-0.381644262318197,-0.17067063835912,-0.272547450394683,0.0986758728392408,0.337877835573152,0.282529850993734,0.242093930093876,0.126668086181298,-0.230977479171128,-0.117984999268629,-0.0799399257460653,-0.193674061474406,0.130042163566234,0.0395019233934545,-0.136932246625152,0.113844423997301,-0.0017323692661159,-0.396154321359432,-0.00258845114909298,-0.113330538129956,0.0980726019791739,-0.41718401070567,-0.0594534484299669,-0.0639698539716644,0.231368656723202,-0.096643282256575,-0.372561477525518,0.262030946605957,0.208201307855412,-0.110345558062811,0.0752690082508557,-0.164079735829212,-0.0542779851676915,-0.065628934542769,-0.440488340869835,-0.092625257703976,0.106822152984424,-0.0869527300637074,0.158167016706282,-0.154897255754423,0.085041417770168,-0.204011253257671,0.0186551008901309,0.106831549894282,-0.289684440661704,0.0682058006541544,0.363937406601919,0.115826455502025,0.202581943530598,0.142896371857151,0.0605957234582621,-0.253323333497388,-0.153315022335376,-0.258796548895955,-0.255285218208901,-0.0741174590940953,-0.296449783254562,-0.303302713488805,-0.293348110865141,-0.280312850363378,-0.0777764031623996,0.0232964950937707,0.172275939603386,-0.381161317657647,-0.182885505501232,-0.0181453287073226,0.0282019099058731,-0.0485683896459878,0.308075475599523,0.0920756951042671,0.44095025659002,-0.0204882246430045,-0.102801341855578,-0.0171192465535337,0.34499478933519,0.126009322527445,0.122564228952431,-0.226281711022749,-0.424588192913678,-0.293873846945368,-0.103058104924038,-0.0122780201884721,0.213223354017026,0.121701211821389,0.233187050266008,-0.118357603736313,-0.0072275985199854,-0.131443483832494,-0.291129025188901,-0.0292051609167173,-0.204306845407147,-0.154325718589964,-0.340305077360961,0.0314691025510392,-0.0365608100951885,-0.0799860392047922,-0.0549757485118984,0.0287510768295409,-0.261603889982666,0.0508688464148207,-0.256864050973236,-0.197507790794573,-0.0814593755019697,0.0899117029523259,0.372370552737596,0.242246355619396,0.060442155277126,-0.266335801927616,-0.339124547430527,-0.2881697424978,-0.339341184269708,-0.00171355130661667,-0.253984644711255,-0.23201886974549,-0.223418285207871,-0.213101150783026,0.0292699750573796,0.263412839889102,0.0425833279763922,0.227564286197914,-0.072914798981836,-0.0720232360615394,0.212448558168998,-0.296985360666547,0.0666396577933659,-0.0428422882301062,-0.285020161088581,-0.306170898783442,-0.0420299575221336,-0.170245231654553,-0.184443937355026,0.235408737916214,0.364140696105522,-0.312999668117197,-0.405373951500136,-0.129420062314048,0.108027677460786,-0.052877254805895,-0.277850337414516,-0.033275100370559,-0.22023039227818,-0.338851381040078,-0.274512133901021,0.195585482458082,-0.209379342196199,0.0502477808759595,-0.0179775967354133,0.101525124455663,-0.0549988632185198,0.0128174818360263,-0.161388790011659,0.205954608982795,-0.0684250910889076,-0.497385825693159,-0.330696646922413,-0.293519075792955,0.0517289046480989,-0.560418583452461,-0.242111506085856,-0.21756411937916,-0.0270376369570816,-0.08113913483735,0.184924631301251,-0.113515848584138,0.0367386528515734,-0.27632942055999,-0.0230611300866098,0.185801478328979,0.0987625901529462,-0.0520087068888425,0.0265565042644261,0.387129273377903,0.241291388772439,-0.180806811332118,0.0716217028161004,-0.095122396224383,-0.421969753239649,-0.337313385552552,-0.447001326315098,-0.0462177840435272,-0.334248994775474,-0.211865470291185,-0.19741607822959,0.057382722607861,-0.215438040749173,-0.307964711991519,-0.222214237414517,-0.118573220195866,-0.10689045983929,-0.217274974385005,0.0778137381658253,-0.111522726366101,-0.206586872409999,-0.2254621868849,-0.0959587014327611,-0.208854168089776,-0.235637074136674,-0.18017304616213,-0.18182486565577,0.0604033932786277,0.356226906006464,-0.0149167667882477,-0.0527987203222112,-0.236140773285438,0.0774327226251356,-0.139548614262119,0.239520955252237,-0.0682724696899402,-0.353455436100438,0.237245661015062,0.152218233694546,0.143115871300352,0.185589216135133,-0.0300299874476772,0.191435704939267,-0.165704368917521,-0.288636144300494,-0.329591577001165,-0.340207886504263,-0.114861442572758,-0.22193471351882,-0.482803560752807,-0.178326766248735,-0.22362140703487,0.142527601173627,0.00311528273167615,-0.052133197315479,0.118926452211137,-0.342723744231941,-0.0880175391880858,-0.44309601414998,-0.465800428976595,-0.0524752793098181,0.0616611220217745,-0.216760356931139,0.23029898762727,-0.00993648136461639,0.225463097311495,0.11724958250893,0.06922056080047,-0.30005095567199,0.297438253668241,-0.125874679388971,0.0934801490812178,0.0863219678643424,0.0463544597964492,0.0476572526746468,0.189166232876117,0.309814819737559,-0.144558068093014,-0.205895061787736,0.173360269722482,0.0349915204348823,-0.0810203485912731,-0.301867212769251,-0.373431582903978,-0.21368648884037,-0.0321029979578268,0.10912441590902,-0.161488642374616,0.246758068205287,-0.0830739558287412,-0.0257270232172354,-0.0733887030823211,0.0303533025260558,0.198263807033895,-0.0910373428236315,0.07945116492633,-0.121303941476159,0.354732770995824,0.114737682378038,-0.13201710462426,-0.219791467761686,0.013474954650471,-0.241274229924461,-0.45737815421253,-0.101458409053327,0.238729947342022,0.0504285199757096,-0.126269341064592,-0.207037906581271,-0.189019568375803,0.45159365729315,0.040833287685839,0.192801798860041,-0.0670114151631875,-0.164781931564315,-0.0299029243599643,-0.209701458233232,-0.0456805536276518,0.006637429274952,0.0946367855228109,0.163963513640355,-0.239508470199316,0.0985623057867423,-0.205050415152431,0.0513571611817617,-0.0504972813202115,0.116868523297297,0.158611327413895,0.306934397597924,0.349114578995954,NA,1.41027267048506,0.442538824483841,0.654231123916669,-0.168018671824011,-0.190357826830761,0.105517043703033,0.102773274813471,0.50729646820194,0.333866902727223,0.0832827759081754,-0.0574523017434749,-0.145904688138538,-0.0939563424662824,-0.247722385965567,0.259488598890941,0.12194482252435,0.0216709283819837,-0.0984136742889637,0.0790643220686914,0.1268962260424,-0.138439079210408,-0.0673836620854988,-0.0878747099873588,0.0974630849621325,0.0281701197590158,0.19809196303733,0.116821930359142,0.248119614893624,0.360432030710337,0.348187303368511,-0.178992919237325,0.0816651101173921,0.049994838674084,0.363413455835093,0.507315419508212,0.0485474049834466
-0.236017472126933,-0.39607883033967,-0.0569406825209,-0.0230679093426812,-0.0699351965023624,-0.121267075290335,0.324347978836223,-0.249922550441253,-0.153327421621757,-0.150805321515842,-0.231078221005918,0.00726631796426606,-0.348829116650706,-0.224286433544651,-0.0283475618808444,-0.329055576678266,-0.0584186807492842,-0.113377479153748,0.148566720412471,-0.233444823743473,-0.122321812710642,0.0852074800813662,0.191800225862029,-0.00561096562340501,-0.1700117553637,-0.0680781288127362,0.072357832696128,0.0957749094755104,0.258562956588344,-0.0607586424725738,-0.165532716249406,-0.135618824540299,-0.225511203855499,0.208275307796709,-0.309554187718108,-0.376339367435475,-0.115171311465666,-0.198690664915155,0.145188214333495,0.283835432472897,0.385201786088945,0.192361337724553,0.0470668953843636,-0.187763611505394,-0.136156751633219,-0.11546017187033,-0.157162023455143,0.134361363123005,0.0312069183019029,-0.0940853508107218,0.121445348528419,-0.037234604168923,-0.440359290847176,-0.0120828825848407,-0.0256511118026229,0.22452444360535,-0.319935096415347,-0.0597551125503364,-0.0324990088989462,0.266825466307951,-0.0302752083218399,-0.2023651917426,0.278753059899181,0.267796466114728,-0.0292363822099926,-0.0254924645949866,-0.138589311763318,-0.058949540072972,-0.0140705450986778,-0.271003931526414,-0.254002145392118,-0.0373395111688959,-0.224315104431109,0.160948240145451,-0.0883182882882515,0.0617952719580715,-0.23753785691371,0.0196550969186446,0.112960420089351,-0.255950811199602,0.0392727109993238,0.263266814855476,0.0223942431716562,0.16150931465695,0.146636746525626,0.0808915709184088,-0.159626270030287,-0.108981838285508,-0.170087495018766,-0.28041668810517,-0.170387961583305,-0.332241673108233,-0.221575153651686,-0.264708078721464,-0.277602979109776,-0.0584820270537506,0.0499460059559068,0.1650111005574,-0.2972104821506,-0.12448558950372,0.0175521768678469,-0.103730474401101,-0.0242519674176722,0.269692879634638,0.0988506507293216,0.359538891057415,0.000367768057644678,-0.0515936195911938,-0.00471575599272647,0.164648973982948,0.125256529493357,0.178277014879001,-0.0773133447110438,-0.369884856868822,-0.242041203157983,-0.0856587499432025,-0.0354339078360841,0.145700224116314,0.0857745286116233,0.201111753228045,-0.176505341611974,-0.0650684668100221,-0.0572829814922535,-0.218676657951626,-0.0842249846996329,-0.173573240589752,-0.134604514448605,-0.278107444794941,0.00769522916966549,-0.0877998432320073,-0.0453755951372299,0.00917466870123242,0.0607867484275202,-0.24952628119662,0.0188832611010022,-0.149671206822324,-0.253420130166716,-0.160099852764819,0.16174663520264,0.282641285520558,0.176243498275685,0.00997346192518239,-0.195807737512283,-0.497643553347057,-0.252594579438581,-0.274409714548868,0.0698575158667134,-0.139559577732096,-0.0939428750952213,-0.188977635365223,-0.223754411221967,-0.0189934389686634,0.327009188892051,-0.0488856443471549,0.0970761871633638,-0.143596573694384,-0.0784636182213057,0.294417246013364,-0.2719591982616,0.0462935108807238,-0.109104694537804,-0.252712206669096,-0.258794222798163,-0.055098788197486,-0.0873362860405979,-0.212160429212497,0.212441801741942,0.289781075699712,-0.264232948928559,-0.453743049308252,-0.222506713743022,-0.032473593299213,0.0783520695126353,-0.328440309485922,-0.156922579187367,-0.323817825449248,-0.294097018615089,-0.23161726218653,0.16251183298344,-0.129018444528506,0.169170034894051,-0.0412420284262749,-0.0361266198183087,-0.0751068934781072,-0.077486103755026,-0.0910535294912348,0.151822933414679,-0.120938490374297,-0.42281833523351,-0.298657330211456,-0.32050397159889,0.0929786773454418,-0.518898500908316,-0.210017060782791,-0.186173575418301,-0.0111643521390214,-0.104733138019973,0.154791028426909,-0.244610107781885,-0.0220818187032433,-0.331709488452082,-0.0279027679142903,0.247459054363506,0.209858031214149,-0.0361694380668538,0.0473443675472678,0.270134808909132,0.139389684358574,-0.00396468059500912,0.172538254786735,-0.0279520725729393,-0.444544398119576,-0.144203695391765,-0.383971561693859,0.0564681091842266,-0.293735405743984,-0.149034207877737,-0.199856359722503,0.0666089504445006,-0.176110326846686,-0.184301170101283,-0.129093470916318,-0.0998545917618434,-0.231648424417329,-0.145008786528477,0.00342492871020208,-0.109734600746034,-0.217571562167138,-0.136785491497333,-0.0909856802388667,-0.156924213579414,-0.165808631909887,-0.128037726403648,-0.243485921177026,-0.0464646135537479,0.269379204791417,0.00239393705272172,-0.0326424108916456,-0.145976979523392,0.0253407028578672,-0.15199826161376,0.168475711516164,-0.0607486737280252,-0.257871693846884,0.136700338556949,0.0637616413110517,0.0485302484869456,0.145561207663959,-0.0596768912588169,0.300216123352255,-0.0487027761255209,-0.223602196746729,-0.256568628628233,-0.233223770186436,-0.131279654620913,-0.279726936201089,-0.471835867116846,-0.130907309175123,-0.329832793930561,0.0630390532622437,-0.0349545595264435,-0.0447430907624849,0.10512587956755,-0.241538575192879,-0.146207638710221,-0.446097609081722,-0.407879541896414,-0.100062403215026,0.0462522035855191,-0.174285892883101,0.138256185792166,-0.0934741024453108,0.202186399706273,0.036444577051213,0.104951170293511,-0.17122193262506,0.185011287069245,-0.195713803061644,-0.0328474791336688,0.0400546247334989,-0.0174216863783297,0.0292312512521381,0.187855140410335,0.31396731610795,-0.102058417004325,-0.142986810008228,0.134618667221931,-0.0359462486854345,-0.216596598592362,-0.323174321995379,-0.187509899459859,-0.16244450221338,-0.0467253354175784,0.0894498580202165,-0.170338323037131,0.255150173963623,-0.058821450570758,0.035562933928189,-0.0803191281059758,-0.0407503584869094,0.166103757299416,-0.109274368678484,0.0749903886132013,-0.107717558254925,0.337251523833008,0.0854148511228639,-0.246873040953136,-0.24750135975776,0.084776475079761,-0.221208157232824,-0.453770791335317,-0.196068122348047,0.171552282657093,0.065848771004474,-0.172159285542588,-0.086236423809583,0.0136373971441739,0.345855768186699,-0.0202530944617529,0.0812592718666482,0.0188919954217962,-0.265431831088728,-0.0498826384335034,-0.0559183362326262,-0.0941885823330221,0.11339857945693,0.0425877743582957,0.105808672911941,-0.211992486991272,0.0993681878092155,-0.214013520332181,0.0487334554345509,-0.173515132973122,0.0528366996742478,0.181771531136273,0.304639191989424,0.368840063804173,1.41027267048506,NA,0.347925046999551,0.692087467624195,-0.185090617913725,-0.276038478730275,-0.0350153090512819,0.107427636331125,0.510834902272167,0.264498818770811,-0.0183630725359818,-0.116076289620178,-0.100643774169453,-0.143665520604195,-0.238957125826817,0.161528163219699,0.0951002804548215,-0.0235938900713582,-0.0969290451147683,-0.00392767177069591,0.108269553465558,-0.266663193045187,-0.0595092859855252,-0.147773542955243,0.130149886172185,-0.098360133645756,0.110067779096194,-0.0900115322621995,0.00322310524368922,0.351944888087509,0.338746945792427,-0.118051219388073,0.0535585676643383,0.0479844291470088,0.189960239197498,0.566420440981757,0.0596296545188395
-0.23678786960076,-0.3222913320417,-0.217775214736922,0.103435131361468,-0.167046407615395,-0.0848175978871044,-0.154481929229065,-0.363885099134759,-0.108104336140766,-0.348584353581421,-0.144542505295781,-0.386586160330517,-0.387779939978837,-0.298012721672622,0.078782227918599,-0.187523592197126,-0.199133073173916,-0.0381929469576802,-0.322161497006381,-0.325880270984917,-0.396126031573473,-0.141801000841768,0.00291714102445911,-0.0589903719282731,-0.0375942818007859,-0.289004677217372,-0.23901687685305,-0.116670696661677,-0.0104318412012634,-0.158416491264935,-0.313007798921416,-0.0539532644690877,-0.166251179328758,-0.112997964389538,-0.197786226912614,-0.373482768427605,-0.440724097627105,-0.341698217410474,-0.247800652007977,-0.0819212596916481,0.00783363491979266,-0.0344100882236925,-0.0203003037212964,-0.0153353196750164,-0.288470196998864,-0.17681326101762,-0.480946088965862,-0.135381538480762,-0.189800508068505,-0.157008222277855,-0.03175397657416,-0.0522974704655425,-0.272879099479743,-0.119500233592101,-0.251079225522786,-0.10421160368779,-0.331712371705575,-0.0941395142232363,-0.456472294232447,-0.00236252285707814,-0.369003591652609,-0.0858431698182172,0.0959979522738403,0.138753412392617,-0.576432066208101,-0.148274520538014,-0.235873732376045,-0.0555491989191313,-0.134397084114184,-0.488933347459007,-0.0405719842502764,-0.0161611188449535,-0.00767039436221251,0.0165760298093433,0.0432673786165724,-0.023457640724168,-0.1209528670194,0.0641278674245509,0.182687136359861,-0.0666307386641812,-0.0204704905941182,0.205437744867677,-0.117845815105804,0.0404418576943995,0.0265375247101477,0.118592163942372,-0.295395069067924,-0.32347729795168,-0.549505830070953,-0.361610147320987,-0.0135045927966072,-0.275052300126982,-0.626196839876556,-0.0131289307171069,-0.106398865569654,-0.120683869975235,0.0989683833203159,0.111080357772804,-0.331882000578341,-0.0202533923562243,-0.13205482198037,-0.00441254190257805,-0.165807545965792,0.101859896318399,-0.062766422834442,0.0545327391847511,0.032632764551653,-0.164116161411896,-0.171949547944228,0.0577906593623969,-0.0226175516379345,0.0422780462154592,-0.0535165909257308,-0.341532698391818,0.0177343930386091,-0.0623509311710893,-0.0902936068712765,0.101461801608258,-0.138151354790188,-0.0498002842282628,0.00604632044057472,-7.11150397987733e-05,0.00466876561410056,-0.0913398279445494,-0.155770854891373,0.0910545304923328,0.0380017142449565,-0.253082043954479,0.279139162296045,-0.0636976026174451,-0.159824665536812,-0.114007497291765,-0.0252692607504803,-0.0182004105832716,0.0562901563275205,-0.305940746301167,-0.311202275197379,-0.0510165593595526,0.0164909215297075,0.424645847228291,0.0916050443685613,0.0103345120599954,0.0602381230880514,-0.146637366634427,-0.00982177700821095,-0.0124331515046254,0.0835941334200304,0.0998821070165298,-0.0484713487725324,-0.0349414108838138,0.00785626960606372,-0.127351271089246,-0.00602402837642125,-0.129995080244757,-0.010429811338981,0.0508685811243154,-0.00939144937634842,0.140099832937271,-0.127080587249202,0.0463210656761552,-0.123362026072205,-0.213719719987406,-0.297236681757592,-0.101339000763536,0.0680965551478078,-0.416520085975614,0.0754684347635756,0.215759612115727,-0.321612197351119,0.113876364085688,-0.0518565436670061,0.164105708296568,-0.391810350957649,-0.341106590833965,-0.219169265518672,-0.453282638423512,-0.361184939013401,-0.16641783760103,-0.107840502959554,-0.24930910709701,0.0640770118373279,-0.00779807172433255,0.0301946155660627,-0.103016396638728,-0.217468509772617,-0.133816874874866,-0.0772064094650045,0.0323481712053435,-0.268776864141407,-0.219678443224832,-0.111151691232007,0.0432734094996897,-0.200458153031618,-0.396812729781636,-0.25222607139291,0.143059602042061,-0.408366976749117,0.136916628030778,0.0196612612889056,0.0372590426753796,-0.345721703047534,-0.117907806352311,-0.0900886224596896,-0.0799867170510113,-0.370579586437205,-0.00243649233008119,-0.0327999271907835,0.131472007530542,-0.0225087795696786,-0.259784238143689,-0.196249720768339,-0.199404235736897,-0.449018471836255,-0.145984896750915,-0.247776860534865,-0.32666430468566,-0.15105748186225,-0.172476076824838,0.144131646121107,0.0145941529666755,0.015904144975337,0.0214484358281844,-0.0967329797868507,-0.149132510803302,-0.0557578567471108,-0.130411876163784,-0.258792560672208,-0.221034491713054,0.0352381540488525,-0.0213330532052843,-0.205609341225751,-0.358711520043985,-0.19282740473746,-0.098464255301507,-0.110045848246778,0.315111299058142,0.122154638710853,-0.14474450549566,-0.223743798703884,0.159923492755313,0.0688646023626428,0.268183420132435,0.162376660822631,-0.417473699230232,0.131053121084048,0.0653682946155779,0.112139407800701,0.146101300289705,0.19949327005925,0.14961312281165,-0.201177951500334,-0.225291467413327,-0.302228851220161,-0.544185242898388,-0.309809847855295,-0.428648564301199,-0.453000542552655,-0.0701171114323883,-0.0786346230050773,0.117045688953046,-0.0426881357111088,0.0702429988577099,0.063029252496582,-0.29666065242209,0.0338036805186105,-0.0183655450270124,-0.175330223732455,-0.0408198189648684,-0.00641599222816711,-0.0841324930524538,0.109341530204818,0.0257686248966731,0.285368781720232,0.0916805683686919,0.19067834236311,-0.143250755385396,0.284552687146803,0.0847224298683039,0.0447797312640631,0.0313770890724249,-0.0846662439758302,-0.198143572900219,0.222412536659584,0.223056733532274,0.149751741757809,0.0291621990345896,0.0312108746173304,-0.0934896519434043,0.218834049219897,-0.0952566770344947,-0.036509451755917,0.0839858703261619,-0.107166858783438,-0.00344232412460518,0.0501810566069053,0.206475824466811,0.0473570371980032,-0.212666597093936,-0.129491570218494,-0.00146510408826431,0.102066569470836,-0.147510519318157,0.0402741598605401,-0.0495506906385876,0.271576694415188,-0.0928355512958093,-0.288812422507046,-0.328941627436854,-0.201996462441137,-0.602087934916418,-0.521786097339382,-0.0722606225031408,0.183862890679647,-0.087111115105339,-0.0973976530795152,-0.0544150349405799,0.0549251499184748,0.10387228297253,0.170074517743776,0.165141740220465,0.157676649073651,0.0528966653439342,0.0580292820905045,0.00428832173653728,0.0103112930036074,0.0966422595909091,0.0767066758140555,0.250410997469775,-0.296207819190188,0.102143421362867,-0.135163336636075,0.0350741491227036,0.226580105444695,0.0599614838394572,-0.0694136304612569,0.234926292837145,0.130202488468464,0.442538824483841,0.347925046999551,NA,0.396247276946756,-0.0510731280289059,-0.100491825940361,0.0892248058337967,-0.259898099027865,0.116025047916001,0.213926172971311,-0.0238131413190212,0.324942984963146,0.142326673309074,0.294139004962722,0.0684865364252746,0.314703282068986,0.247083340270406,-0.04012777259883,-0.186259191462061,-0.0744382489723309,-0.150136661917228,0.148024103418747,0.0222921635844363,-0.159679717520181,-0.0546853447154057,0.116067797146697,0.17792595696596,0.109818122125413,0.128679284051994,0.275547277541969,0.270860390564812,0.0437243224903918,-0.19294967097878,-0.102373887842721,0.0364410105828292,0.00633850671804421,-0.0636857739193409
-0.271057245084246,-0.417959223776341,-0.02083262291992,-0.0169283589389559,-0.304289396844373,0.0827928435734838,-0.0134308649349694,-0.307350702400674,0.0473764966573891,-0.0342078996110031,-0.0848552358189376,-0.226845509173034,-0.552794751772767,-0.293141514436808,0.0190202013113781,-0.250402674559596,-0.0641765888939559,-0.360907522954578,0.0928470898396526,-0.417275900637117,-0.137213917583459,0.142388695274704,0.133863320369161,-0.0642089127910322,-0.0686943573498886,-0.144620722544646,0.0634836180352845,0.0772451292248518,-0.0180095190625494,-0.0551761278228652,-0.0893227227690684,-0.0692968862613491,-0.18979532097037,0.158022048303717,-0.237576943071657,-0.284411986093659,-0.174201442137832,-0.238361258587101,0.032792677999583,-0.00431930916801454,0.154972685833433,0.213249570063578,0.255601072535013,0.0033067619396117,-0.224782081943641,-0.0364919616736637,-0.368932028070208,-0.000876614382491922,0.0691491620832016,-0.088069821072692,0.0907788308814936,0.0904790350844786,-0.060591766085438,-0.0125306529373847,0.0417381980351189,0.0475064662006465,-0.247265143848563,-0.0721096278497841,-0.087224649440451,0.322566829142074,-0.264641123163306,-0.0992929918599443,0.278337097089813,0.37511814708449,-0.196719353799495,0.199284889284179,-0.0161498525134844,0.266123590115748,-0.0526175155381667,-0.305868000584247,-0.100091523469613,0.152781314421735,-0.0385135735670067,0.0954248961616515,-0.0782829547832452,0.0165846927154702,-0.0466575143266855,0.0698329267502077,0.160538021372308,-0.164475344119987,0.109983796571674,0.380313901470203,-0.0792115136681504,0.209605129405363,0.0534893499681208,0.0800185484392198,-0.255139901255663,-0.26370736311996,-0.448223379862244,-0.380620577406573,0.0320506199983854,-0.164531177089668,-0.374374002621567,0.0519246895776548,-0.0896943772510943,-0.0195605642478783,0.0215504174087636,0.112137464735127,-0.267831416975444,0.0659405697014327,0.216679385575732,0.134356679774769,0.153533516679722,0.293486096521261,0.406868020374644,0.309263900949341,-0.026772141145017,-0.0392556476326522,-0.105654078391398,0.170236278105205,0.0500415673440477,0.21236846304213,0.0187716180419987,-0.269335149705443,-0.0550890456219389,-0.0607057635852053,0.013191715479991,0.227573231881254,-0.0409845348223061,0.0027209201164092,-0.012342598219184,-0.0043271623093579,0.295269843402655,-0.0792764832282048,-0.171631672714942,-0.0434329747764571,0.00893679375045017,-0.162670260334498,0.223606900606152,-0.17442978389222,-0.304395534175257,-0.153728757956202,0.110068463799625,0.00844865536534389,0.0403726371057143,-0.333698534011481,-0.425582988736523,-0.0203380672345253,-0.0032005767176722,0.345573623945754,0.0911552724647421,-0.105721321221964,-0.314557223966625,-0.456918331598558,-0.0303056099630812,-0.0859100129930724,0.0514173011978342,0.111140063055165,-0.10012631982965,-0.0418787436682344,0.0293235198940581,-0.145546750701472,0.193271498697668,-0.0450676644654865,0.0697300507659779,0.012470980735858,0.0324308284409688,0.121195431974732,-0.0898923937846274,0.334304059824663,0.0248912886569544,-0.158370263843008,-0.347608867106576,0.176970435629929,-0.0835681195639555,-0.293936167111927,0.316475547903827,0.488134149158034,-0.35565787996864,-0.0788336258756888,-0.16496413498238,0.0613530411665684,-0.199323701900427,-0.392928423564268,-0.0862327501809631,-0.299597354234333,-0.349607616967724,-0.248726927172914,0.0152004817277159,-0.0952659675956043,0.0988032210239065,-0.0408252022960331,0.0591400316249042,-0.136638579872673,-0.184012345189716,-0.132484416913447,0.0804742430735382,0.162473858514401,-0.185744236639067,-0.199545369090778,-0.371068424525507,-0.0851309433294581,-0.327701482702678,-0.275133072803611,-0.151926175393693,0.110688254513289,-0.012540549966285,-0.0531288185114995,0.00982507548337088,0.0622490023467716,-0.302790255691598,0.0888671017290384,-0.145781077371994,0.121280773202963,-0.191350285955618,-0.0383612333410693,0.174202679799682,0.157703914997046,-0.0431970139503904,0.0378897570929859,-0.0625944103547685,-0.0791034178104566,-0.1780859359742,-0.363894998932697,-0.108612847521105,-0.275820549148296,-0.0544570921873493,-0.341676164991376,0.165926179365248,0.0472596825019175,-0.11440691972668,-0.0277309607215073,0.177263830600401,-0.219580220018093,0.0397161009049749,-0.0141565462107508,-0.0420712999367839,-0.138409972628559,-0.0122599135528847,0.112560403106067,0.0234446393126505,-0.0791580712690492,-0.0778266054476877,-0.0106616985497146,0.137644166316612,0.32466273284808,0.00752747319301811,-0.0550044444322159,-0.24603105642532,0.307793229824854,0.021767906506176,0.211063392196734,-0.0804227636871504,-0.0642337417021,0.217308397334626,0.0172098305677508,0.00997672066898561,0.126481229345009,-0.0587218702636848,0.272313652964465,-0.0987277155757517,-0.135949575529468,-0.0779076688201963,-0.245551429563321,-0.219620907766603,-0.347060326170139,-0.269018415925455,-0.0213729696831785,-0.0753476395414321,0.121878127907218,0.0626099789112144,0.175412590970429,0.0679319165070796,-0.216459016850579,-0.188289383800915,-0.025399359160483,-0.255666013109656,0.208501172442339,0.12688417309296,-0.181604677441115,0.236474189582542,0.0235585254089694,0.391210729388825,0.0896084478844658,0.160723481941054,-0.0762286422976148,0.323305116232348,0.0298744962700855,-0.0578337036195541,0.0934474975956003,-0.0903328065175218,0.202605159645423,0.233842931264724,0.221063775412213,0.101158059148625,-0.0758483375558979,0.0191573076228617,-0.083372494266607,0.102602973720007,-0.324940886161222,-0.0130059767092531,0.0394785330803306,-0.23055002505457,-0.149500759474476,-0.110963153265424,0.0680424258510816,-0.00876523262917341,-0.198700294123367,-0.179833169156737,0.20818548408065,0.189845312216146,0.0585077406491303,0.251535385156759,-0.0358431437618581,0.389806092755903,0.097752435578387,-0.26245163201822,-0.187192000967363,-0.126264590871725,-0.380515581608963,-0.473893975892555,-0.0972901405186166,-0.205102844387553,0.0703177693789484,-0.0883964299354879,-0.133935613683613,-0.0588145616911857,0.239157621921772,0.0595710126823298,0.0563766181822973,0.139285558224287,-0.123840160639847,0.103086580111803,-0.118088066792324,-0.0349884124718625,0.111367884325857,0.217567803964038,0.195450222341353,-0.292382594741331,0.177838275694299,-0.133535747043513,-0.162687592729504,-0.118503340755319,-0.0928877106659638,-0.0274880502427793,0.223870122614484,0.275169835569332,0.654231123916669,0.692087467624195,0.396247276946756,NA,-0.272800475870851,-0.378185034552453,-0.151899088308631,-0.0876922961256063,0.240384603571039,0.324561674335672,-0.251452879061467,0.0848667651130202,0.0415982021399216,0.155299326146467,-0.0435689846246439,0.0298679891182767,-0.123439240720467,-0.243286817472017,-0.246728728470654,-0.0361153677962084,0.0638259045509807,-0.0187033596541009,0.0521834066596023,-0.00826725580502042,0.0831415468181398,-0.0363141296826824,0.101747233742361,-0.0505515374874046,-0.0535075408500204,-0.0509444851112303,0.00395903157655695,-0.25402201252712,-0.0185030677451217,0.0617089644777867,0.213646023284201,0.264246870671781,0.12698628526698
0.173704460678217,0.267455745944678,0.23789113501979,-0.221989877238698,0.128433118390518,-0.186280278199997,-0.0194201184595368,0.302896674170931,0.0202690430857588,0.0625779969600928,0.189523512135485,-0.0382821437206734,0.304945422558348,0.240232503208024,-0.144606106213151,-0.0815758539677405,0.115335825926264,0.398101814699012,-0.1283411493099,0.281357726827051,0.0646836392690423,0.0394502485650482,-0.165436989100714,-0.296947579230401,-0.231689515701801,-0.193190038222594,-0.113594084938568,-0.0937516828566908,-0.0970581357724138,-0.102885216343734,0.0415604458405129,0.0693654934575242,0.0647116986504243,-0.0119633997239652,0.112735021103112,0.0303087828576092,-0.0665988204935472,0.112436753840762,-0.195510387349013,-0.113901659288831,0.0660309869456121,0.046482626083347,-0.261709722665206,-0.0670375929584657,0.300828293259288,-0.0539668625898962,0.0190504608036596,0.0454776172859293,0.0408297131445368,0.179946035302336,-0.175927797016962,-0.473974138695149,0.249631121791136,-0.0219872634460447,0.071587982091148,0.224990804700073,0.261128226581046,0.294244832679331,-0.0443809185797231,-0.260191825198375,-0.0136092235707186,0.186741887254458,-0.2997911950032,-0.122135761546911,0.0866353343751493,0.157293668556637,0.118217807420162,0.175192475938354,0.0154588199940563,0.230313828674379,0.135977299209969,-0.144742063852432,0.14360795725692,-0.506363289508649,-0.175079770320135,-0.0765534244222102,0.0752628245724947,-0.204915689654243,-0.0669821767512973,-0.100017265298764,-0.0115352679852146,-0.1362244495825,0.058408263538501,-0.125626371310243,-0.116867863427481,-0.184342899376359,0.238868091515117,0.166563792777167,0.143101953814799,0.0517403803976141,0.0291901044954615,0.0155305206083353,0.0456447655181987,-0.128513659714974,0.0729953939834953,-0.208674505796955,0.0115308940073004,0.0771127815614132,0.350436812724389,-0.0473681172086044,0.206632308299977,0.00275168438217639,0.0806175311256599,0.10343653701588,-0.223320694829935,-0.224085331958697,-0.205972647890297,-0.37959367689954,-0.218777524360132,-0.159920910452796,-0.011003485985135,-0.34001092720781,-0.242621948995456,0.115999243010422,-0.313221599979287,-0.0355855394432856,0.0516290258809764,-0.172861324175835,-0.0710775777057995,-0.0283143021293793,-0.242252740245903,-0.0141871421324805,-0.137542214099534,-0.191735783180859,0.0368030821418594,0.0192964253672002,0.397127267862523,-0.0614682061952512,0.266401967387697,0.613468019654061,0.454516387209099,0.347601956595714,0.015493263615421,0.270907781723737,-0.0703782620203614,0.358696536783697,0.171452439193961,0.0795836833770847,0.340464464190248,-0.327732100746259,-0.076242735745249,0.515672623904852,0.546026322875574,0.593245236367358,-0.0374701046395843,0.0673679229162773,-0.103283621766129,0.023473250018763,-0.0990980989575922,0.0629821073304897,0.0581607843165835,0.0295730339746195,-0.0462796733074313,0.202107198716503,-0.0427431377482738,-0.157036840614439,-0.205856972840059,-0.0372889736354161,0.193334229592974,-0.00297662190761842,-0.108988036746555,0.243543325043031,0.258453765401484,0.120247198404297,-0.191286160314639,0.186540054303219,-0.185886443019049,-0.484260119323418,0.301525052888515,-0.06173957907844,0.30404159403384,0.290070990215928,0.0733469896390831,0.379404729606719,0.00141235810821563,0.19651567512427,0.277675284091836,0.50353121599379,0.231084817498497,0.0159670057975206,0.0941380581748745,-0.266640759372556,-0.158133143500499,-0.0791407494291775,0.144521867824506,-0.0266029815786297,0.0466542409941501,-0.0979171896247966,0.19383815458828,0.174886162263799,0.0506123790583086,-0.0913999129710077,0.224146548899585,0.0140204037531866,0.0868850085650996,0.107969761176228,0.13424329634069,0.261947553719974,-0.0976071077040881,-0.0167875436976265,0.169586400699148,-0.0753283828802592,0.173538481904633,-0.108647758055635,0.031903090640965,-0.088347955899943,-0.0886808018926769,0.00699225241814087,0.356447966754337,0.178719533285611,0.172780911592923,0.275364757915987,0.221059317465201,0.0926346225628265,0.0539706141052219,0.277641720484608,0.305194941233855,0.117389954765504,-0.268505624372136,-0.0543427703245177,0.275013068498279,-0.199148988661872,0.202658911976741,0.059765202266067,-0.0834844853785789,-0.197068339402457,0.177355385106933,0.35741629423013,0.265100532591647,0.0994116793183567,0.0800891578444198,0.0282633509992073,-0.0362291649159351,0.221712569086777,0.00737750117327403,-0.457258339144789,-0.31387542875157,0.116916292743363,0.175052208693332,-0.289533123254916,-0.226105298794813,-0.426230401321322,-0.143101929305036,0.23411111134795,0.0604736035327344,0.262365203907949,-0.0260435183228151,0.00189004633108377,-0.152905686171626,-0.342399674096769,0.278399632766123,0.281087255682139,0.162837464516343,0.0860241244307033,-0.00696045440235729,0.0939704381719965,0.128010974657278,0.37543566711464,0.153517995017081,-0.209395562631839,-0.147980810198866,0.0547193574819122,0.0562172303476389,0.439608329339236,0.327542499198263,-0.0478249142598214,0.423057611907494,0.144383394498471,0.0680723482870105,0.384868967066516,-0.172117938661133,-0.259362596416701,-0.193450930315857,0.0342703892771764,-0.0721595476244401,0.0675184862045076,-0.293422909679164,0.0891994862913375,0.220042726204938,-0.320684327304687,0.161321820864488,0.00485217822331941,-0.150593453021173,-0.481166258719902,-0.1572416277586,0.202220029773655,-0.00217868532148378,0.101187646660024,-0.149257204339592,0.591144462632132,0.0419861381609832,0.633207983111109,0.259089051177835,0.586131802159134,0.579998215283386,0.40313149841304,0.0875615634904767,0.437516480946324,0.486200963077813,0.309280117271123,-0.052666963406589,0.393777075938723,0.151049786300712,0.0449316862397503,-0.197596801687875,0.125091000468552,0.198502289016782,0.0706217674273693,0.0763915677004866,-0.0224062140746698,0.159210847746103,0.488118203586288,0.269423735589373,0.288129702329694,0.045224913587587,-0.0447804715814627,-0.260463233524581,-0.0560370582935593,0.0692309486506361,-0.279185464265842,-0.242947224412698,0.216654736212435,0.123856102829691,-0.045125236144482,0.0668410871947366,-0.119788274962485,-0.109162173581985,-0.198128413177083,0.0671031285453154,-0.0717147328827424,0.399061101392746,0.0996537965842249,0.128056054854065,-0.150841895004512,-0.271299495178045,-0.248637129029788,-0.19450445930647,-0.168018671824011,-0.185090617913725,-0.0510731280289059,-0.272800475870851,NA,0.893920176520357,0.383932278765853,0.206014029793658,-0.283218116247364,-0.403712661568803,0.197599671961711,0.0642897069447256,-0.0213925156781944,-0.0907940729702724,-0.15121939703815,0.174301750524889,0.210569741527035,0.446243461831706,0.322495372693969,0.277479186248753,0.163367930675236,-0.0612410307343389,-0.200617005140651,0.135929059366422,-0.0251924295867138,0.3267585426625,0.043499553924964,-0.144481579212943,-0.155454101060816,-0.0638138771320906,0.101495010477736,0.255850332701161,0.325319351960032,0.0520072794453704,-0.00113994836639511,-0.152120476479112,-0.179242874005354
0.420692866287652,0.148972512578094,0.317375185997929,-0.314908788393112,0.129475223793288,-0.0880910512468275,0.114691123815575,0.352118009442297,0.0703893114604688,0.117021011320438,0.218149469747124,0.0594124990635942,0.444450499101601,0.422586749373016,-0.0922540412007924,0.103036910948392,0.0663743946637798,0.68792821253871,0.076980210469082,0.351183642798355,-0.10543565387844,-0.111298429792488,-0.334508522248809,-0.244855510389546,-0.197107597701017,-0.144630954343463,-0.216109006371765,-0.160762852731962,-0.0582924665033529,-0.0869757412610336,0.0671027343858535,-0.135107259033955,0.0405034499129176,-0.0787219735334627,0.151649605376748,-0.0223893408222707,-0.21856963642564,0.131098109702579,-0.178447159967903,0.0327760043011673,-0.162942722195069,0.052948296475057,-0.236719121397763,0.01474721064587,0.319303782545704,-0.0411241123531867,0.0758768139491244,9.34999806104129e-05,0.0277902857853262,0.0403742117148157,-0.310107350755892,-0.435652296776171,0.344424853140607,-0.151500782138223,-0.194336900546842,0.0284719796124649,0.236079593299023,0.154000768681976,0.124779338501656,-0.3466148658531,0.134292803341587,0.223376901585648,-0.343119944710457,-0.270828820983232,0.223894556611604,0.235081494971195,0.139199523805652,0.0870600658760816,-0.0187921335885485,0.295486487769882,0.413859252071026,-0.0777384586780618,0.32222366380535,-0.451261152836106,-0.169428488825177,-0.0287864662940695,0.0546598765225802,-0.17364012676092,-0.229597256950319,-0.239526304996212,0.0272535717232899,-0.126226129279342,0.0362705105544157,-0.341368830559501,-0.0724201991511612,-0.0293212011243626,-0.0423155975277177,0.0598110315566828,0.220502624144003,0.0435659828701877,-0.0314554130794582,0.0154318198766725,0.011781706742875,0.069972821971511,0.366019330646096,-0.0819525281604919,-0.176097204753881,0.0367622230295933,0.176319596580237,-0.240505281495017,0.25742040481641,0.215104531280651,0.0294984269675292,-0.0120537400087168,-0.38911677951099,-0.322939302068178,-0.200941102995546,-0.298579315690977,-0.126495574443565,-0.0627844581027693,0.147788166986396,-0.53267734206015,-0.315051357261867,0.172296808590223,-0.218224551860607,0.217685498942455,0.135217983692224,-0.0738973563381768,0.137767763228187,0.0950305237298996,-0.22813128414528,0.100298861447345,-0.210549504209467,0.136567491272422,0.251336497755809,-0.0119133108612023,0.459485647783868,0.0343601235405633,0.324372159739522,0.763726190795182,0.467316995262124,0.208634405747134,-0.0819520718642752,0.122557343302722,0.0192102431505932,0.400591214897763,0.212451003933314,0.0215998141406605,0.250400793338637,-0.317671588845066,0.0309036927160556,0.581503153325594,0.557811730375388,0.797789615693129,0.101897758475504,0.131504934747498,-0.181005741673445,-0.0239079600911221,-0.0821214624507811,0.0857281865551524,0.124294385795945,0.149489077982907,0.0050076137816572,0.236677074215834,0.0631759458936134,-0.00820056582392529,-0.140698852332119,-0.237386727935718,0.0379469613999814,-0.0824879212172459,0.136009957703092,0.476452911834571,0.075696779282819,0.204443246263264,-0.13059408185606,0.129953784143779,-0.329198122717524,-0.428127366231762,0.216302299770521,-0.0395630163042936,0.426262906785676,0.311556020069708,0.116200631833478,0.689157720489647,-0.0155223481243268,0.239569626623896,0.325007994251919,0.397621584751217,0.231861207444333,-0.0778170915334074,-0.16953458723597,-0.330739811319735,-0.15668881673681,0.0209082908125446,0.0383154970263831,0.0184309854738771,-0.0242617318854757,-0.2426534661594,0.170209252885171,0.0733856723266762,0.152571832255236,0.0470765481571925,0.236871569607958,-0.0479152785827224,0.0404367062841278,-0.1727314526097,0.120474360714612,0.0730647021098581,0.0221658505260668,0.0643951890617508,0.295760808607664,0.0201288296469329,-0.0248572807257911,-0.140513621811649,0.163088002245764,0.00439930641053838,-0.0283140950835104,-0.00459268319568999,0.112178414060255,-0.162069862859626,-0.0989497955896004,0.276722320503192,0.0744332057840164,0.11265886054276,-0.0166092717621661,0.220428735591414,0.00919687744819955,0.0486041977194845,-0.275843291771662,0.0720075964687131,0.382365980280325,0.0193598645254468,0.0067691945552897,0.0530265439532003,-0.00715504330441238,0.0546479218239858,0.263609491288809,0.397877864874998,0.343703138387984,0.120426455353487,0.24021744005118,0.160279841517858,0.0107376749586099,-0.00218970767588734,-0.0762790794685631,-0.456024538304131,-0.262926918163584,0.214092691895179,0.0268864316474191,-0.243971884241635,-0.212665016589288,-0.281414715263729,-0.244233731204658,0.176677782796185,-0.0618380943391411,0.249461592241998,0.0454208928922621,-0.0737204763796502,-0.146519749408899,-0.32734861493444,-0.0260203807571169,-0.0153701488387681,0.0656784551631193,-0.0744329299093819,-0.0212176327307625,0.0741839030046339,0.172340533874346,0.12331940447511,0.245740695549298,-0.129427422192621,-0.0242997649713443,-0.119735964598508,-0.123867475142325,0.240791608322396,0.199889965455398,0.0269625728896518,0.452648870181315,0.231494550886184,0.123697811122019,0.211589030147219,-0.142344952065252,-0.219698748205946,-0.328390666911308,0.0480787281270003,-0.167506075175453,0.212505045832072,-0.310639821900752,0.278905284932986,0.490470213156907,-0.178585541393921,0.49773856082842,-0.145786433097481,-0.189476232698913,-0.525243065303608,-0.315079126208212,0.237728063256612,0.311056249108036,0.292577055779606,-0.0330169502875957,0.719258449551269,-0.0340153142200899,0.40847499249734,0.297453293026317,0.663426800944419,0.437338686297719,0.343779412540118,0.206272344408227,0.321246570179301,0.405734958117371,0.226819540210861,-0.176210239052627,0.264396797562638,0.0843407000942596,0.00975645205931182,-0.25402293857543,0.165356675561859,0.184964821652222,0.015457134178958,-0.043595628572531,-0.0536698921763336,0.30296297279654,0.439874421542478,0.354256491495217,0.222381793611752,0.263964366243207,0.0387707569042544,-0.363998562373542,-0.0705605217202682,0.24112775158899,-0.183054443716183,-0.0228915249278815,0.451792617226534,0.246758774832543,0.00508400362622421,0.313780793208011,-0.161071432686131,-0.0433785015037997,-0.0930349996051058,0.0438755315070747,-0.172914474864049,0.42086641118767,0.134379053336185,0.368072928297929,-0.262855558544796,-0.375548013803359,-0.340477030949197,-0.203874726861942,-0.190357826830761,-0.276038478730275,-0.100491825940361,-0.378185034552453,0.893920176520357,NA,0.192606133385374,0.282324576678756,-0.281825549821465,-0.453965083856454,0.294560933695849,0.0437647951115246,-0.024310638299985,-0.0943857579653812,-0.000463337355628652,0.0379794288060916,0.072138051188796,0.435348565931663,0.276869614459227,0.317699941103196,0.0836445425899124,-0.0244680161388712,-0.0908677101472605,0.146937096942621,-0.105636211358096,0.414986575977119,0.159988942832778,-0.013391471649129,0.011403494523836,-0.049652691998951,0.0792336536322568,0.256365285852856,0.293432195027174,-0.0697969178273491,-0.116600972690527,-0.217012763567547,-0.0563746556255102
-0.0206132608149738,-0.0595737600324838,0.0135808562293178,-0.164765081408533,-0.177532491385999,-0.222532385027335,-0.134725559951914,-0.248875713829997,0.00917993562128787,-0.196771775136715,-0.154277907750954,-0.181450403571386,-0.107870233924691,0.0793882803016957,-0.220282690354926,0.0976139096333141,-0.0890685182256653,-0.0880142914765526,-0.00971865542495768,0.0299549799308975,-0.074421252116283,-0.143711022835231,-0.142617836366526,0.0885080063814696,-0.113751480151777,-0.138724590027563,-0.183497253764635,-0.0119931488712124,-0.133430808295977,-0.00986428707064528,-0.0304258622543084,0.0112824788976861,0.0209565812342692,-0.0144737841913578,-0.0633663954699103,-0.0863115963170809,0.0908553607125584,-0.165018237601655,-0.217635882563327,-0.19005471158461,-0.113285549399293,0.175683498512152,0.0850070389343023,-0.0812856312759664,-0.113660176937631,0.29265091476213,-0.0450263019193993,-0.122395792922376,-0.137659445350924,-0.0560366504257961,0.124933258779306,-0.0785008775301854,0.126193723049122,-0.142809038489672,-0.236841489381776,-0.252122737184993,-0.115733750543703,-0.12103864752005,-0.248111168283298,-0.185660886325666,0.102386766515046,-0.132279238434652,-0.141645891501477,-0.0952418818593831,-0.084682049322482,-0.0979671892621454,0.0591095417113637,-0.0695028738754683,-0.0900557495985217,-0.0371149316600733,0.114582536006076,-0.14361732267448,-0.332621631018756,-0.0108973002405891,0.05917899020254,-0.0676403113119571,-0.0535996841546478,-0.0102056374845131,0.0299667082718745,-0.16919599884312,-0.174655133240936,-0.187558470643346,-0.143844939491279,-0.0863351604179626,0.145011863295048,0.124710419441559,-0.178746145269502,-0.0686225303245258,0.111813337489097,0.0011717179714666,0.147009320561773,0.162721686161949,-0.0885206962149823,0.114785844702091,0.155953890321406,0.0803913031663731,-0.227175609126104,-0.241091907951236,-0.239314516567533,-0.0476701744540989,-0.0754667171537994,-0.145865465644785,-0.195344150354448,-0.122385744984106,-0.0218289176815811,-0.118529761079774,0.125078624633005,-0.0915905040314464,0.0732637042084428,0.0256753993039916,-0.096340520945878,-0.0959681780583539,0.0086295457094441,-0.0329496643933204,-0.376241002615545,-0.182099563802945,-0.0399575665047215,-0.223874399815074,-4.47148867387812e-05,0.0513319568807414,-0.106289901015044,-0.0673447091019279,-0.300459725432471,-0.152380576395227,-0.0395856910967795,-0.227131933766817,-0.0396843672202444,-0.106040587061531,-0.231582098010651,0.156079174755296,0.016498715909069,-0.169471607100573,0.269395550784057,-0.0634252272034,-0.187658016191686,-0.0896163114385335,-0.295951370845735,-0.300653773462473,-0.215879438366384,-0.00796434497804625,-0.0982411279633954,0.224032549962021,0.116453540854384,0.13158701632561,-0.184421472266577,-0.0568588939774509,-0.160493836314966,0.0118974090752589,-0.0433244685120633,-0.0737332158491986,0.0914762602667353,-0.0932620798783377,-0.239322896270199,0.277125837209361,0.0816495012856474,0.147782991535889,-0.00794737016506535,0.146592885630094,-0.348572669887531,-0.209257994893829,-0.266870458919522,0.0137599282281307,-0.0181554719816582,0.0938986078676184,-0.124094256326816,-0.228399934044217,-0.26854692524602,-0.325177312268035,-0.0739331175768638,0.140765282134123,0.0352922578377207,0.19568033219324,-0.113020702719246,0.0492281788181455,-0.202211491845046,-0.158471668305552,-0.121126321977703,-0.0399937162022962,0.213852476504571,-0.0774471839744219,0.0576101789411938,-0.227908218230349,-0.136234924906606,-0.20855191996649,0.193403516364999,-0.156767938802313,-0.134344452374082,-0.190707834643408,0.0322769837800257,-0.0585360122609793,0.0675881032672037,0.140172935363005,0.0525862596532698,-0.116108609789998,-0.0547897209169792,-0.000490457362187699,-0.0320706476944158,-0.119829922540645,0.265506710359119,0.0652109122103908,-0.00706643611219459,0.04590504738425,-0.0938105240025421,-0.258752459676364,0.00351356896980173,-0.0848146223729582,-0.21955297577504,0.170508338962702,-0.206240217471012,0.0825608947715782,-0.0659018934674473,0.197135071962723,-0.0835963370521557,-0.177356255250341,-0.243600865683841,-0.129201164531416,-0.102851716367331,0.0424552343550675,-0.245380420569881,-0.0928657257407187,0.0359085078792117,-0.0797140989880161,0.00943545259258634,0.179066787605167,-0.245628349765226,-0.273219938490905,-0.0670740905250469,-0.156962924721365,-0.0703355320252793,-0.0969761980881355,-0.0364200467314417,-0.394209171459088,-0.076697310246662,0.143355392151765,-0.0604700954474466,-0.200956937819167,-0.219145307380025,-0.178390694309757,-0.114131378604092,-0.379334605823901,-0.00458424107526707,-0.180094177331719,-0.173086681868493,0.204411127263474,0.0187707492813776,-0.0116667496852682,-0.291310150013212,-0.127809522244161,-0.283220977186738,-0.304684581548832,-0.179510376614871,-0.100696484242038,-0.0349629703291524,-0.157627568544484,0.0433264095583697,-0.23396197037379,0.0671049551513272,-0.0399490479331135,0.231933855279866,0.0248636001180221,0.0936603426341706,-0.0746071051038982,-0.0991251807774796,-0.22255133384009,0.0345896019778214,0.00163896853133076,-0.122124352218471,0.094313945798234,-0.0957003692217961,0.103244014755012,-0.214187439231837,-0.250139469361186,-0.135999466387795,0.0332821765835447,-0.196210060187937,-0.10098043790984,-0.150596748782528,-0.0642730990168887,-0.0265291991884729,-0.239856657222215,0.0284239485252631,0.0360370475935034,-0.135839357073471,-0.137217357376853,-0.177082919701924,0.0153221361688489,-0.247556685707749,-0.0847751855410114,-0.0633802108778847,0.0942597161007412,-0.140015456832237,-0.0184926983607612,0.0140462216198046,0.188460523639997,0.351638826616779,0.0313647900058905,-0.00405852675569811,-0.141247827583043,-0.15393615461351,0.214757953503816,-0.138322066634617,0.271891987103889,0.13891955194519,0.18502545934616,0.126456441148496,-0.0778455676620856,-0.155163790911145,-0.339441209008838,0.00990407867736701,-0.232803240891128,-0.0157759519562841,0.382912060628976,-0.0574761389429145,0.0123084571908686,0.0101175752119662,-0.162024241354536,-0.217883716291577,-0.289600319999569,0.0292417490645325,0.154088571644932,-0.265669689816813,0.0549819620242645,-0.110040964834409,-0.171301858077791,0.0261717971756875,-0.154940166093744,-0.091693007555332,-0.0474817245746119,0.152138868798808,-0.276520298713509,0.0175510224833096,-0.26224881836866,-0.0210999276277495,0.0551497897270366,0.0583746111646077,-0.0681058589151131,0.0767682757628263,0.105517043703033,-0.0350153090512819,0.0892248058337968,-0.151899088308631,0.383932278765853,0.192606133385374,NA,0.0337288959834223,-0.133389080748913,-0.122443557742008,0.0696854750310135,0.14557435718309,0.16609959751908,0.217349488609174,0.128733159746791,0.0351531484157843,0.0683273027156559,-0.102447139972738,-0.16000545593324,-0.226471154608522,-0.083218603467713,0.2857051830096,0.0401153427310278,-0.0557711248197598,0.107033215580546,0.075981099872027,0.00980314021364182,0.0622578187224565,0.160411921061345,0.0533972436702169,-0.0263630362906544,0.0145403710444017,0.00517788815130106,-0.00566496769622781,0.154616848063209,0.107532834735785,-0.020209140607196
-0.0932263775891883,0.109901315946212,0.281281819040569,-0.209464662100717,-0.0659969044678882,-0.0928920879368486,0.235333803305685,0.420512621537574,-0.126561474840178,0.370867755642014,0.0463159288712047,0.176086576205579,0.202539602825724,0.0714214119102388,0.0631888194018985,0.0102653706533024,0.256777126652351,0.099698832903284,0.350232368935555,0.23203964650021,0.293801963509324,0.348244901604683,-0.0206254203305681,-0.226990957246715,-0.0741163223618313,-0.147818560421831,0.296550143431071,0.229399421300811,-0.213641318124686,0.201855854987812,-0.0134674416821824,-0.147646769939087,-0.0406968562120033,0.399559241508652,0.145574428551879,0.0116958049257268,0.224755851268932,0.159562943146442,-0.0707462959887558,0.229844436307849,0.207507825540853,0.397542064665089,0.108412261134959,-0.266708566821437,0.274161383970664,0.0424079380631823,0.293154250612709,0.206061045559008,0.436228527656407,0.0466621741332309,-0.211606266910312,-0.154072380148039,0.0936265832157103,0.152047420751794,-0.0525977269745107,0.016266036587691,0.220563243179911,0.172414791245654,0.190732668708576,0.14968183978828,0.247277799764766,0.114827461730551,0.199772726034698,0.183182879433065,0.312247731358156,0.268443314109607,0.196519547458002,0.209973637164976,0.118647221450411,0.173128986740858,0.305200054384758,0.26278981670349,0.144004802231011,-0.327384283422918,-0.299953158764333,0.450503135929262,0.302823149600427,-0.11079889145617,-0.172671595187046,-0.220628042190724,0.161039130752346,0.314010643207655,0.238403100937739,0.0214920122038707,-0.134474105092569,-0.346261023558509,-0.0573339040279025,-0.0281811129040375,0.109951913436346,0.133284351821303,0.0739402568011645,-0.153300214257236,0.181639309016296,-0.296916168631318,-0.229172110138617,-0.0742559413591477,-0.39846239263463,-0.159839198285656,-0.0618080535358949,-0.356115845090401,0.367503887785521,0.302298913694185,0.22068310967615,0.312394111447728,-0.00117662745575789,0.0954614317881859,-0.240471251404913,-0.171597889343809,-0.153525301912926,0.0465452647971405,0.513611070947426,0.0508452270752152,-0.20017436874335,-0.0495943947098758,-0.194107052408301,-0.313355166516148,-0.283412539256751,-0.35745264936301,-0.234511409166127,-0.144224152720785,-0.141202269434601,0.0630422922724683,-0.339850830827098,-0.0926546758277933,-0.372526536897246,0.133853006381339,0.105009838712121,0.104391418238397,0.236993780507106,0.109127348166726,0.476621382021485,0.313880115021171,0.0448765443444935,0.0329614564680898,0.175179897475733,0.337379386765833,0.240128111372879,0.19133057607099,0.240327702657954,-0.221559502673329,0.0239340150063572,0.117605407950986,0.0445215636357307,-0.120270875672214,-0.169344284695984,-0.171086225232358,-0.123100419355582,-0.204507411089828,-0.15038240500172,-0.282103756073205,-0.317725755742107,-0.151952513989552,0.39811257780522,-0.127864654061272,0.203771261330495,-0.27192477726208,-0.109249395532336,-0.170695434960625,-0.0109648266602548,0.10896068563681,0.0439114239281336,-0.0750145621058112,0.0506308582127576,0.27843406571063,-0.228194074092395,0.0721491276148415,0.104512673897905,-0.20500640757439,0.264078033988886,-0.298530801583499,0.301031966409995,0.141939398898441,0.110796779393575,-0.0130925928689608,0.143369698921771,0.247826101752965,0.258604816282503,0.0162991779116182,0.249489452121806,0.113902795297326,-0.221469985310203,-0.423284378279573,-0.13722736570079,-0.192785816497244,0.319054669511354,-0.136785276208929,0.559307382430683,0.0318799243571126,0.16854765706002,0.0871040100256116,0.0205416728489749,0.0922874384062751,-0.0462462658614376,0.0496500222224288,-0.0388453777361353,0.210353802244583,0.158659583964882,0.0504423527270684,-0.152413439337797,-0.110334265155771,-0.0389763465673191,0.110883047521578,0.190139429525897,-0.020863027969229,0.14655230438895,0.00921463977790778,0.529139391366723,0.170579121448538,0.0774726656292144,0.173601452292829,-0.130919748401824,0.00758425642748934,-0.0187861043609339,-0.217364107702586,0.209574174953718,-0.0224337289613453,-0.175515100900038,-0.164125136849358,0.243568579859135,-0.0975291139028058,0.136901234687644,-0.0969841846444609,0.224896259224687,-0.25850244034654,0.0116068533701255,-0.11026246585579,0.272677217485229,0.305545855638882,0.24764745140374,0.277948916728692,0.259848243929544,-0.0135989473506748,0.152627508752289,0.117659073661522,0.363218219055378,-0.2772425283246,-0.172636858085486,0.421061090777616,0.342007131877811,-0.027990542339428,-0.34931363818449,-0.32629774716954,-0.243435610084813,0.246445884862185,0.418300968558485,0.556283313754742,0.0190690864769327,0.39466430762066,0.117165156104871,0.145929759545824,0.0506491102508801,-0.0779640161541989,-0.133038986473472,0.0559434953751791,0.173785657638451,0.0677899796853788,0.111390601554553,-0.032094221138447,-0.173836868346437,0.00790223336825894,-0.0188457420189947,0.101742304869683,-0.216060334580673,0.0689941827382101,-0.207521193927901,-0.0215689363689551,0.163299454504435,0.264775750197491,0.4915929340218,0.0808443446976294,0.207181549215797,0.187299203766941,-0.367160487731802,0.411187915411768,0.230839050647722,0.00622407664408075,-0.0406015242796517,-0.0932386759948984,-0.194104113498156,-0.104459518462803,-0.176826486951871,0.221217238805942,-0.371423726211612,-0.15561587368641,-0.198814246819228,0.0924103193721792,-0.11909654328806,-0.28795737027372,-0.116003978628822,0.2139547545501,0.127993714426027,0.102710237427069,0.663667727003856,0.242302142676791,0.12483293246237,-0.0727326953997617,0.32715137867429,0.43513427776803,0.396476625877774,0.311719791157848,0.186864975704616,0.188049629782072,0.166737952046191,0.328729637581983,0.192179027918808,0.267525186905646,0.148786427700085,0.204795022251524,0.0534402029096666,0.182587458236384,-0.049508880826703,0.223245450522616,0.0732798221978349,0.243627150283183,-0.181356627549718,-0.0128068478572488,-0.00787667642388638,0.382125987868947,-0.104735165574396,0.104168530751656,-0.0875684049342242,-0.236598060417612,-0.269119463948548,-0.092578009382905,-0.123240347171497,-0.0070528818660383,-0.043379506837382,-0.0934626080622671,-0.132110681874705,0.174841967665,0.0235367063970166,0.166610958327153,0.102225609922048,0.0603696309741984,0.149913371155024,-0.125181694073332,-0.0444342663014529,0.102773274813471,0.107427636331125,-0.259898099027865,-0.0876922961256063,0.206014029793658,0.282324576678756,0.0337288959834223,NA,0.24232987866628,-0.122655168909593,0.440286158742248,-0.0956225034807021,-0.119764580799735,-0.178814879628965,-0.277355307350449,-0.102743393651479,0.0217407050531559,0.130934036759257,0.136257651493516,0.395363459673081,0.375473314772104,-0.172456235483895,-0.26460676136315,0.23718301835878,0.154143656583215,0.155240498484457,0.0354791236132226,-0.0905421039952551,-0.113368232907398,-0.0251453543969351,-0.0221742185208718,0.0446365019627858,0.396228953314345,0.219610847604273,0.272121577051189,0.197129790678237,0.0180311963706043
-0.267958869841852,-0.278222852860466,-0.111403045431872,0.089653721175168,0.198849811188723,0.079204149270574,0.205104044295801,-0.00857207104355641,-0.0487994306411604,0.0623021692945683,-0.012898947360954,-0.0720981019890124,-0.0512907160402293,-0.0865915668267886,0.25746745302957,-0.227471110365071,0.201601384725719,-0.115616224661878,0.287118380384955,-0.0123871051868694,-0.0704029294539816,0.253645857142478,0.231284046372005,0.263318094014773,0.264752713149564,-0.0614342582614896,0.358224407147975,0.367253802433364,0.324063744394875,0.0452773307815477,-0.1329162297087,-0.316494906079031,-0.0373974803370135,0.155440034505313,-0.200150553501482,-0.248213948276821,0.00203716865489361,-0.142358021577182,0.0990570571595717,0.381550556903334,0.178091427058102,0.166169229112374,0.29853039630786,-0.05886307988364,0.0724989809069966,-0.156396584979582,0.00788869782560282,0.0660723090527538,0.129801806840251,-0.148848276795112,0.152666270070885,0.224976064441258,-0.382824625150583,0.0471247034308161,-0.0773912105444134,0.0806388684697132,-0.294296382107345,-0.0188073857022302,-0.042509515707375,0.365163721186279,0.151954719330002,0.04120747386568,0.314360495213387,0.371864652825339,0.0313357690678531,0.02975577224162,-0.0486028900606326,-0.101685285166554,0.027204980288895,-0.321102291822124,-0.0138175226842751,0.220441233454273,-0.0859099064323708,0.254653147836845,0.0956979019433897,0.229237713977717,-0.21496486038145,0.24570284958883,0.126962477758389,0.228499706734042,0.183337078390123,0.40491745873218,0.236647483058254,0.45653360864779,0.329673042804055,0.1519209902784,0.0307393637015905,0.142251203634805,-0.186273151378976,-0.142289867926298,-0.144755215482087,-0.236827110437493,-0.0626548693926553,-0.211679096711226,-0.260526729064085,0.0196599479929615,0.185342654328722,0.309644640863408,-0.082280756575257,0.100888490629582,0.158800806587847,-0.135167290959543,0.17051232183619,0.277534615105585,0.0930713084657647,0.509849532848014,0.261084066691712,-0.105213718247871,0.081082855352008,0.253076628670885,0.323278529875605,0.406429560479721,0.228386637064617,-0.220961100116499,0.0490825707773787,-0.072059753457273,-0.00549564487643783,0.0597522555978308,0.170277209606874,0.0965261663838902,0.108320094818726,0.0943857231728165,0.178155818395783,-0.135003071010651,-0.0804139134242491,0.136738317701944,-0.0644392424786641,-0.361784377200962,-0.0140451679668944,-0.21396837343128,0.066274065192418,0.110989160708411,-0.322033382466306,-0.249962981611626,0.134261177757868,-0.00234171605914199,0.111412435583735,0.0463515135000862,0.227212074834708,0.384447950733737,0.298447172111833,-0.0342206924323674,-0.005283557312586,-0.484841986211191,-0.0989328314198904,-0.106951646564988,0.180996077550412,-0.100234539914952,0.0767014424385423,-0.0766691784857936,-0.144328780400434,0.117196183171439,0.327688855016414,-0.0738827212130369,0.151790224050545,-0.0762469280350554,0.106830159333035,0.168783875052934,0.0152744835309174,0.184279352400497,0.0620704874805247,-0.41294699342549,-0.204799643387063,-0.138013815883198,0.0363725019556627,0.0220491413273156,0.2739268395177,0.363328272061295,0.0362878091108324,-0.23317676209439,-0.134129800576427,0.0819263311135434,-0.12029212880177,-0.296167391485861,0.11010086531966,-0.0977420121977783,-0.0744365407868959,-0.24624107782429,0.237768528058972,-0.100842352212781,0.112557725236997,0.177181210914069,0.19515788322628,0.105616284556186,0.126031582547555,-0.153917402900462,0.317073130804477,0.0221495132420774,-0.25440737404019,-0.270437479095097,-0.204050792598407,0.343725122630166,-0.364241224832067,-0.0083653493827343,-0.168991047999624,0.0290143367664447,-0.116996903569285,0.213789734511144,-0.0853184379304035,0.00696079606554458,-0.190877792896521,-0.00793103840929618,0.166261575821732,0.0928793109396693,-0.0397730697450328,0.0270077679435986,0.275241071184674,0.13073586966442,-0.057289928269102,0.12519191069668,0.0395921492074857,-0.472745574555884,-0.286992430870123,-0.31379240809563,0.0631245193602614,-0.248704153456101,-0.284846668499209,-0.294313546986796,0.352230574266871,-0.0963179673418845,-0.0970438456202,0.0362875918572382,-0.0450500836602964,-0.0346517403910514,-0.104236134648977,0.0655016252149838,0.0159702834722129,0.0742251584735199,0.0349943519947748,0.00693288169407984,-0.0535253198617654,-0.0608959810744975,-0.0534433110961062,-0.0351364204006648,0.191473384322889,0.308946129182187,0.275631857028431,-0.1341539678877,-0.105584322864797,0.178219662937231,0.218553205814777,0.287116270609978,0.216078154255843,-0.218320345398284,0.272466896359152,0.0787708842277015,0.245175009495861,0.420895279678684,0.235922471233706,0.37268108761117,0.125883885891253,-0.0751781770439501,-0.00304606718045781,-0.00534955143194798,0.0182767823526621,-0.00428033181898586,-0.125924239708613,0.0252381712172486,-0.303114057452298,0.109550943564246,0.0769653687753607,0.181359123058423,0.193704285765223,-0.140364158571394,0.0146101828984601,-0.270685305033896,-0.188183354701066,-0.0601263409096704,0.00718032797739209,-0.227421841176794,0.45566481870191,0.0235110096558768,0.289675942374121,0.228935993023014,0.371601609812869,-0.0111493855441917,0.204068845717083,-0.148683523814066,-0.151369447733591,0.133089339803223,-0.124125743071969,0.0735213286657556,0.100626068720621,0.445859910422401,-0.0713485704149247,0.1145927977085,0.00988164492550333,-0.203365447008241,-0.0547287314786688,-0.211251052599359,-0.112585388359571,-0.149265743474888,0.328449531180737,-0.00292012263870976,-0.386759208494312,0.0182133750023001,-0.0485685967964418,0.159303839714633,0.123073454721483,-0.164082674341596,0.203709743048572,-0.182260061259975,-0.0618501012363101,0.34284547164386,0.381709795667387,0.0539596043943329,0.0334415247496532,0.0126213468811806,0.04401585546828,-0.105626400802363,-0.431186675301338,-0.215934136824278,0.00307770392932522,0.132539614411777,-0.197925627115035,-0.125156882787799,0.0926532890311566,0.33170124197854,-0.0816428766942825,0.201000906854924,-0.0335477771931785,-0.296437656050344,-0.198842545761452,0.0961100040697532,-0.154600366441943,0.114773963848764,0.214135369448119,0.312694567866735,0.0527204564793284,0.307613116507243,-0.188791151421408,0.210759123690133,-0.0146457554251155,0.35838279570757,0.317187983231371,0.540631683649173,0.450473117788645,0.50729646820194,0.510834902272167,0.116025047916001,0.240384603571039,-0.283218116247364,-0.281825549821465,-0.133389080748913,0.24232987866628,NA,0.680296145653664,0.125791606468624,0.0740938268085881,0.0423615077801458,0.00766486829097817,-0.032811207595173,0.0378243437183688,-0.082436376361748,0.0814195883904126,-0.0151332185152073,0.184484720597106,0.256421161218335,-0.0371841358405297,-0.00180795787837828,0.0116958669968247,0.159334729499526,-0.0277332034161992,0.129545409122526,0.0667785379008477,0.255247584691616,0.350498778867482,0.193536116368263,-0.12773838451897,-0.0289371408147225,0.283871870099866,0.251537838739395,0.37612372815723,-0.0321648146837069
-0.37592514727294,-0.45539434754197,-0.318328794489925,0.00167685404130945,0.039342608771515,0.00822574280306739,0.0398850637537003,-0.40947256346398,0.153592751413213,-0.201441845289143,0.0682489722322393,-0.0590252549118363,-0.347414890288,-0.219211208705305,0.362437400570809,-0.158169781885007,0.0783335287368664,-0.230656091336482,0.0486510801615398,-0.30935201119714,-0.227140147025988,-0.00626211193092593,0.0408084136398344,0.331582437462982,0.193596999742014,0.038064903127227,0.241754313240395,0.225888912934276,0.0720817769897958,-0.0464482326689214,-0.214929015297235,-0.471230094801771,-0.319757951958079,-0.0152684214848939,-0.393900742920834,-0.309676273896794,-0.0643733935352522,-0.38498191393513,-0.0674968345377424,0.0471412808522339,-0.0958425965827544,0.0498474541376195,0.283358971222531,-0.0418109211664956,-0.220319995006802,-0.189476535006915,-0.25680330181709,-0.0141638565294867,-0.00710695392268308,-0.379848412034145,0.235267993936164,0.323605757060068,-0.45649099400234,-0.135380366716657,-0.0595976723296007,-0.270095145484479,-0.492408603998338,-0.270827154871549,-0.0954584470145542,0.159782040914097,-0.433712430443451,-0.179217983736111,0.253847325451184,0.248190105927497,-0.443233459566784,-0.127674844550021,-0.243878691428118,-0.14373835934545,-0.260574775500511,-0.3184551651515,-0.147011389524403,0.121065311893686,-0.095744811297203,0.316741979117828,0.0179075579799227,0.102426229311607,-0.406221344159899,0.322216603103167,0.153945214252977,0.325643622291609,0.130317671182891,0.420631401788482,0.25774294970639,0.694070231902689,0.230319771523078,0.137873867675622,-0.131382070786472,-0.0626343209195887,-0.288952165879441,-0.460975582782363,-0.0710542118611787,-0.047319546014062,-0.229621144657813,0.0156524604304904,-0.21500273201342,0.0518068795233507,0.275352065032363,0.405579530003513,-0.354592104420126,0.198751235354031,0.00251919399300997,-0.123394687329199,0.0601030845818272,-0.0501433631014419,0.167822098360872,0.372851168618009,0.234509274321747,-0.108915218809918,0.0911920048082161,0.272830897830656,0.0895287039367131,0.327796170497743,0.207517522747924,-0.216696544381333,0.104524739015942,-0.0147925455883446,-0.00509174834864149,0.108594043311079,0.117857973078444,0.208820653879074,0.17484568143008,0.218769730672335,0.32515237973333,-0.0833870113633856,-0.159836563852652,-0.0165624629232739,-0.269207031600503,-0.414614522071977,0.00471171628407347,-0.328867874054072,-0.337148773540482,-0.117432893044736,-0.345683271170723,-0.0917374525538206,0.198098709144535,-0.333969185170495,-0.238975409341391,0.0367806871843776,-0.0556820984824686,0.715268625150705,0.411759192703864,-0.198686209269743,-0.207140994059983,-0.408700967928514,-0.125993221355217,-0.138881134420889,-0.0517450772513697,-0.0550579786968892,-0.202634678526898,-0.0364129766574806,0.0294279566046511,0.142354637400096,0.033142224922325,0.0131534271766742,0.0174429486226771,0.108180759660675,0.0857357674180552,0.092210478161836,0.081302091984532,0.0147588210386594,-0.304245458732024,-0.438618551807431,-0.438423719072402,-0.362676947673272,-0.0209918617520914,-0.152761399182765,0.37420015837394,0.552720618380531,-0.199299172363371,-0.0079848370223261,-0.227329940000915,0.0184055951537199,-0.16963794728206,-0.422115008556995,0.148833293671736,-0.239618117202437,-0.315026611747514,-0.247457735544085,0.29228988993465,-0.13674977854155,0.0604872978455426,0.233028067133463,0.395364716296948,0.08674705416173,-0.00660617210272554,-0.157413031708909,0.125245665308328,0.12613136614252,-0.320241655498108,-0.350622719030124,-0.349139895642674,0.0884713699819338,-0.43223243747442,-0.0517118781260842,-0.214027900539782,-0.0785728630165197,-0.22975003673784,-0.115493090727442,0.0212671320377302,0.0134686182471468,-0.34010208952031,0.0136267960426972,-0.173372801101053,-0.0482588390221904,-0.259765770458856,0.0331015288775334,0.0699158269637249,-0.00536942436704336,-0.41623320945835,-0.101347206898278,-0.00117658524149529,-0.543815334863212,-0.56052446153926,-0.402101595828854,-0.378848886551819,-0.431085198162263,-0.389285532563112,-0.37983977890611,0.361836446361649,-0.0917352817850947,-0.212968146780613,0.0418507501790947,-0.164909091325478,-0.0453350123973925,-0.170859361993541,-0.154242628398726,-0.388844467566143,-0.218536821975555,-0.0813780364484169,-0.190745560074866,-0.183939653555726,-0.309249656270435,-0.317467269883809,-0.00427197961014179,0.0129053810178444,0.502160442034594,0.107800480034966,-0.356625659351564,-0.302018564458292,0.233985120404706,0.233800869166225,0.424886697198563,0.471020274801882,-0.446046711789293,0.120297885686529,-0.111393439552155,0.364949670239363,0.291202411293507,0.227321763211375,0.230561169460246,-0.142237350755595,-0.156540326528349,-0.0228014282251522,-0.0812948120064051,-0.408666996845223,-0.187581254761465,-0.135979733111752,-0.0134665544294148,-0.232240015051025,0.274665833055266,0.0763699883936192,0.222784455327153,0.496602237469088,-0.452611081130931,-0.13930484310624,-0.203723988270127,-0.425063452914622,-0.182570136941911,-0.202167903586274,-0.48593402159304,0.413751636164796,0.0950344683668449,0.439798979275616,0.111190604201822,0.237108772023722,-0.0144169311176198,0.272401858589129,-0.0897596133199279,-0.0710679501498505,0.300662162844462,-0.185802878804636,0.0317961353859537,0.316705497932783,0.257527342943484,0.313577032832367,0.105641923131093,0.0320213826695415,-0.195493871436597,0.155766020370787,-0.410603509886103,-0.157140577494959,-0.159227520474397,-0.0347892971260535,-0.225341212566399,-0.452810404325759,-0.0786625034521213,-0.201395231419329,-0.208639376051179,-0.0887574592586857,-0.0230232533794369,0.175833866357099,-0.268138758248087,0.0239323371181258,0.106692957018379,0.457116651863217,-0.184211982034181,-0.0635733842467999,-0.0413667448044895,0.219321943091649,-0.239262286260136,-0.515099614865749,-0.349410387236777,-0.137114863042007,-0.153793341681837,-0.168500660497865,-0.252540342577832,-0.0998346361488927,0.101352974029235,-0.078355973968334,0.0896936035663663,-0.0748571738081783,-0.245485606767425,-0.186110662529831,-0.0570199647903255,-0.0776503680470989,0.034426717001537,0.183131663307979,0.307994537416119,-0.0237150196510839,0.106313226018765,-0.276672387641429,-0.0452727080321561,-0.138240321157334,0.429322777965473,0.30599790435529,0.51073386019114,0.49689932437806,0.333866902727223,0.264498818770811,0.213926172971311,0.324561674335672,-0.403712661568803,-0.453965083856454,-0.122443557742008,-0.122655168909593,0.680296145653664,NA,0.0029199689874982,0.180605350871209,0.0335435303738304,0.121017080638586,0.0427778605860396,0.279517689881504,0.0420254717100725,-0.120843194757644,-0.0584509211165878,-0.060789620936887,0.0453129649175466,0.100278365954123,0.14792570343329,-0.191121244055212,-0.0274369675509645,-0.0707072271034124,0.144159659478262,0.131800717748783,0.0777613343996142,0.328772239133188,0.0870240249147804,-0.240060177863518,-0.287562107473105,0.0766478883020305,0.115855666286385,0.378851087301388,0.0776542876424392
-0.0278208471819617,-0.00673251500380529,0.106383172259235,-0.332304230489371,-0.00534361335173573,-0.151938879734978,0.372776620811801,0.075557281732086,-0.0370927883970762,-0.00337750495984035,0.073430684735293,0.380061580182633,0.0227447859835777,0.0450703580367033,0.0265915432002656,0.0780191689306215,0.0205111470594227,0.160947070871993,0.200555512022998,0.122754200732046,0.0717021798730801,0.0454557898347774,-0.0732789636162273,-0.0615830901246805,-0.00204204751320149,-0.159622353011851,0.0201886862266125,0.164213815698715,-0.19760160343221,0.108435068300933,-0.386729061470008,-0.404834067978768,-0.218009594316486,0.198255657992422,-0.242701398862666,-0.221277787144502,-0.0435230414023353,-0.11136173728073,-0.0988519492312622,0.0289051326294183,0.0781012240663731,0.247872515553113,0.0520782606606559,-0.27290577353364,-0.0889864134715319,-0.0735785887094991,0.0263011699127469,0.0861353158748388,0.232603438031562,-0.0465501202304921,-0.102658674806923,0.00667993751306036,-0.0112531833546922,-0.130942207195769,0.0532866768333537,-0.106476814551619,0.0262140212206775,0.0459771648040498,-0.0288555066115526,0.0267778686821514,0.0112720305901675,0.0577400883706523,0.206813590350841,-0.108329683560106,0.0641502097387044,0.296800621147623,0.219212917680825,0.170971856496675,-0.165415893842353,0.0588934793097572,0.420651366821125,0.235705214894092,0.282926365758808,-0.134074887708107,-0.299927682352854,0.241294071197898,0.110918432287828,-0.0978118727647559,-0.263280307113819,-0.171523667296361,-0.0261888354657966,0.194903383449056,0.337189495926418,-0.00808419150770925,-0.185588049871052,-0.291453921124827,-0.0824368351447375,-0.0618236667309015,0.0300617709193654,-0.00360537192456887,0.155052928890355,0.0869387649248576,0.12755417812446,-0.121589976750372,-0.163578938791012,0.0267851884631539,-0.264301298860632,-0.133810801415364,-0.171056532925067,-0.22806097997978,0.140329972664513,0.0332047807353618,0.190382863945201,0.0537172249900742,0.0210685414861683,0.0297191103573897,-0.188322125323639,-0.339163782896746,-0.243369397513204,0.257610517712526,0.197228674825289,-0.101100816762632,-0.155660375457976,0.132147476441742,-0.072902165055236,-0.119652551838691,-0.0815877484697173,-0.222633576585876,-0.0588085340483069,-0.0157499884245573,-0.188915062098261,0.222839277548737,-0.494555618523536,0.141430004680352,0.0520773065875297,-0.0365237304333139,0.113491952214962,0.00865486512847036,0.141753047615717,0.342551889623009,0.367468807219957,0.0711002399810543,0.125481122617204,-0.254051053483403,0.165250460109295,0.196927610948656,0.0371532760904075,-0.140314120822788,0.113987971784655,-0.0282937910849125,-0.0163320519381327,0.393577910485376,0.105421382317809,0.141576296509244,-0.234705549174755,-0.287834240548291,-0.0873050798821047,-0.205905392934994,-0.174409622533964,-0.293937342904844,-0.206082731256843,-0.0188585892312704,0.275504941805573,-0.116695645491326,0.250894385523,-0.194952127938045,-0.0655673217375031,-0.210169603509285,0.0749000401019449,0.0746648915596247,0.0149127143037207,0.087531903567262,-0.0451910659754889,0.107232660029559,-0.100061091133359,-0.0425809453443603,0.139766637036274,-0.0677475934273996,0.0411241271063459,-0.0225600253493363,0.292892658417351,0.419679660010321,0.182164753301617,-0.0225103166477402,-0.0970387963366066,0.0261894686144415,-0.0834866832163332,0.142349851340495,0.234807760981555,0.11603980314266,-0.17796586071475,-0.0458534009962837,0.15648573769704,0.0256989288640925,0.210160444210922,0.0166434923152073,0.264673945057701,-0.116841744001495,0.0279683148538847,-0.208592388931452,-0.131951656681088,-0.0844275907304892,-0.218038033626146,-0.183127994930422,-0.123562898991091,-0.0307012878623381,-0.0268985446882658,-0.0102526912846729,0.0587865512739571,0.0734103575022311,-0.0289754707610506,-0.00125540527066217,0.0289567899958702,-0.276993448333967,0.0124955802709984,-0.0367290329613784,0.391443355916249,0.198458279090404,-0.0276133294966875,-0.176637659027585,-0.116398370181594,-0.117841216864519,-0.198373633246311,-0.0499220756985873,-0.145217540280321,-0.173396041172351,-0.18863707554106,0.118976613766526,0.259293504298373,0.0247591612069364,-0.0217990359087168,-0.00285902353806077,-0.0851142311332417,0.170678319309393,-0.00879073419856679,0.0289921780901847,0.235696274213886,-0.0259997156279694,0.124247928366651,-0.189755394376239,0.00368493642429038,0.0472089161345476,0.140472313287137,0.0961276424367316,0.188694884271442,0.138523968371485,-0.0347338669270422,-0.0137387790127427,-0.0887853549265416,-0.0169847218913373,-0.150913972829586,-0.0181992929228844,0.0963955960322703,-0.0272684558393153,0.136519554975631,0.211722605888015,0.267827110100317,0.206904057054209,0.0659004829398805,-0.22130943445858,-0.173310294297476,-0.0661515567919096,-0.106988598466196,-0.0746113522297963,0.100022013123189,-0.0341729600765709,0.0992073342112859,-0.135427414501678,0.00778304716226834,0.244044886907256,0.156804045828073,0.00240632713177924,-0.0371795033648175,-0.0614413745134454,-0.11711599036153,0.0132313861313027,-0.0177715747184086,-0.00232744656297401,0.0555312118503264,-0.0702127511992331,-0.0735504344351016,0.150715800957051,-0.277531465456069,0.139699519886727,-0.0349569596111846,-0.168741062057007,0.219008412582292,0.164384283109813,0.0258215279869117,-0.0463771701044955,-0.0737126036212451,-0.0834508504568699,-0.122667620033608,0.00845830316108621,0.0274732241342504,0.0816945145734154,0.149651439990514,0.0597380928176706,0.0966507720270648,0.0701206970842325,0.00788894159637704,0.111001236668223,0.20685747921726,0.283555952017883,0.0617714693254617,-0.141401782108334,0.0277050040534866,0.145402986454548,0.262299974255053,-0.0311324464421192,0.1491865877536,-0.11039851562955,-0.127033762200464,0.174525018195973,0.223953779268554,0.153876104902081,-0.0574788359640515,-0.070653741624197,-0.164651579815191,0.0558556117998584,-0.0211899380758775,0.0781725576153177,0.117327581706172,0.0731599913194754,0.0550767278871727,0.0189975785536623,-0.186381680880123,0.358251317175447,0.131087916522903,0.301494268708927,-0.0927792772567129,-0.137594205476126,-0.0943554093726008,0.039323247799723,0.0111811789161533,-0.161796819712246,0.131856803180873,0.0476251382939545,0.0248940361635567,0.0295785576359732,0.0522195234592479,0.424515422050335,0.185161286993779,0.193436434040736,0.114063270850963,-0.0467838507453569,-0.149718753878445,0.0832827759081754,-0.0183630725359818,-0.0238131413190212,-0.251452879061467,0.197599671961711,0.294560933695849,0.0696854750310135,0.440286158742248,0.125791606468625,0.0029199689874982,NA,0.12467504321749,0.0466670462278995,0.016887739569263,-0.121808433047925,0.571753831862144,0.619361711429125,0.360539473948489,0.203990117702761,0.284104026386265,0.277506738777465,0.211012696218436,-0.0282254056436669,0.167508714748044,0.00342126872621137,0.324042633633799,0.385576379404714,0.331774979614801,0.277602307482495,0.31066602181224,0.511980989885142,0.273102106643288,0.271556286485302,0.0872477538391651,0.103941587048797,0.194163192860189,-0.142706739190647
0.230363377518461,-0.186154183711123,-0.179480753261092,0.161555405663345,-0.0802973666814067,0.58387400234888,-0.398121277870406,-0.223638528684393,0.404602974607621,-0.407786413235769,0.104829437834397,-0.293971522330362,-0.216129904811067,-0.106707378865394,0.140134186516243,-0.0680764282981093,-0.202494756560315,-0.101901793695375,-0.421255317832326,-0.163768565153518,-0.381151581491937,-0.175370582230761,0.0922540626068044,0.370967097784542,0.466592681846701,0.0245051296709552,-0.356314097790142,-0.23176742514259,-0.23502529940864,0.204352037150225,-0.187055994773212,-0.0694194931755161,0.261963300099354,-0.193190273795272,0.148976917273847,0.0147949537318705,-0.224363605146699,-0.0671799356745635,-0.158417720244272,-0.348819372484935,-0.271865157101313,-0.0618489484197891,0.370733653566672,0.528389501551215,-0.0236325597451716,-0.174716651605875,-0.199280752430598,-0.403549914794123,-0.154665249400165,-0.316579181206482,0.178783957148437,0.407615862768745,-0.0606351419864702,-0.0826790177450302,-0.0419168877043383,-0.275072669040413,-0.262974956087651,-0.0118228224343062,-0.149547725473001,0.0460179911863342,-0.071451086696303,0.362791814021636,-0.0403313886742696,-0.0761618046295897,-0.348143374061966,-0.0709327780212746,-0.107451078647634,0.013018791143187,-0.187170822930886,-0.209357212483396,0.12648297349739,-0.000407136444574632,-0.0674810260936252,0.0683263192307292,0.389252047889602,-0.201522510689708,-0.153395489295601,0.323691365754966,0.0785760972404661,0.122505550407257,-0.135874687182857,-0.168531162199276,-0.00754646406817614,0.0336882850310706,0.297108128838976,0.416150800077687,-0.137044029065263,0.0512544953691304,-0.426100147751976,-0.175915765824398,0.0348579729579093,0.112490441207935,-0.369851109791213,0.671573683529639,0.439951620351485,0.516794641843028,0.0802409172080235,0.113966177619951,-0.118307687522552,0.383377028088915,-0.0528022271621923,0.00653934783544665,-0.27722270835586,-0.183680342249064,-0.170207970012495,-0.0593155607579704,0.440468755642136,0.0504708186110486,0.104693889215933,0.0584403106056203,-0.253429075102961,0.101519561853008,0.379205044309551,0.46552445816552,0.30013910611096,0.107685068367001,0.0309836039113383,0.129803068473876,0.130791190482871,-0.00915115493419244,0.206627673309007,0.566406580136665,0.197120710277953,0.294827590596957,0.00879030071758736,0.299966914910952,0.333016127548401,0.201813362584964,0.310940639466253,0.0845726923541296,-0.0215455149483718,0.0999346037413761,0.0923983722845977,0.110891417229226,0.166320169536018,0.0657663032144876,-0.11401535596031,0.0776079630963095,0.0814552505057145,0.34283838916121,0.382892327491369,0.147226613780233,0.164085045928991,0.0400417708504753,0.417098063436148,0.453865098029614,0.507910911085145,0.581285292895206,0.332936468487966,0.336161567575489,0.628562402628688,-0.0601623657347173,-0.103921881549334,0.0694296225566418,-0.116652054729518,0.343673071312363,0.616911251925221,0.152687978602743,0.253183068671359,0.228869928372168,-0.139084883220471,0.167817422137909,-0.239364337868028,-0.0334398933368648,0.438096627846278,-0.267303090238696,0.147370570147904,-0.0259557958718639,0.156908812947669,0.758088221541485,-0.234641378298237,-0.104224582644757,-0.283394063825204,-0.0699112732458542,-0.116925122584419,-0.270190184283815,-0.115314421689761,-0.16690809977612,0.153682072258146,-0.32367583564939,-0.0392784036813908,0.215757481857232,-0.0896922604469945,0.0102583861603358,-0.366848233312886,-0.104342028520268,-0.268130328411695,-0.18430477537197,-0.0206113660382428,-0.0344232314274324,0.212633294877683,0.120049854413224,0.147723577707099,0.019039163899816,0.0939410153848427,-0.192231154219844,-0.0702039626005404,-0.0327900479661356,0.278828959428762,0.548324369813868,0.0420994357078948,-0.158897109114287,-0.368713215507428,-0.213441067373848,-0.166500555609648,-0.193788071047173,-0.184637601984544,0.324932066067117,-0.029680102697611,-0.218662750166442,-0.137881559843264,0.00170333444931746,-0.219656861577549,-0.0261884350388865,-0.350847014324364,-0.0166542960023942,-0.14014828101914,0.00917187807964502,0.00404711860606307,0.636859320698551,0.00558514769481918,0.413544177261301,-0.161930917523,-0.101067767588307,0.466837497365253,-0.0802964740492689,-0.0503438908029653,0.0573806408969291,0.205747665331517,0.175982886726567,0.152478725254783,-0.0753066957278361,0.0989035423015697,0.186288285464261,-0.0111377661067418,0.227669084761522,0.449593813068637,-0.293389184062219,-0.23867005114784,0.303557353424529,0.479255554112043,0.425099704180763,0.143743444498884,-0.0913439623217047,-0.135232721737381,-0.21473218442634,0.201579650963404,-0.12267284781774,0.0844887858588075,-0.25213868327318,-0.268732239218484,-0.0390577614240936,0.128164922235198,-0.297131335004003,-0.20134006372267,-0.196497298746485,-0.0803319376325479,0.078353579724954,0.38612106659519,0.461816222107267,0.514362065723019,0.100720440103806,0.130187437835772,-0.174709795988498,0.0924134159976965,0.34926217908271,-0.113837600992229,0.111920806116341,-0.0126964806974046,0.127237204379177,-0.179536915060199,-0.0596678181439659,0.176511483170894,-0.00495930039364857,-0.0905141096037029,0.294430550419633,0.399303426560633,0.534863109208573,-0.019411747152266,0.256159091883207,0.149881814055576,-0.0828122234394867,0.10700536809172,0.230723773623684,0.0242333849550636,0.236918166618754,0.114438960458806,0.0938616950350971,0.683596446312715,0.265497757058131,0.485383769404894,0.325710199111958,0.0263075448604623,0.00386291549978926,0.127255184028031,0.0427013476738314,-0.1509447067894,0.00125218029055005,0.140540047275996,0.0299574885898031,-0.100968887955153,0.0658464563744545,-0.0536173604565125,0.439943926347992,0.0501779697491958,-0.255718929139632,-0.0777750574459763,-0.0937502909991522,-0.10260274057505,-0.402500169400424,-0.262716945388825,-0.118703515942064,-0.0271805423031764,-0.231420039272882,0.333541260759903,0.201730477874019,0.059784776944742,-0.185065393580536,0.685414087249333,0.265768875454279,0.511653260739764,0.399654917340631,0.481605017650512,0.275697528255695,0.465590324956928,0.276191614761017,0.497607684735522,0.466818804763437,0.135973028258057,0.245868263227615,0.178806785526598,0.212368258556425,0.0483713762485346,-0.24973879040613,-0.219261033937836,0.195601690854047,0.110018176361054,-0.0574523017434749,-0.116076289620178,0.324942984963146,0.0848667651130202,0.0642897069447256,0.0437647951115246,0.14557435718309,-0.0956225034807021,0.0740938268085881,0.180605350871209,0.12467504321749,NA,1.18829361943545,1.09276926599856,0.688526285256154,0.114939570318894,0.248216113565296,0.0507470963679357,0.103160051701209,0.210492181709547,0.24150073740043,0.644863831800245,0.583379944502757,0.0032815378492516,0.212956548525979,0.366791416170717,0.455616490683635,-0.0825238167824755,0.188772877037859,0.206760556745652,0.157165868616268,0.0313683059425759,0.0111594206777671,0.127695071562552,0.0962305123867203,-0.0431398955505006,-0.396006502980833
0.4215225456698,-0.179394693312249,-0.12375310218031,0.445584785374191,-0.279755402099543,0.729260043674456,-0.414797688974235,-0.21206808030661,0.683308874708635,-0.228869926287583,0.0154259979662643,-0.226713655545117,-0.142810347956442,0.00840567056939848,0.00428862968712041,0.0983640744126937,-0.27713119583239,-0.163378564364305,-0.235878114845942,-0.0645384666185964,-0.378210814577431,-0.204458521317913,0.312699262506751,0.51078727288746,0.631275721040839,0.307804275265425,-0.326203583555516,-0.241388682422684,-0.066160243580417,0.10791158556749,-0.0214404258013826,0.103105997530897,0.494167365597504,-0.188394258690601,0.269443932041351,0.147669161180514,-0.0698064351888202,-0.0285599056316101,0.0153685524117253,-0.317617655593248,-0.240838067369329,-0.139779982387079,0.412579052605228,0.92732692444182,-0.0177131394460304,0.0780114027864064,0.0492076126311607,-0.548977815740108,-0.206650973313222,-0.289168516753491,0.216022801522341,0.315515986951865,0.0641933748256432,-0.154314459726737,-0.117653407585315,-0.315100038283357,-0.145713030233483,-0.158323162800162,0.0256185923323841,0.0474321874018441,0.0622273693084411,0.415565310870459,-0.0762939375501395,0.0397549231879767,-0.15226891260594,-0.096618390971171,-0.0580060311987851,0.0129835760567015,-0.0696406676459246,0.0184907479689569,0.0278144640698666,-0.132049969520042,-0.120873360989735,0.27986525332302,0.753461494641003,-0.369661648375358,-0.0974992432553242,0.513248873082397,0.281350257089299,0.241619087466479,-0.194344268842058,-0.352793564450188,-0.12953433532575,-0.0825823916874437,0.459476287641066,0.767332433512356,-0.231566615541084,0.0972040004336638,-0.32432338830994,-0.0552604116140934,-0.187056190246259,-0.00820123339161146,-0.360705692980915,0.848063466740016,0.592297287281517,0.597175548315903,-0.103668611221446,-0.0962427571773173,-0.080881392816296,0.442565032719514,-0.0274194048112586,-0.004778173332761,-0.281472857933903,-0.220560908542353,-0.21122210876539,-0.151259472627247,0.686270349500148,0.281798203765048,0.296716595184724,-0.113096058450331,-0.223542687175625,0.261324083765789,0.700708237102976,0.511677924085641,0.265914725533655,0.232375790717826,0.153101677846688,0.160212404890332,0.359362733562691,0.0963163506555331,0.281743256085492,0.497382688264393,0.274290250065145,0.43237024633881,0.0898275910281437,0.248975870262133,0.301029937184353,0.30317277748506,0.0131849206658272,-0.112034779596434,-0.112410787022533,0.0205579090049191,0.132546755906935,-0.0168945509199072,-0.0904454940950804,0.086660670635094,-0.172949974904906,-0.0880980889178917,-0.151928459875858,0.175373307293009,0.137423576824852,0.0404227089008261,0.00686801889932368,-0.0386286864808444,0.72973513233254,0.805261370110507,0.694346629559195,0.847494334687897,0.580005099030784,0.623359844034503,0.927215424784656,0.0268360230456501,-0.246190442904673,0.243694646339669,-0.252049261180703,0.550761569687445,0.827043321800352,0.240559939989731,0.00876429669560887,0.212499923947022,-0.101577399006567,0.128768994177946,-0.240403322656577,0.153024356648926,0.623554414945237,-0.372918584260639,-0.0862701409930803,-0.136056406948643,0.13056424023085,0.695632297662578,-0.105534105747133,-0.169532844170797,-0.331988017956842,-0.0697848732338397,-0.143762576839623,-0.166211760356632,0.00803833053723044,-0.220731945585504,0.0344829596549225,-0.29097754397168,0.0368237292394658,0.263201031888827,-0.203323793822987,0.0160899442863317,-0.296709580049652,0.0948504326201077,-0.316267134932961,-0.248519872147564,-0.138152546824904,0.0812809331765639,0.402882322423312,0.258716714594755,0.329587993994393,0.19595652089852,0.189266020348657,-0.179633758473426,-0.0385943334553662,-0.233601316470048,0.207802553302789,0.461900171368819,0.187439473191116,0.0508316889251954,-0.330455574610105,-0.255052526884499,0.0985880079816876,-0.0204472017596208,-0.402098249242116,0.0948204371153243,-0.0022131130640197,-0.132602176157763,-0.168633063991175,0.160117936284526,0.010060625555887,0.17506566087782,-0.248408049794795,0.0859709776797865,-0.0230554355641462,0.142528984005782,-0.227609841712695,0.516900736163091,-0.0635362364506526,0.418367150407667,-0.146210017189151,0.0366477350285456,0.479442619445036,0.0448146627349045,0.123425586692065,-0.0472402739832119,0.101585268971662,0.173585704148348,0.181412840770821,0.0648911132919023,0.246259250271123,0.161893306090598,-0.017426306341161,0.0640123221980519,0.495475690525157,-0.15428552581635,-0.195919390682074,0.1763412355114,0.596137545788035,0.414364165701758,-0.0197862017473269,0.195983145786249,-0.207470910663226,-0.298668308972551,-0.0375618825534019,-0.214777427482252,-0.01150705717012,-0.29782928452514,-0.304094680027795,-0.131739453763887,-0.0231418858642055,-0.452780962572985,-0.0683636073725677,-0.275356407610461,-0.209103030179276,-0.125568810212878,0.288630000573655,0.330657613771348,0.411352474341674,-0.173427856456244,-0.0947827227844352,-0.142073016471858,-0.0811967484493207,0.213850449505002,-0.219003977156653,0.314494620659869,0.0425517523593227,0.264599769124635,-0.286078080026116,-0.417257538417381,-0.041371036170912,0.0278214496026757,-0.174976205999308,0.366044067441543,0.213519925947801,0.526486935620639,-0.00556803332133229,0.100663098090706,0.201022881287022,-0.0576560410804987,0.0309733576157631,0.235887446292973,-0.0538936781238114,0.153980448688472,0.0813101281817003,0.101291871890271,0.502622365538255,0.273751727145889,0.562012105932134,0.173860854304113,-0.140487044215006,-0.12373385205571,0.0821287844896878,-0.0199898248808834,-0.151389740886493,-0.178569981342358,-0.115007712649587,-0.000408238829192731,-0.131087904973127,0.104171365989174,-0.100523362044431,0.324767813946433,0.00132549083410356,-0.444051689716952,-0.22130843783438,-0.191089964311101,-0.329466395518597,-0.468381910354162,-0.165107725662075,-0.165691581081863,-0.266547146310706,-0.279578039787219,0.30760699340746,0.287978130312547,0.227954029265758,-0.484372345993441,0.488795171560706,0.196874102163943,0.500806368176606,0.424994939162566,0.528824299721323,0.364064675194263,0.53957989692557,0.22389054683933,0.286159534322034,0.311852583468855,0.202158433997428,0.217114774493607,0.173429791638956,0.0984664923187546,-0.07731150047743,-0.231813453232627,-0.0318431248680257,0.283674083068576,0.144016749544258,-0.145904688138538,-0.100643774169453,0.142326673309074,0.0415982021399216,-0.0213925156781944,-0.024310638299985,0.16609959751908,-0.119764580799735,0.0423615077801458,0.0335435303738304,0.0466670462278995,1.18829361943545,NA,0.959907072069997,1.18035692609824,-0.106181717887314,0.0572972822899893,-0.10891624141067,-0.0320108702648756,0.0105822564200402,0.157567440653759,0.424245671590429,0.94613073548885,-0.0947415338957592,0.249402266854577,0.0743358583396132,0.398580578120957,-0.271253422459931,0.21131528817558,0.142866344754316,0.0167053804100027,-0.0633165213968137,0.0549648640799551,0.170813587249079,-0.0127726197046328,-0.0699662223364408,-0.334399815368216
0.293255142015778,-0.276598200284263,-0.369433781829468,0.23599654527942,-0.438993830260531,0.535298765140976,-0.547869502643587,-0.501545602051915,0.293530590345339,-0.307361962969665,-0.0922441916633808,-0.256981455801751,-0.492828208177206,-0.312313178886346,-0.0541546711341958,-0.0717846286750344,-0.481036743601427,-0.149790627369166,-0.192634326804478,-0.389877282373963,-0.448330346954979,-0.323975319058752,-0.0163287843403459,0.357453493981646,0.557841143416832,0.101862196801962,-0.35593122941062,-0.170652392927585,-0.136463148857474,0.0361504983657748,-0.226999665431024,-0.0457863866314615,0.214298057977314,-0.398764115967249,0.057568481016192,-0.0407040291901607,-0.217170808915107,-0.231568166328149,-0.175567633966198,-0.514684153982255,-0.460991314403105,-0.116767393357795,0.206745646748645,0.578398595200639,-0.163492821440873,-0.0789601563520081,-0.32907500135132,-0.486089351281107,-0.402450497860689,-0.262591237051302,0.00943900633357034,0.249018942099227,-0.0944666434538488,-0.176370524448075,-0.220858768209098,-0.4984401235847,-0.378639044736748,-0.246214724215732,-0.203112702541262,0.0571363392375924,-0.0123739096302615,0.342118662435331,-0.146435561385065,-0.108649058444772,-0.400699159646838,-0.165004764724097,-0.060948902513416,-0.0261868035882064,-0.23760544123584,-0.259462133332078,0.0914147072858722,0.0709270488679948,-0.160436008518888,0.147067204474268,0.378690024508798,-0.227259304417318,-0.201993527170241,0.140750251462733,0.149581557675826,0.116044468646513,-0.363751062931044,-0.357560230436579,-0.196029444472161,-0.0139744370079971,0.38135568018395,0.44151473104748,-0.349109221745391,-0.141185744290657,-0.369103791372689,-0.257672304674703,-0.189200825618605,-0.0390093343533248,-0.451785771000729,0.728020156406938,0.442382160772375,0.440435769702928,-0.0479166499147494,-0.0692313959177065,-0.281677802757045,0.23721638247671,-0.241785360681736,0.0799574160431916,-0.399800247302153,-0.28903669707052,-0.182802743467406,-0.254205827752642,0.438534958004839,0.0822892098069865,-0.0461826655956321,-0.127812062426079,-0.429328541658118,-0.00479666717382215,0.341591526651214,0.442552413752596,0.396222162178606,0.218966503257011,0.0867347967656062,0.149851389683796,0.0762311704528875,-0.126658036681055,0.164747628182017,0.303640596356502,0.161320669616615,0.449989896616243,-0.00470107573187434,0.313836912286633,0.324136592669523,0.242253900971217,0.189822643732514,0.0103456093795357,-0.268675703498093,-0.158986759598032,0.0808922959203261,-0.0141095770369754,0.0355447574357517,-0.0669573645686511,-0.441797197643191,-0.178795150843949,-0.171548703145898,0.351371569673494,0.1534151741769,0.102185464173082,0.00560268428663112,-0.139111041767307,0.499453001390609,0.495245383561684,0.341929239512434,0.645873002222253,0.447291829391601,0.430685098707989,0.673146426799263,-0.0248815279484747,-0.409338737190283,0.134360680769245,-0.365876033628112,0.416022812045596,0.530816580513298,0.102511335831297,0.102788494417182,0.0302999607276911,-0.135671610048284,0.255288896475118,-0.375144415936882,-0.0966531723155696,0.661846182056374,-0.547322094953231,0.124879020516518,-0.0191261902038241,0.0104447538439937,0.880494860659429,-0.259775656359604,0.0265851043742057,-0.249157573533347,-0.215131861546208,-0.344509243126364,-0.446992405835936,-0.353443898620747,-0.307532567125243,-0.0444795696252195,-0.365308359468904,-0.122593424430053,0.217691614422358,-0.0825348007958751,0.203001181414367,-0.307836079692964,-0.0184263560053221,-0.395273927498157,-0.262046258137311,-0.0822143116293261,-0.0547413904465056,0.183183768222791,0.0530785497732663,0.148961923229773,-0.0529229463744444,0.068474260731328,-0.331410360765527,-0.282279745750164,-0.226921294135938,0.296543814750681,0.580870046884542,-0.0790772364852949,-0.170415338272647,-0.420149570034979,-0.405488128116816,-0.158708915621518,-0.247758597231994,-0.258275875549452,0.292604701464808,-0.229833819124621,-0.365302610633778,-0.202803705046342,0.0453331498819682,-0.262720503385687,-0.0999903319188847,-0.412954712244064,-0.217471994493337,-0.245617618650244,0.0424342586802609,-0.0392403063889696,0.708467331812195,-0.0217634294839177,0.408904808941621,-0.237845215799282,0.022081682809719,0.454538158873668,0.0313792121412456,-0.0956621271066266,-0.236024951946431,0.113697165028908,-0.0313634426726037,0.186787226716934,0.0125826081237217,0.0552431868606241,0.0983896133657298,0.0570547890602358,0.18897327823854,0.531164950113459,-0.459509759833197,-0.289841993442415,0.221317176591411,0.606909140679971,0.437301399062533,0.20650635435449,0.0293254115101387,-0.202049749122459,-0.432539394078498,0.0878305813382504,-0.0732765118660456,0.121471674197232,-0.230685660903089,-0.431119205047623,-0.234728145429755,-0.00908069215156549,-0.448707178316256,-0.272605417923681,-0.481797788347309,-0.107443616700734,-0.130684483047666,0.404399160689801,0.474928723107073,0.44448313821235,-0.05028117766478,0.0150299597005947,-0.348239922409435,-0.110645970266466,0.278562344690376,-0.257648069918921,-0.00416602834265843,-0.167049448756722,-0.0477878469080757,-0.360590138061009,-0.130785920988133,0.0960778352147258,-0.111368727443794,-0.12884436327716,0.33800320895536,0.443226306489444,0.817578861188018,-0.000797991567005954,0.241658787663441,0.160501277433883,-0.0608689199662804,0.129585112808399,0.174981315985748,0.134742537693359,0.231609297201981,0.148851619355886,0.0906899364067966,0.725784547793377,0.206767279395266,0.473836055420399,0.203422436889054,-0.169706812137571,-0.0845882379082918,0.229631762771561,-0.0212084644594023,-0.315551853240017,-0.294271337973565,-0.193895755525145,-0.0145284388103868,-0.133686330045332,0.163756074305426,-0.194196932325652,0.330672503687943,0.10834709199632,-0.133652753638721,-0.36653890435228,-0.423157672071078,-0.267222436607159,-0.547476786809221,-0.271253089981417,-0.115505791489023,-0.298181074288134,-0.229207765962972,0.557636510510052,0.406617044743729,0.153252649885386,-0.333652606201605,0.715057021775513,0.377645061621567,0.699605761343635,0.529445052992858,0.493250073491864,0.464202331152221,0.649601025096692,0.385924635269347,0.483102887825108,0.495877266068164,0.00772085125166373,0.0770824291698513,0.131213663531987,0.106606515575147,0.00170300287126238,-0.0897556638155978,-0.0939139309224159,0.259707302636509,0.17371792251305,-0.0939563424662824,-0.143665520604195,0.294139004962722,0.155299326146467,-0.0907940729702724,-0.0943857579653812,0.217349488609174,-0.178814879628965,0.00766486829097817,0.121017080638586,0.016887739569263,1.09276926599856,0.959907072069997,NA,0.877737049634716,-0.0796480009616009,0.0239986548250687,-0.250228031539986,-0.212793292191395,-0.145435641954968,-0.137999089360647,0.781699902859649,0.534978322671325,-0.189382743060544,0.0241451120105875,0.322067663013262,0.486446465925221,-0.00190842825654473,0.197162580898849,0.0286256221202756,0.0675597172647253,-0.18396342717798,-0.155881036921969,0.0191939798982736,0.0264367659245951,0.112463229903076,-0.341610476343362
0.595395352000871,-0.246569391079395,-0.29751555782557,0.559610801483201,-0.316869887534479,0.768669827849789,-0.36946945198548,-0.321884693363826,0.747911215101112,-0.145770752849881,0.0442102565652688,-0.0717279907964926,-0.160481009415326,-0.0168211145869787,-0.0989850228662122,0.151967565777298,-0.399365248662533,-0.122541057375247,-0.0848286401332073,-0.216126912698345,-0.452146264041432,-0.46510954583953,0.150764160233594,0.561926429266316,0.734914351886747,0.523364820703328,-0.295908560077404,-0.160825699634165,0.0626548750434456,-0.0635164648570399,0.0527276265513499,0.0254258247340142,0.392818249308507,-0.387954733603403,0.206439134368667,0.134036061277598,-0.10225859305451,-0.1735278541437,-0.0332735686011819,-0.247032322136973,-0.482080038399708,-0.254983056721829,0.319677885468181,1.16233135121615,-0.121360301486513,0.206720811722059,0.0425992265507233,-0.595070201858683,-0.444077196592024,-0.354246410453617,0.135576089289702,0.246332734816778,0.0319388557320312,-0.250550218573574,-0.33458339233687,-0.555635866321828,-0.152441022585825,-0.41760663967798,-0.0220324054956944,-0.0947388896650908,0.0464983774160781,0.363453086229713,-0.135150155863232,0.0048672368693955,-0.156762923072851,-0.237798045131573,-0.160726052472794,-0.218099612065194,-0.160562045139133,0.0355571297046764,0.1221386802654,-0.158999008608902,-0.024078058404045,0.437600187915117,0.848407896013064,-0.408638585279727,-0.161910404520502,0.435373027007632,0.322055196424186,0.294421423324855,-0.2506787843029,-0.496257918873807,-0.236293714613744,-0.148342335541053,0.588011046795601,0.967326826187374,-0.363687009132754,0.0703807744337399,-0.116421760707533,-0.15939182812699,-0.29851623445867,0.00631780549054959,-0.301124022010409,1.01809678007723,0.753045727674461,0.510031732394738,-0.151947813578668,-0.154962221553864,-0.0847500581969739,0.350667545714861,-0.188651852820094,0.0777266809052027,-0.309649112879479,-0.406990620562884,-0.250999094596094,-0.268107134155893,0.676297847432678,0.428919796468894,0.428908880162809,-0.138841129622998,-0.306921848291005,0.127209432411689,0.658838652120517,0.42932343844632,0.246605949715853,0.453309042678017,0.282672564313735,0.29980514430208,0.577263534940303,0.193279662269182,0.303281457709535,0.307514125239627,0.327424963174287,0.521366825249779,0.269101681703457,0.129631376022574,0.253844799419002,0.281625662882559,-0.065575815597877,-0.166627775269164,-0.308438664722495,-0.163585141229222,0.0887966383260216,-0.114508747900529,-0.0112101821181131,0.00417674522834107,-0.207556389428216,-0.306052381574562,-0.378859872359293,0.193283364634984,0.0492266996578427,-0.0455409034040923,-0.0756093029292136,-0.0397895123991553,0.945263245075257,1.02314828343578,0.499113884150122,0.719654221768825,0.661189141332299,0.953623928183943,1.16720889187033,0.209501084585304,-0.427839591739426,0.337525099730552,-0.341920174339855,0.841118158638216,0.720868083274211,0.100554883406903,-0.0681314688758023,0.0352223706823794,-0.055601617937396,0.22763982896617,-0.317565041678814,0.0579128963771208,0.668559468350904,-0.417721011712667,-0.358188786813465,-0.121497392850278,0.0187830992360037,0.660379830024693,-0.0282547487375659,-0.149961940553221,-0.224660687173382,-0.0545327490705266,-0.258414009936656,-0.183648367457859,0.000104980085237957,-0.207872223439274,-0.1502204305879,-0.284350887854462,0.0253269220255906,0.273690230724573,-0.146733400783315,0.190297690749594,-0.201126400055944,0.305445287814005,-0.416887222010736,-0.242273045910966,-0.204548650195612,0.0480591086718879,0.449987218034201,0.289262795659996,0.356258301197769,0.2958390170065,0.204023078678931,-0.307956254153458,-0.17043120287127,-0.436665320698767,0.214505886939991,0.37495892907803,0.152650095231379,0.121331822421485,-0.457333333470971,-0.407791718493991,0.167250692380045,0.138783435774006,-0.547833469181982,-0.0851417779027833,-0.172514478667564,-0.33195879865358,-0.339317546606435,0.172581205817539,-0.00335249764094907,0.238814641717758,-0.299155616903469,-0.00941041638373853,-0.134397910775576,0.0910337441795114,-0.328511193784055,0.43423076079255,-0.0156808986593345,0.422163958475439,-0.250611769150269,0.257751697482399,0.423271300748649,0.182898922709977,0.103557646720601,-0.206356545614337,-0.0562257751438987,0.0674104180127361,0.206320570438138,0.096210098186708,0.180805902474588,0.0653072401057749,-0.0536709367449322,-0.0435157593165033,0.401282316442717,-0.123978666568541,-0.345524751853573,0.000672691185447832,0.621640568795316,0.373478298803691,-0.0777378864567577,0.146819943678628,-0.341415047976737,-0.490764072127002,-0.112733279489082,-0.185333956294567,0.0126147199050524,-0.227479517681956,-0.442574626942067,-0.296884904006228,-0.169546491115182,-0.521758942288663,-0.149359900276502,-0.340418064418909,-0.251172571514495,-0.309213762194533,0.232720936193604,0.171828410537834,0.237163682356467,-0.411137072802858,-0.126254525335666,-0.259516484540602,-0.214431543745148,0.102971761760968,-0.239881891505452,0.211233442506149,-0.103509703003945,0.191075059238686,-0.294007391060389,-0.455655050207108,-0.145483459792125,-0.0710711326307759,-0.279507290254682,0.408041720430032,0.0398357174867515,0.594519330732668,0.123779354516454,0.059854321281113,0.341621291136008,-0.154375145439661,0.00583627975492384,0.105389679449246,-0.0561761308689793,0.0930692782891256,0.162494814539242,0.13911825886744,0.502016836238577,0.271299640536385,0.391279888548754,0.0868649308882797,-0.207417357751556,-0.16815968278583,-0.0154169353610096,0.00585815359031132,-0.20133145243567,-0.377772951292436,-0.390176094122311,-0.0648087976579498,-0.152416186542509,0.0499660229139832,-0.152622708095327,0.0636707436942657,-0.0598085581743475,-0.493631033318749,-0.300981778008689,-0.324652304368744,-0.372473718496311,-0.466966263607165,-0.063628653618434,-0.28055679850921,-0.308337540159071,-0.402029760294659,0.405299545786402,0.387695663871213,0.285931857267626,-0.701278125472261,0.391052590963226,0.0968258404125215,0.523093044829976,0.620468423687226,0.556277449040314,0.43721350100451,0.63807477278303,0.194607296922966,0.127418676772754,0.179709649227403,0.0560891425443194,0.0494166248041315,0.216188078484212,0.0701572195760726,-0.0517164865581263,-0.0474774997538522,0.0861517338983898,0.316225979468592,0.182902668408936,-0.247722385965567,-0.238957125826817,0.0684865364252746,-0.0435689846246439,-0.15121939703815,-0.000463337355628652,0.128733159746791,-0.277355307350449,-0.032811207595173,0.0427778605860396,-0.121808433047925,0.688526285256154,1.18035692609824,0.877737049634716,NA,-0.288168146180887,-0.125985087737022,-0.202054183081682,-0.153437221594603,-0.264702276724812,-0.127061005162967,0.314843091268447,1.06961409174103,-0.23154129251469,0.131110357181956,0.0566307290790331,0.392047580184745,-0.241117571758179,0.223574749913387,0.00697195537917113,-0.0847273919373607,-0.197292711772726,-0.0761340825911383,0.00769032616260753,-0.174335194841475,-0.0729320052573518,-0.160036647642991
-0.31643909993289,-0.053874358797096,-0.0450192781910813,-0.249530789761795,0.138661106516155,-0.268128949002519,0.492442791055346,-0.130664459121986,-0.16980712239322,-0.257560828951505,0.0444706321314519,0.145808644923079,-0.254825615069596,-0.179842448175785,0.207164346905336,-0.204257955691529,-0.0588771435800292,0.0438089932818224,-0.128364448153815,-0.124832112513502,-0.0214967220253291,0.0433583044136466,-0.0703013050315251,-0.0763469278262113,-0.266290106770571,-0.0106420810307296,-0.170457607574044,0.143535744350928,0.0119711908645534,0.00519491533184859,-0.497779010899838,-0.308051219719343,-0.312587004906832,0.00775893437427548,-0.550283574636862,-0.32234504287646,-0.211235573511056,-0.200734537218035,-0.232592726299039,-0.013250483657622,0.0659004109721705,0.154980638027663,0.106098496596736,-0.305554102533559,-0.151085606903063,-0.291614599206144,-0.202870561411703,0.119799883800379,0.138526019954068,-0.0664516495180822,0.0892742488551904,0.0735482464077265,-0.292156165380028,-0.0811424537308628,0.0935554247110755,-0.00413867325384771,-0.276842790478728,-0.0122184932757177,-0.116549001012219,-0.00171388824642726,-0.331672973099762,-0.258094549211966,0.223616783984795,-0.0760118447079742,-0.347429030710394,0.0873751851945193,-0.134081994219117,0.00827374726848214,-0.267936483847664,-0.22769906218566,-0.0165164010118644,0.0666506626405396,0.154405670833407,-0.0831857770721696,-0.32540480881242,0.0058611060826464,-0.230609806525385,0.0369912463163796,-0.109331129106671,-0.000339866354815086,-0.0316583267546407,0.294704422694151,0.29876296545841,0.185093168386851,-0.223486372190974,-0.298630478810186,0.0017853058348489,-0.170953799538736,-0.113591414886366,-0.21092601769638,0.254262142532653,0.146955597138703,-0.0409357602897449,-0.191940510131677,-0.258135478869691,-0.0971851707032639,0.253850169882836,0.259433655803339,-0.13909632200801,-0.0198981973524789,-0.020013940657846,-0.20976321305708,0.00643177384919489,-0.00209379518567777,0.00338478983911725,0.205805954271185,-0.249991151270509,-0.289063715315323,-0.251310915121217,0.401598846441571,-0.0893861220763156,-0.153756905804827,-0.183389731640223,-0.181447222889525,-0.131526104094795,-0.246377602515342,0.00286937697250922,-0.0216078606600468,-0.0831923763303525,0.04800264601381,-0.0347317197395548,0.130519989163223,-0.181113777591918,-0.281088325866297,-0.101858982072467,-0.0349028482664917,-0.222406665232323,-0.415614560469466,0.0549309034257015,0.141986632876139,0.0568878436103738,-0.0302084309586348,0.119992306053294,-0.0823125510671143,0.134056357350685,-0.110073059356322,-0.0683998239901877,-0.049315450252387,0.158440576561496,0.312746678532334,0.298716994890602,0.24248597365513,0.00412099214874303,0.237629908218161,-0.401047699387546,-0.444097967650909,0.00154806662560264,-0.281133140288569,-0.329434829850998,-0.298296883358247,-0.246618778765626,0.100723346642755,0.264736182529177,0.0784189076050098,0.380273245828634,-0.197115551419395,-0.14138303894986,0.0876731485866954,0.0752677079544616,-0.0172381345345583,-0.179652464642478,-0.0973314535951333,-0.246044181487339,-0.113201920314976,-0.128978637110663,-0.0491632951989506,0.424366062561025,0.245278442097725,-0.387886688942898,-0.0617474662767404,-0.0468359417163866,0.219030569094056,0.22312273351409,-0.122271718121828,-0.0526285496490561,-0.272826191183495,-0.385987045395054,0.156148232537918,0.135629562506339,0.0266129456347334,-0.0588622199355908,0.198961791021943,0.480680175767102,0.0521110480296823,-0.149293349909104,0.12125281078184,0.102594757448521,-0.0552258554642515,-0.148786981300295,-0.343734698610784,-0.474280106628513,-0.169812268538421,-0.527247819067587,-0.41189085228107,-0.304849883687355,-0.0265584978557,-0.122146910362722,0.126405956743323,0.245173430045733,0.125217244391705,-0.182248382373045,-0.288065193826549,-0.00865447211824039,0.026599673045293,-0.292870837754077,-0.245522952949015,0.18358711020154,0.279301454017683,-0.172363699515223,-0.219896997181396,-0.0960711148146572,-0.341131366285561,-0.300478462581402,-0.225219973685666,-0.248929879913552,-0.254845108063788,-0.16450599514872,0.0646406124209744,0.172111123464348,-0.0409796070071028,-0.12651553761069,-0.0701277176118607,-0.240820386159147,-0.0150528605275464,-0.147683608202783,-0.11628542226486,-0.231139450608135,-0.0712850306499471,-0.114177064570127,-0.339564210058879,-0.258074939993024,-0.15843150917994,-0.214690570011265,-0.00428530152911826,-0.1336081127007,0.381080605819635,-0.132840019299564,-0.206407358278014,-0.286726298830676,0.134216014045794,-0.159593514141411,0.226780744450906,0.327494443902947,-0.449393089895655,-0.0268117037281561,0.10164686419789,0.450695511336251,0.120422205233002,0.0211198733372394,-0.0698874033641809,-0.181046491199509,-0.0337599508572283,-0.0756287410924567,-0.0326156805295988,-0.227250397043261,-0.0344203449279076,-0.112538713271579,0.00318359798396375,0.036852661552178,0.313407409102106,0.124729746637733,0.143809130883506,0.336991203622659,-0.141684141807504,-0.0230740292305316,-0.200507812136877,-0.193226787760809,-0.252596112484484,-0.247331729217243,-0.224443281077738,-0.024865930696611,0.160358873462631,0.216546773253431,-0.0374809126883376,-0.00715678026380699,-0.351747943301371,0.490169782397864,0.00971562232244439,0.0606858266690387,0.0664785199906526,-0.127989771208071,-0.115719409091763,0.30125761592377,0.128705518591179,0.231889450161832,-0.0266089895502898,-0.0453999011763562,-0.0660221473120227,0.111663847633273,-0.224409687481597,-0.195970130913828,0.0727964382300624,-0.142643602609494,0.143271831592211,-0.193836222239768,0.0899354614004547,-0.00578063513115986,-0.00113380769322555,0.0728990686116767,0.00926233740777998,0.289943444346128,-0.383724992533992,-0.0475168572690333,-0.117338232333886,0.165364871006804,-0.0686538432028363,0.0141831133157539,-0.00705406299253972,0.110761840855419,0.0402718519128379,-0.134580095388504,0.0363166022595482,0.123065402265268,-0.0500067142924637,-0.0118023293598962,-0.197998542136384,-0.216013260849369,0.477404014403756,0.122231100396893,0.238381602673107,-0.181913009037474,-0.156474195102118,-0.0641644733651274,-0.104225453663476,-0.0225270170499474,0.00371379565911671,0.180393208823494,0.246379919145283,-0.132390758147517,-0.118154258708546,-0.0290172510790077,0.146961498908129,0.102582102809371,0.206831139868852,-0.00575795818659676,0.163771230953128,0.0359675752162867,0.259488598890941,0.161528163219699,0.314703282068986,0.0298679891182767,0.174301750524889,0.0379794288060916,0.0351531484157843,-0.102743393651479,0.0378243437183688,0.279517689881504,0.571753831862144,0.114939570318894,-0.106181717887314,-0.0796480009616009,-0.288168146180887,NA,1.07724323194454,0.293797662268525,0.149258755509371,0.116723949884461,0.0785294375122697,0.174022200849358,-0.0107022678664203,-0.0307217548408231,-0.190908508668243,0.120835488942869,0.112336706278037,0.355572784956112,0.11563045367238,0.538434169343612,0.783829780952452,0.252500306217542,0.0239988229739901,-0.238610445794062,-0.00623064332879343,0.131550214172373,-0.0894087613528445
-0.0281132213907444,-0.0042132193867817,-0.0641548975736959,-0.215929100772952,0.0946947649694444,-0.0176114084735871,0.358803164845019,-0.0945823739533639,-0.0764484290546926,-0.226681574531653,0.0257691953594978,0.21156516143773,-0.179386876276101,-0.216918201432456,0.103303750656724,-0.165553803028154,-0.128350877533629,0.0960415820473365,-0.221998429176613,-0.133657759081374,0.0233377839801768,-0.136269529344881,-0.216073633361513,-0.0123407734252728,-0.100662939714901,0.0704985082253684,-0.299798762173852,-0.0712730310998269,-0.0712059838815072,0.117439930792933,-0.42978246334115,-0.275158597441775,-0.253796416644905,-0.0325719964337468,-0.388428284947648,-0.175718297877929,-0.209159909823224,-0.143486040771781,-0.267305126534458,-0.145365583741269,-0.0209244783368931,0.193412854488022,0.0436580232718387,-0.164134548602951,-0.128702135404727,-0.337726854162389,-0.0582344758035434,0.0655496071715356,0.0700944493180998,-0.10702420881289,0.0895663813828191,0.0929879700774073,-0.224109091494595,0.0140511471153022,0.154317580370751,-0.0163246713911577,-0.0843559290908523,0.0239426128343432,-0.184867044896909,-0.00487202450677635,-0.112012444983291,-0.0196436334221225,0.21482463474055,-0.1672488472495,-0.179640451021276,0.0469277296560597,-0.117740250738156,-0.0341540775419887,-0.264726830600874,-0.0740399057896488,0.0845973508257274,-0.0492478010656187,0.196277477857492,-0.0502212207275711,-0.19022139359657,-0.0197978189398682,-0.160816350546032,0.0523227103181779,-0.141442275255785,-0.0430850513409061,0.0464370744539059,0.0513762227063051,0.176562950336839,0.0277664069678294,-0.0761879572126158,-0.221643233109928,0.0323368934219281,-0.0474971067210124,0.0671509808022436,-0.0983729707886082,0.325485374166543,0.339889112738835,0.112069922208549,0.0351496915394468,-0.0726426661618239,0.072448084853522,0.194495844030554,0.147571882251672,-0.10041459898293,0.107594877013611,0.0398387078133257,-0.155939249699299,-0.101401562079976,-0.0694519432512606,-0.045058338207921,0.0182217676214748,-0.21012399911725,-0.214641452729907,-0.111055641734665,0.261457785535978,-0.172757859528636,-0.15322232774641,-0.0158154942021151,0.0946451382767692,-0.108556516485767,-0.19250078894968,-0.0279516210580176,-0.0515922023535527,-0.00321602992801382,0.0821964431922192,-0.0527888879273951,0.177982902641106,-0.280314359588904,-0.0569676177768038,-0.0803251273554344,-0.120624193582739,-0.168466825573708,-0.15800926290199,0.172908190916733,0.115810779377247,0.203894875033861,0.0540097232233169,0.25202373445216,0.0900645560870337,0.352697807231636,0.0723232118943826,0.0160819245675032,-0.0481397476782107,0.281387986844885,0.187974200216125,0.32216915701112,0.12770002577585,0.0778730737829509,0.267678759601171,-0.288431912956438,-0.271271323815664,0.0660672297703872,-0.105182249061062,-0.0878786604516089,-0.163255613749917,-0.0945308921406214,0.0226623477724566,0.323567143571699,-0.0607695158966997,0.305402280227322,-0.0950104312117615,-0.0635497666107185,0.023130461727001,0.14682284123527,-0.0332409898195726,-0.0433355285920072,0.13301219990273,-0.159354578924377,-0.0757064669193588,-0.0307001630005044,-0.0907800871020604,0.299137805392572,0.0140098776191159,-0.190233919550615,0.0349931081728298,-0.0307526569324546,0.120482412331771,0.352738119699524,-0.0047402283649651,-0.125557847196475,-0.255721248003329,-0.296388744264122,0.210374822972482,0.164111132770384,0.00291486732896004,-0.101270701004528,0.150569091244239,0.273572368016005,0.00498326060633549,-0.214885666123278,0.230960684617614,0.0415628104752532,-0.150628679490971,0.0809206515473433,-0.282969895009843,-0.303497663013164,-0.270057404998219,-0.395016040585873,-0.15629828042744,-0.1135940459826,-0.138346206445654,-0.0936676073186972,0.00421184101103807,0.197850763789588,0.177249149191606,-0.0891367609701912,-0.289477314446139,-0.062815323234574,-0.105940347360085,-0.239046202243599,-0.213073296353725,0.087281896180352,0.291164897310848,0.034189843275034,-0.208685717921988,-0.126220274945469,-0.194446952314911,-0.10299598158232,-0.0489684864389908,-0.1994967514468,-0.0801532461194572,-0.0848018327379946,0.22858088383917,0.185627609555989,0.169279708030922,0.0231259352068968,0.154003582511092,-0.217664316696745,0.0378789835619967,0.116031601521245,-0.0278759003450186,-0.0421050957397828,-0.0127871633496998,-0.0374337099983651,-0.206152971370851,-0.0381400688629892,-0.153524814575243,-0.0229302855399121,0.0280448255900325,-0.191190569715465,0.225258410178171,-0.00948054418445455,-0.0952973022313842,-0.135589550700493,0.000843173920898261,-0.147069139556347,0.248148898351181,0.214251347361869,-0.181806756913056,-0.129157885673099,0.0426581547681231,0.289538902597281,0.00781995965956906,0.0834847285774932,-0.148076904379477,-0.190340952921399,-0.00245163247067155,0.0192582723035732,0.0353202091935985,-0.159906982730272,0.0308337364528633,-0.0495949306303822,0.132353779808359,0.120859764813018,0.264741051219762,0.137143749982072,0.0820377966900063,0.212327444388972,-0.0511822417859007,-0.0375803698027526,0.0665916619635898,-0.0387217111412556,-0.215333765091986,-0.0980031506985901,-0.0233839531081167,-0.165293003932292,0.212331971709796,0.174363026821045,-0.122191841351703,-0.0938583190656559,-0.135779242604369,0.408521663559417,0.143825572121927,0.0246294744040982,-0.0624836816358238,-0.0520972207316765,-0.217051100813593,0.173547671664057,0.169169267909298,0.0686426044897847,0.0552273110704495,-0.0125333105517408,-7.10903187927462e-05,0.197041871403389,-0.0508936459738867,-0.0425683787408832,0.202027247185081,-0.0501335227160097,0.304047308386489,-0.108999014285884,0.0930515082452129,0.0922308006949398,0.126400262777069,0.128732016676664,0.0377030147438181,0.158187962810119,-0.496358057179443,0.0633627933587787,0.075164686089551,0.10310573032471,-0.18311311393543,0.028791526637033,0.00440483175758808,0.0941399714944846,0.172940155755082,0.0304037188708457,-0.158440971165402,0.252940146621175,-0.217812400066875,0.0841237469969366,0.040521590825559,-0.0478144626416499,0.318334263918559,0.272371865951115,0.317144062205152,0.0423474374810857,-0.0482654093809067,0.0782225682449029,-0.022355788440616,0.0648200705738209,0.120974364594474,0.185065826059376,0.187429479082947,-0.00529855957808235,-0.0429270929847637,0.0730487751165044,0.411606939176604,0.0586615060962428,0.00702313950228141,-0.106854394140593,-0.0278534413033203,-0.181787809631974,0.12194482252435,0.0951002804548216,0.247083340270406,-0.123439240720467,0.210569741527035,0.072138051188796,0.0683273027156559,0.0217407050531559,-0.082436376361748,0.0420254717100725,0.619361711429125,0.248216113565296,0.0572972822899893,0.0239986548250687,-0.125985087737022,1.07724323194454,NA,0.464094311278333,0.236504240777394,0.144886591654448,0.132018956188013,0.188587108058994,0.0280730469327388,-0.0738478187906129,-0.0861053778514082,0.258103861849041,0.205636657641835,0.242827443617754,-0.0156475632284086,0.606341731473109,0.670497322434534,0.268852905307621,0.0383211077343251,-0.207931799939902,-0.110683730302577,0.103303406699044,-0.268844380805791
0.0963806535801461,0.447527439768594,0.254764043459235,-0.341092388319217,0.521346210663393,-0.136630924490275,0.255105024510894,0.420251648018699,-0.11616732202627,0.0801121436659559,0.319655003583935,0.194589443718031,0.341651152974977,0.225547301121056,0.0506166495027303,0.00429673276724448,0.226791369123412,0.146126880270415,-0.144229670143471,0.310352302245867,0.286673199080728,0.0560299090789768,-0.263001295798931,-0.201256190231741,-0.122149977191479,-0.192073754167843,0.0461334698158295,-0.00228730048908139,0.0706023421752685,0.261187215542511,0.169764364946652,-0.0515750482556835,-0.00251392877324591,0.257079833099658,0.0308372829648675,0.179240212476267,0.0587189286384906,0.25382930263219,0.103513697894414,0.353756725626458,0.262911200649446,0.108230856768453,-0.148327351384808,-0.150644198159767,0.235571602456293,-0.160549084718219,0.215090847149318,0.368226568485568,0.198096092213877,0.346389077068333,-0.0214813557360244,-0.106950872543434,-0.0160904087954287,0.403684585515889,0.30476169103648,0.566236919747659,0.40756284373585,0.454951312666904,-0.0550386308709891,-0.159527738675667,-0.013256646915626,-0.0710812579712979,-0.0725006656895289,-0.187599476076698,0.184279026801087,0.321427510677883,0.0119024145168468,0.15834380350074,-0.185215770877572,0.0345117321849883,0.33923908102765,0.00485358646360901,0.289773735112481,-0.131902344390723,-0.352310723992869,0.280029058177142,0.11229516964053,-0.10250306974501,-0.40516037253565,-0.157443964179694,0.356069354260765,0.111618040886938,0.272415946685698,-0.176778600587727,-0.131341342183075,-0.238539789614745,0.424581551350871,0.306075877404715,0.19514190763617,0.199413543952621,0.275007022714548,0.200814421767626,0.28755643176295,-0.127080803182506,-0.0951683846889746,-0.092022528267978,0.255643826790481,0.231403051867957,0.347711882884137,0.156682583867905,0.372740346814655,-0.0536344791492614,0.261578839769143,0.368745645104555,0.070909486109057,0.0994348794227427,-0.305400388531676,-0.341393729070879,-0.0408899690257385,0.356510951237413,0.23581374613457,-0.1693668504236,-0.2314145862477,0.104379764263044,-0.0932576542996739,0.0200940243555939,0.201354526365806,-0.124704018027043,0.144225945992813,0.255099779593827,-0.219886308776913,0.116932638893899,-0.0664327399063544,0.0359836323983477,0.250075793736144,-0.183999899686966,0.0595844198768265,-0.118115265351249,0.0912957365162286,0.392750473653582,0.588085078329943,0.455023415620732,-0.164795601552604,0.127410463768622,0.298123287446892,0.409071149845604,0.49073443054589,0.110534814874597,0.672977575533496,-0.11020383922424,0.144602111186518,0.160297885789308,0.396471230037847,0.379218668608244,-0.149970125078455,-0.216737137689083,-0.115526700534718,-0.253240264841732,-0.0841377048760781,-0.0603843364609054,-0.1256610268072,0.203731288069899,0.477585966646438,0.00616183070342192,0.331364037820271,-0.257261433615888,-0.224914354539511,-0.10828694041604,0.172028056688229,0.2530205121005,0.385764572289913,0.176936552143384,0.393000897730384,0.0348141350929176,-0.264341870741967,0.471496654868528,-0.225602516578029,0.0412793190711941,0.149407677116524,-0.297493885643176,0.0749663315552422,-0.0384562485316585,0.163529173708775,0.359768236702711,0.0855284207544238,0.198015194391969,0.232442178361688,0.270407462064565,0.080449234327072,0.183945799054864,0.0847436481338443,-0.15468243419603,0.0427157009317674,0.0592617379643174,0.151623424213093,0.129762341736233,0.0482229520130273,-0.0554634413418168,0.300647452711078,0.157619209564785,0.0067015249612328,-0.194791965779531,-0.0386522837509755,0.180969150735116,0.181898398711977,0.00703997263532368,0.316330019689314,0.393768137484089,0.0736129722286523,-0.0599130516006475,0.370889320599914,0.033036698277574,0.398668227270545,-0.0260278684194783,0.206653664474516,0.161421888442456,0.155874029376135,-0.0810211663036245,0.331913369415324,0.195300316082776,0.145637043664415,-0.0639271604495614,0.199555374139231,0.224209150429337,0.106625168969177,0.353941268831111,0.273375906358016,0.309246389976685,-0.0319858394745756,-0.168072348773152,-0.0104469319437226,-0.240737867199365,0.194217519121537,0.183262317872787,0.0917921251589871,0.334090649534559,0.30016400285252,0.408426965895938,-0.161675489046548,0.185029968685137,-0.0216699753052072,0.138927037129498,0.112657715499662,0.222158808049317,-0.0139112249967462,-0.138974825964677,-0.254118465545146,0.299684379931304,0.0736781036046831,-0.174557089019997,-0.279783904595439,-0.129808574989733,-0.0773804746911311,-0.0858891678250884,0.144563130464301,0.295608415506933,0.028325586335753,-0.022817957234879,-0.0797789849396182,-0.19743525365332,0.329669099058795,0.361146299459134,0.172380452886511,0.190037814584892,0.186064386205324,0.439603443445645,0.0578995630021745,0.400064507147324,-0.0740360901141258,-0.202315465757737,-0.135775243653022,0.0176444633590613,0.187638419711024,0.492904512280287,0.514876736609606,-0.000812202289434111,0.269496261491233,0.0123395794702894,0.0686255426105161,0.327909107827768,-0.0342768932349161,0.122594984517411,0.0317182638903455,-0.0279442743080716,-0.135566806720766,-0.168300112861105,-0.143174934009077,0.0711130165983462,0.326558262433814,-0.203477259203163,0.134993552085508,-0.0404680178203744,-0.0288572643151682,-0.278622174213298,-0.0868585195955462,0.0671814681358406,0.200658353604745,0.339419600832974,-0.0947382080252409,0.22210082013631,-0.144248998369387,0.19981013054241,0.408733714505927,0.659446699121649,-0.0672347762620704,0.174722311414716,0.0910277073261442,0.568771518326648,0.595023378427897,0.0360173139780813,-0.122520571840739,-0.0437961901789832,-0.0374719232729368,0.0440018271098667,-0.174523885656937,-0.0554748342902563,0.435743746771819,0.263717141999902,0.172108513702789,0.250321992969398,0.0759453764531601,-0.0755617387719315,0.394025258397316,0.0842788658513744,0.0300499728366395,-0.0688181093001406,-0.201792410101389,0.182755193170296,0.11167037795782,-0.229335812514921,-0.199956125656974,0.00873267984126627,0.0742316395977772,-0.117570824980809,0.0184689228114536,-0.263910260801627,-0.0781919426154155,-0.289906363250456,0.247640141405453,0.194783217407679,0.013474471881028,0.326232394613035,0.163986914369629,-0.0956479631035602,-0.101627105458036,-0.216651520233481,-0.232311224386147,0.0216709283819837,-0.0235938900713582,-0.04012777259883,-0.243286817472017,0.446243461831706,0.435348565931663,-0.102447139972738,0.130934036759257,0.0814195883904126,-0.120843194757644,0.360539473948489,0.0507470963679357,-0.10891624141067,-0.250228031539986,-0.202054183081682,0.293797662268525,0.464094311278333,NA,0.856893865850096,0.626898676669796,0.483003716021846,-0.0172179354672157,-0.168502270702862,0.36310192819004,0.106567173760886,0.419302064839581,0.419913243955394,-0.0210522106481216,0.15575970965652,0.26462271976813,0.323978056397901,0.650141461191461,0.355658784223263,0.096320420466578,0.120676562540136,0.0078641137805272,-0.185727869164055
-0.0176636463162466,0.485189526369762,0.357136848760089,-0.166626050141043,0.440955558596696,-0.00230349631208395,0.0534653658575734,0.546794751492021,-0.0217062117932943,-0.0417631970179352,0.299371638753373,0.0124200043000046,0.249884187247662,0.164948310586428,-0.0643993169327,0.0373604426491123,0.183187213509946,-0.12231702371201,-0.290637223326648,0.291590894691425,0.343121777340202,0.128861671991501,-0.156426358435865,-0.217541689845348,-0.0507484758130977,-0.266226575738862,-0.0194546878274367,-0.173955134880556,-0.184013534329153,0.472016628511714,0.349344081496387,0.0153028527750692,0.109307946885036,0.501333319033174,0.258102532771388,0.381846180791459,0.211284861533749,0.440475216218315,0.406874523774973,0.298095052338111,0.293570879081828,0.198133530661156,-0.0793720192910011,-0.0652254072188476,0.239637538828555,0.083394967021673,0.391819752082515,0.393309548242911,0.373949667591822,0.326330744785828,-0.0145675219484317,-0.0201025742202892,0.0714250345025503,0.376275089062619,0.321687780873144,0.452723543712477,0.438251588064677,0.35477124995681,0.052223598777968,-0.020787870394799,-0.106234926820418,0.0498875522400187,0.0607829921024036,-0.00691683650875192,0.135424520541156,0.158542297299841,-0.102294726286907,0.135607922257632,-0.0539755127948157,0.074922286891474,0.0483131459967422,0.0140808803352969,0.258639179344206,-0.216488118007417,-0.273440420514079,0.317773766457591,0.210669583268843,-0.0545141038577666,-0.423692975574434,-0.245623549431625,0.224898174593654,0.102625310655675,0.000309780924811107,-0.132987815082635,-0.337365761389198,-0.312684987125662,0.470392808252778,0.212486382288769,0.102820537738214,0.333154969905622,0.176129086844982,0.115005533738,0.18709502333856,-0.184786144427966,-0.17195912968732,-0.0717404088046696,0.0834563146078635,0.0984109622915328,0.474654842104767,0.0841148012298554,0.208066176759091,0.108162782379389,0.326706841405498,0.344314886080105,0.145966416265825,0.114913337168369,-0.193616298136026,-0.0795545801385805,-0.0147562824101035,0.173361531478804,0.330421360507171,-0.0168741807409842,-0.128468276378659,0.144419294584319,-0.270167495990086,-0.0716956937771777,0.071537010254202,-0.257627373672133,-0.0917239613422462,0.0395158688395716,-0.30583131762806,0.1064519956982,-0.00830610247552125,0.015893547581369,0.0515713780287281,-0.0302244047528099,0.114388392697886,0.184056566896749,0.0557077853734756,0.194199271627304,0.499237237964568,0.655353868466566,-0.264743812523696,0.134969443304691,0.040871816807073,0.248207600852403,0.534241842584033,0.189375254808832,0.441628038526852,-0.390082410352998,0.0820422592453887,0.125372677970948,0.216934124320169,0.104824017263654,-0.0124690877941514,-0.058256788816689,-0.0530374085034089,-0.27190043941472,0.0125327503047079,-0.078813487930046,-0.181184387258611,0.0367856400249708,0.279768440521915,-0.199282004512776,0.217460159276448,-0.27812961429829,-0.125556174959959,-0.209149884423197,0.220848528917594,0.291712696317749,0.166531804887175,-0.0123652731040996,0.497916291827059,0.0842203825798242,-0.259699754222972,0.48398752820665,-0.08203909504579,-0.0851201882097247,0.281121352460002,-0.287309921729696,0.0855170252270869,-0.0920418551803749,-0.0637666730632812,0.0653522753577643,0.0853523079563695,0.236353247597693,0.367815511178881,0.14324803007929,-0.0946501009116009,0.316898080724346,0.00186416389540503,-0.196853498933348,-0.133008356333044,-0.0896896257297846,0.195020628523421,-0.189740878409771,0.0365771227167388,-0.0421999070512585,0.306859751743372,0.309297026313545,0.139660503200417,-0.170753102329145,0.121536859815968,0.245059586585795,0.267491767637838,0.0517052093654438,0.534957048557651,0.347444020645127,-0.117356704944197,-0.171181881270082,0.280711123285208,0.194703134010176,0.251676827924788,0.104158433750841,0.156159485764627,0.333035088406433,0.270398788542474,-0.196165552845117,0.310875842330829,0.220944562226203,0.080090601671175,-0.0224044480625825,0.257207164874288,0.228428392681776,0.165933018850472,0.44474849378277,0.34283816326056,0.252596500541936,0.0242727500816257,-0.210080350193633,-0.0114312070617808,-0.334023566107153,0.331676084173974,0.00800567391950097,0.0994722221490738,0.149783434077807,0.161394289153688,0.414776785728237,-0.163887046101455,0.429910609474167,0.0249840882742919,0.243857647687474,0.244935217606637,0.179452941924103,-0.138937167264315,-0.216751644569413,-0.338045245083483,0.353162421717966,0.24893340102318,-0.0213160406140552,-0.354617617591074,-0.253327220607318,-0.127129398119908,-0.0902112196249512,0.155800072513501,0.33690380545589,-0.027463130841382,0.010593305295178,-0.0537533544551204,-0.160784692307943,0.373646724770249,0.417872193477431,0.0337891674668614,0.20063934656469,0.235477411841878,0.416609113903616,0.040333698267375,0.304261303740018,-0.244719768235318,-0.253413763782792,-0.226109741200022,0.016592132387151,0.0632423869973388,0.50124468321391,0.270223164012114,0.0326713300512536,0.234092662561556,0.0184752712864835,0.330043416878331,0.357147145025158,0.0297792092347387,0.16380525347876,-0.194331221767944,0.180650925415609,-0.0619415169528728,-0.193846713899734,-0.140306724856658,-0.00996133733975955,-0.0418342943458369,0.0968497712106801,-0.0964619357989116,-0.11339010932173,-0.0366226616270491,-0.246516079931109,-0.124249231880107,0.201385223285822,0.129387975614531,0.235338844133456,-0.0664720091379167,0.0965636990982705,0.0107647068948546,0.213661869997037,0.536594378544502,0.182486985345842,-0.114506882995278,0.0613616910127563,0.0912104124826975,0.596849030082487,0.681170520900429,-0.0255757671745032,-0.0871446356513513,0.077326073318223,-0.152869775002777,0.0593353957668168,0.0120802200933818,-0.0575008478275645,0.457048494576523,0.346596416970678,0.301355132280208,0.198062327750128,0.00673227380160593,-0.135182419169326,0.180844934270319,-0.0953042519743148,-0.190703253415042,-0.0358256766326396,-0.0530285969646415,0.148696414283347,-0.0815327397237756,-0.148669822929547,-0.223800638890646,-0.0728977174830937,-0.0486010070219428,-0.0744366065778701,-0.0250353776276907,-0.24276280182116,-0.248796896932249,-0.41673517947869,0.205133875555598,0.201611536744822,-0.0171453486847864,0.150913821461302,0.117630554973761,-0.12126082198723,-0.0593043797713221,-0.250892580477241,-0.155238466871791,-0.0984136742889637,-0.0969290451147683,-0.186259191462061,-0.246728728470654,0.322495372693969,0.276869614459227,-0.16000545593324,0.136257651493516,-0.0151332185152073,-0.0584509211165878,0.203990117702761,0.103160051701209,-0.0320108702648756,-0.212793292191394,-0.153437221594603,0.149258755509371,0.236504240777394,0.856893865850095,NA,0.715767789830005,0.805611624405418,-0.126177187503284,-0.0441421822928617,0.511146617705384,0.316545657405181,0.135246724799801,0.176100177861564,-0.157347653132169,0.00822931410055283,0.258156232354415,0.041152094498759,0.709885711126808,0.65126515855338,0.179382805643819,0.136324794640708,-0.239354230614852,-0.183677104823093
-0.235255439560034,0.308086878863704,0.506280763187568,-0.320167157201278,0.548515706853214,-0.00489366982229199,0.164036363094932,0.682005757896408,-0.000262501513214649,-0.104062054834686,0.354636869263475,-0.140419152175691,0.228786197440459,0.161942552150811,0.319243638050251,-0.0265799012834384,0.326258928218701,0.139776049383752,-0.162161800320821,0.377934904606246,0.182950007366827,0.304377426127868,0.0067947837197818,-0.0752871011256501,-0.127402927977872,-0.447432386353991,0.0116271293888483,-0.0914623552335472,-0.226546850990268,0.44231891078381,0.0503992542167987,-0.056722956169551,0.0509959734640263,0.314455026444032,0.165271754811886,0.151479872913761,-0.0741021856796103,0.247839157971868,0.141992128857909,0.36504529444249,0.32669013899207,0.360405711744482,0.190420571903532,-0.227190166369992,0.306096126072931,-0.118028158213957,0.0653057097780843,0.195856425620037,0.515320412842117,0.232373324860977,0.218880453374441,0.226818550318147,0.151035817664194,0.367070363039509,0.317701483454026,0.512022308784047,0.216555084496734,0.513478256211793,0.0986055460534663,0.0982076754194283,0.0489812534878772,0.0254580131304658,0.218308926456454,0.039003057104008,0.257059569999406,0.352972824373807,0.00992678530629672,0.222052326139127,-0.013968321995896,-0.0362561726633691,0.198990566414829,0.180295051180183,0.374249539647386,-0.234723024908869,-0.26601607707673,0.35793949619895,0.223365266887535,0.141678612499878,-0.20583957769858,-0.116462124110474,0.45197935343489,0.376258160999337,0.341616585019276,0.0412431739624758,-0.244708680219996,-0.284628008627133,0.468903412273617,0.351917980621276,-0.207904629252558,0.311437484379328,0.398002374196772,0.212526610011104,0.165742987971908,-0.16706699357267,-0.179505145595567,0.188616016922262,0.132357416822431,0.260242583969931,0.34219111337529,0.220460497299685,0.389539706305137,0.210001155425014,0.260372420491276,0.55735470203919,0.161648529145747,0.486140782101846,-0.185259996059203,-0.157082623477404,-0.0109061018391279,0.420563155299593,0.393148741248527,0.102909832183615,-0.08997156105668,0.0700425637905027,-0.0520682088870352,-0.225369329709926,-0.188790463153265,-0.198357881032727,-0.10115916846083,-0.0285165898983856,0.0653780548693179,0.380335402100097,0.0834954066177871,-0.138623796433817,-0.0695448444304972,-0.0133648779487253,0.0403749241125342,0.042189606606466,0.176335697039741,0.131185247593886,0.593879734628413,0.772830476521455,-0.137221964149028,0.25995793521185,0.16105473923137,0.324393292785726,0.707359637977703,0.562953528615369,0.582862879452293,-0.181650900894559,0.336483451693495,0.0818700287509528,0.0998621740951922,0.119771363310908,-0.224832724079962,-0.236490653380512,0.108365200519173,-0.180511674222516,-0.161865050716953,-0.327150877515823,-0.210736589897669,-0.14393790245623,0.398336483808678,-0.226654395024752,0.481840974473619,-0.250212725578803,0.0645965484823311,-0.113435710699376,0.335355268855935,0.406814292746882,0.140276680501133,-0.14319898091538,0.316847689234769,0.295781253126072,-0.337946795671576,0.5162238595695,0.243081174195851,-0.0084542793598172,0.263659958584986,-0.120890604312134,-0.0623004614071642,0.0929049026209494,-0.135726285288657,0.0762668042913645,0.363759909752278,0.303712970601297,0.33859919459878,0.090561521998831,0.140258778005699,0.109695768407407,-0.0859680430879107,-0.158352956123154,0.0335601856834696,-0.199122212635938,0.0343693174673389,-0.371219557114996,0.417786635133145,0.101827183649279,0.266358487015471,0.122574180322948,-0.0334055455064593,-0.136838549026135,-0.0611206406500928,-0.0277346707191686,-0.0252415156909695,0.154438817519116,0.43248838977246,0.552452327897457,0.0380219351801293,0.105516828584097,0.149970550833087,-0.0744016213326889,0.216658824616317,0.164325998510449,-0.102497310126081,-0.150969166106991,0.469954850839473,0.197673680869426,0.263877282897941,0.186040914657794,0.160949062947056,0.0206479376737441,-0.0283610570142621,-0.0531273708528527,0.114850922722536,0.281887165259623,0.17370503201893,0.0496347603928629,0.231799745578538,-0.0608407377227361,0.000263537847952083,-0.0935403622011096,0.305153903376616,-0.213776658575987,0.0264273729802479,0.0258359571147716,0.211019359848502,0.686324135943236,0.0750074315568335,0.427393545523693,0.10429232241024,0.0345567435504997,0.118631112511573,0.17629444347848,0.350191290503362,0.0934061199698208,-0.0823112842895199,0.207626583782298,0.288651823591951,0.314542871176765,-0.14979541726176,-0.0868779897244556,0.0205464493422684,0.0317232046485329,0.3675917763171,0.473340892424098,0.356025314727939,0.154557243330151,0.0880067295718869,0.0189592714028233,0.44086344184917,0.384620690228086,0.229093913464337,0.192864634228173,0.157761313699469,0.495746464090661,0.245803836657597,0.369058687188653,-0.0278257591489717,0.162650314315733,0.141825463990613,0.34181071081194,0.0604153245239349,0.447673712898549,0.378112643606917,0.169951404261533,0.254377331424936,0.239914862986119,0.344336216457879,0.174712126964401,0.345408937879532,0.238525599019074,0.133001000409047,0.344440509755855,0.205103968856836,-0.157993268502541,0.182789345673181,-0.0715140623030159,-0.0788682942870278,0.0966137126804366,-0.100464078650033,0.245809440225629,0.0329968943229417,-0.109378004591913,-0.09935403774787,0.015442494735287,0.0378492199643484,0.0906159066523542,-0.0426181392311261,0.0342970050073521,-0.0981115934699103,0.0732938360055435,0.525726160528362,0.125269568454432,0.0320269372835616,0.251067055073342,0.226296849683868,0.712472433229253,0.755969275368371,0.0330068740176594,0.052504412001108,-0.0314304301093778,0.0986369554750092,0.258505018078888,-0.0477147912210682,0.259893414795433,0.676875344584182,0.547051123146402,0.228600056916198,0.193225038427864,-0.0504374421594333,0.0835955971190225,0.205465112520702,0.204513737761488,-0.236748604991329,-0.285957131055057,-0.260249983519307,0.518800856854458,0.122766044769595,0.0472000552601774,-0.202989931201721,-0.237072452161775,-0.121879005800728,-0.312134403770148,-0.137871038623316,-0.100557092974138,0.231066007731458,0.0147515226009541,0.145119088486845,0.272671890677868,-0.0974416604650313,0.209525072301948,0.112446142778539,-0.157838861822976,-0.108602671126186,-0.108979123764248,-0.137578357741407,0.0790643220686914,-0.00392767177069591,-0.074438248972331,-0.0361153677962084,0.277479186248753,0.317699941103195,-0.226471154608522,0.395363459673081,0.184484720597106,-0.060789620936887,0.284104026386265,0.210492181709547,0.0105822564200402,-0.145435641954968,-0.264702276724812,0.116723949884461,0.144886591654448,0.626898676669796,0.715767789830005,NA,1.16779824443824,0.0818743485058432,-0.0243096246053385,0.607723201947014,0.370154885340552,0.186926052877884,0.136209929247139,0.0960879307413791,0.133176156317994,0.0321815283332488,0.0132807795138117,0.461294881723364,0.639659346214202,0.527166004262714,0.40465920273587,-0.192444586940396,-0.198733475489642
-0.240386392697597,0.283242808561498,0.635101067075149,-0.196649278779077,0.373394752731642,0.140853658907935,0.159824879742425,0.643499604067355,0.206596630708913,-0.0655031446450781,0.256985805139577,-0.107944117159918,0.18767743275058,0.171891968727767,0.111312188236835,0.0964408912226176,0.422532234343957,-0.195493166090536,-0.155828033417887,0.394504097536918,0.362799867714026,0.370902545982025,0.165442156159388,0.035194655545282,0.0594401637836846,-0.36852672512869,0.121140689545078,-0.0591526913630258,-0.381075565775637,0.650581914589189,0.179369546174286,-0.00389568494495415,0.11731657835658,0.591159524605752,0.218303589338626,0.22778500894737,0.215692364563947,0.286738480649115,0.275927540213719,0.310524838821415,0.475606655169966,0.499384347968353,0.443407395319385,-0.104497565563389,0.16877294471342,0.182059190589233,0.257502307919972,0.140395134099432,0.745866101902324,0.233597300245938,0.394832352163074,0.347201663464173,0.253308293372252,0.318519262699237,0.453089892162879,0.437895934723673,0.32633863474212,0.434699408965697,0.00408519566648153,0.156040028032845,0.0239533807730586,0.0484445993471415,0.428236494582314,0.175626542159085,0.273293340562619,0.423756400695483,0.0748888525387677,0.359041721490953,0.100536923783783,0.0563945465016191,0.131883149918555,0.0398419802991384,0.290077204862828,-0.0603119911274009,-0.12374201620021,0.354156957092662,0.313639818785822,0.261016993352632,-0.193532911432052,-0.167120810879261,0.406312872860426,0.37631978044526,0.181820555224322,0.0762996885284779,-0.213254372944791,-0.15124341673365,0.454529217469772,0.394621223419918,-0.151632588895219,0.389540067848559,0.468893771095887,0.297557276864264,0.250761586371746,-0.0850343092860036,-0.16315776602877,0.259845881192822,-0.0618447515838397,0.0630131045042304,0.338309669935081,0.218179638658391,0.488184673804909,0.200505425372224,0.512831241169479,0.586683429842141,0.447532247696916,0.635532149747624,-0.00469680381253269,0.0120574465093119,0.184395841493014,0.441981017426678,0.527102419832003,0.3376967069718,0.125124867565957,0.128488931198285,-0.256769243003632,-0.414390439812338,-0.26327362470133,-0.344339829021971,-0.0735342027721832,0.00194180664166105,-0.0256175599722518,0.338272208143306,0.13258470186309,-0.152703106389839,-0.134582150580979,-0.0676042805529732,0.0336374108216472,0.123118179742531,0.0489776760112589,-0.0470165703752289,0.56425482132033,0.719572272644294,-0.00059879161076321,0.176225635462282,0.0667207109149492,0.22467545578026,0.626616445947771,0.359588489984354,0.394584292145386,-0.288656130787629,0.191951967552287,-0.0101303953300699,-0.0398620714496004,-0.15644610584038,-0.13978317504287,-0.147302583676891,0.183624264962601,-0.0497203811957788,0.0106294121141109,-0.270896084445874,-0.150952157159084,-0.281930055143523,0.445283566375987,-0.244516183519855,0.54633709810837,-0.142455279386915,0.183969029286279,-0.120065260239535,0.152899802505182,0.622833990480018,0.0704322715011735,-0.258978370027863,0.422671051179351,0.531325275406908,-0.352562410382635,0.486804326821882,0.133700771899312,0.00981643455441363,0.270812232321917,-0.163863951382121,0.0229849041245378,-0.0640571855822691,-0.200471067350717,-0.140718452832929,0.286378574302421,0.329249301541466,0.496395480797127,-0.0833272058940747,0.102324886172333,0.328478860108419,0.0638625989184563,-0.194048373752054,-0.143335706941119,-0.411013669368842,0.190332935296584,-0.366292955064105,0.378005729207919,0.171104285166615,0.293415702690182,0.184693791966202,0.0298460072299381,-0.0311448040969878,0.00770033156893938,0.0408452326681913,0.00541700438736112,0.303541555338923,0.701389689504779,0.416474609292041,-0.0518103468908715,-0.00518757886828212,0.214094118452223,0.201282716743797,0.207062560589242,0.204946050505414,-0.0322493171921412,0.0561747434559865,0.450019604050033,0.0722597147011348,0.359085448638724,0.383725412861183,0.12676438233363,0.105851420355486,0.0938513765631222,0.0021278813451582,0.0974164326955279,0.292855602597445,0.261898379178544,0.0679225037793977,0.228551633313283,-0.149929374818054,-0.0957157130210652,-0.1570371439459,0.496544168532337,-0.160069643904122,0.103256802094251,-0.0330285777097513,0.348497430840911,0.544958076507969,-0.0295983311824985,0.609193640508309,0.0982352256327684,-0.0777389874879487,0.364530030388041,0.260664400962696,0.249942433429476,0.0286454423402409,-0.127266329346073,0.272522244881767,0.301326856503682,0.200424442101947,-0.169602768339537,-0.134184078226337,-0.152742134160183,0.17059696105048,0.347405716022715,0.466833500639317,0.0460723633637688,0.163460454734451,-0.0333937287138976,-0.0132607968110279,0.478747223465487,0.469750926922424,0.180716109772377,0.230304114002464,0.384731889921424,0.478776621499993,0.154587252819433,0.321555014069737,-0.164160576980974,0.095032173689737,0.14459152255714,0.282304537119777,-0.0412932724229314,0.409970386676246,0.17891179130682,0.166414536203372,0.132623074584088,0.454802189985044,0.573892958775231,0.315710645659809,0.369082269282546,0.222064913279674,-0.0312192199339992,0.424587704050043,0.159607406949765,-0.21413534007396,0.145270319501881,-0.187281526141512,-0.388970036092257,0.0260402422882852,-0.291241988029836,0.243761977557772,-0.141077202453047,0.0237775748334989,-0.123613964207926,-0.05830957621596,-0.132500318374698,-0.10935480153088,-0.0277995678907162,-0.14134064000379,0.0284790004857163,0.0429529152040768,0.53795894116011,0.0565378757597982,-0.0709867321720624,0.0356963405043798,0.273120344839735,0.678999561360332,0.553660895857885,0.138670100410517,0.0359686979918859,-0.0485204963726385,0.207643317735438,0.297490540716277,0.104335303337969,0.0314223085263775,0.520718264437386,0.485774976235889,0.284060744779673,0.21942082662956,-0.118422375079732,0.00476640509054666,-0.00789756331621584,0.149404461365175,-0.415644726284402,-0.303239140739805,-0.129747398321975,0.376429748007865,-0.0733298320382111,0.106857295582528,-0.290138706964424,-0.439256846602879,-0.183825334617464,-0.288866423723166,-0.239056393637095,-0.183821204668487,0.0461437348492353,-0.153714097787734,0.207060710940533,0.417197689198069,-0.24541849959692,0.0672099176806151,0.014991386482308,-0.129117317786038,0.0267002283640492,-0.043820661582099,0.0279873040866992,0.1268962260424,0.108269553465558,-0.150136661917228,0.0638259045509807,0.163367930675236,0.0836445425899124,-0.083218603467713,0.375473314772103,0.256421161218336,0.0453129649175466,0.277506738777465,0.24150073740043,0.157567440653759,-0.137999089360647,-0.127061005162967,0.0785294375122697,0.132018956188013,0.483003716021846,0.805611624405419,1.16779824443824,NA,-0.0510320957289158,0.107227838521849,0.671867386178441,0.577088259231005,-0.0199760876455416,0.0579948959764556,-0.10556205265187,0.0742989697120121,0.0878543296340679,-0.0378920071471421,0.383956428282037,0.717641797596193,0.627279589517847,0.444351912212137,-0.120339348889816,-0.125024264465735
0.0232379563251875,-0.176107292739939,-0.219811661174421,-0.220166918722875,-0.109543968404126,0.106685267858071,-0.287407938130621,-0.38712304388146,0.0271288735910531,-0.468156500542446,-0.00028053718003962,-0.213938253929925,-0.336942729803257,-0.171930074856214,0.136799889963406,-0.107073780141689,-0.332448608242142,-0.0595732905456126,-0.20398904393515,-0.159517349157081,-0.372383272795186,-0.269402485376357,-0.271544674973285,0.171173990684376,0.0394144686876752,-0.1260227794386,-0.442928287837248,-0.111294503305352,-0.11955750632744,-0.0613724922493265,-0.354305376979856,-0.252601003772742,0.101931582742606,-0.473608383613253,-0.158986067033204,-0.152539725996035,-0.336654825395856,-0.221571975386724,-0.31968690749498,-0.392729508484351,-0.415863488566941,-0.127076821795653,0.218510726710943,0.0490504647027156,-0.210225546302544,-0.235168875200039,-0.491652225957009,-0.454317226545285,-0.333440545980006,-0.186248081170841,0.156545961334776,0.373961253957424,0.0315188039881998,-0.0226092313993252,-0.0491627623845767,-0.26272305692995,-0.431614763096088,-0.0362670057509277,-0.16866884743465,-0.0847478419488995,-0.0378109320533527,-0.0618451395146611,-0.235658486741961,-0.421428575165364,-0.200714265826384,-0.0890443539748899,-0.124975457711983,-0.136872167275356,-0.42801823033139,-0.288162845809897,0.21913302872099,0.242915370356504,-0.111735304937103,-0.0984795233813031,0.0105931878949987,-0.108776761808419,-0.117332880906106,-0.0312405136005804,-0.154753649594148,-0.02261566926428,-0.305984248600046,-0.216456484983338,-0.0301792538605617,-0.157853929413566,0.0807038979164196,0.0770984939855668,-0.0800073548381695,-0.137753805314985,-0.213805591659575,-0.244611128859264,0.253026967776176,0.311838284440884,-0.227446519499208,0.433592425816013,0.289340697921943,0.545335090060191,0.147811038208049,0.0386977521688184,-0.224588189091867,0.203471684392077,-0.162313018341299,-0.111470166217596,-0.450782794186874,-0.251293043541512,-0.109879553936217,-0.0790869528840355,0.125117194978688,-0.145313075473357,-0.114588903699404,0.268160651178407,-0.438256265949593,-0.229913928432459,0.0695303301933183,0.305528616386039,0.431519615248617,0.0311911423481104,0.0285715505846971,-0.0942527656095632,-0.0794339479668523,-0.194733617583032,0.338500029839259,0.343035651065346,-0.00633926761185702,0.187265548795818,0.090574163222586,0.0160567739561881,-0.0420647324367398,0.0778869299563992,-0.0131891431333445,0.0473604119969484,-0.221794916147296,-0.210208988053195,0.269408753720525,-0.152577277972728,0.0564007918532558,-0.209493142494155,-0.290439801639522,-0.110821584357611,-0.0666744100100546,0.34485170966974,0.136688711377926,0.133947980312537,0.0740729976453558,0.108054214928566,-0.0538649105414591,-0.0293017388714955,0.0905817182734799,0.215386547441042,0.00873054979637607,-0.063157156516921,0.300221734288304,-0.0878291955919695,-0.201700326212256,0.162720459080208,0.0176825136386724,0.133422714357046,0.331037550235867,0.0575726110956852,0.0621375304619911,-0.140397693779642,-0.233726030190911,0.293472346161251,-0.297642629319462,-0.0923457935828306,0.105942353546099,-0.224801209947999,0.155327869121661,0.0283830615244003,-0.226271496391425,0.765262527948411,-0.465521466008591,0.124039335350306,-0.0463699412393916,0.0635145889226529,-0.13525754471583,-0.331489824917324,-0.410416523399029,-0.2338184220633,0.0672646822075548,-0.364742630326777,-0.191797264679663,0.128880259103786,0.176932775223716,0.111663296037738,-0.317475836089115,-0.071105394983967,-0.339774952269588,-0.243114203564434,0.0920244730946524,-0.260821712085372,-0.0289939357320146,-0.159566407705713,-0.106860281232998,-0.33186780924542,-0.0666752894889909,-0.338175542514653,-0.253286805556929,-0.10921563517897,0.719787877728891,0.734003390428722,-0.112654529551617,-0.379837710633718,-0.406598826974279,-0.164266543361555,-0.337972317302773,-0.603006318366386,-0.257914381426182,0.554926985719379,-0.34882570151184,-0.41012702575461,-0.0051720450302034,0.0954175924104047,-0.337508947110338,-0.289523400938629,-0.41310392715959,-0.179219120793895,-0.218842403920838,0.111274478789664,-0.0758242923521023,0.493795272209043,-0.0433596236015906,0.224411659232159,-0.288296267312089,-0.0185223962414132,0.0669377202440113,-0.130249982818872,-0.234994836103562,-0.0378795743042633,-0.0313266514271517,-0.237619821929347,0.037960926908565,-0.0544224836160062,-0.255442873389107,0.0592093875816402,0.113905863110581,0.323730937421456,0.212819893001467,-0.52914065902728,-0.311077315819912,0.188252601890462,0.312940450411973,0.202474549754995,0.337666278014654,-0.103376633834284,-0.254295544885765,-0.476520772814075,0.247120838315707,-0.327871270974835,-0.185857702340957,-0.306987759913386,-0.251374608614887,-0.0215442242246156,0.214414746726244,-0.150346427969046,-0.244913259158462,-0.223164575202384,0.28962253872611,0.0288361045578264,0.753709821557034,0.517839838970242,0.516912799970076,0.179248579738489,0.15287084593291,-0.255714960918328,0.123578675854327,0.320183575068833,-0.214748750301897,-0.198637278951403,-0.389466032684458,-0.208764009936299,-0.336882232165021,0.0471852009567094,0.293080383518069,-0.301394218009962,-0.28626025470689,0.0486534577539807,0.461970603279512,0.461992143125258,0.0996382594892013,0.18471432470861,-0.0430638226883281,-0.0505337787716091,0.0493763966210315,-0.0676148226603362,0.236176852367229,0.102528891490243,-0.00736954668736532,0.126133750988055,0.452939616396537,0.0177548320785807,0.0593743746768129,0.000745273054264217,-0.107809165999018,-0.0620126338655646,0.1378507821113,0.0835298381031783,-0.138775471822117,-0.188111578198196,-0.130670695344385,-0.0851413011239592,-0.327155421618497,0.0467680075088499,-0.246767994984149,0.328364461095371,-0.00932268290882615,-0.0139842789734499,-0.134447248646994,-0.218534796537842,-0.0970005218340465,-0.168996510282249,0.0391671511949592,0.129417030106306,-0.0367342197946558,-0.0571863271582907,0.500108143908855,0.00925645626992939,-0.237492041825422,-0.00432884725837431,0.793139027255518,0.397274776605063,0.198625395067517,0.231199384493231,0.155415312983916,-0.0208970246809973,0.197752714471471,0.202604576367566,0.723875866447188,0.49037819792761,0.143476817331442,-0.238007843972123,0.00560561519464274,0.0154106591318069,0.0444398915736546,-0.141341472974054,-0.241933947985412,-0.0273491491192039,-0.0768576262190008,-0.138439079210408,-0.266663193045187,0.148024103418747,-0.0187033596541009,-0.0612410307343389,-0.0244680161388712,0.2857051830096,-0.172456235483895,-0.0371841358405297,0.100278365954123,0.211012696218436,0.644863831800245,0.424245671590429,0.781699902859649,0.314843091268447,0.174022200849358,0.188587108058994,-0.0172179354672157,-0.126177187503284,0.0818743485058432,-0.0510320957289158,NA,0.327569585132372,0.0739874463118526,0.0433346073810539,0.340931583937108,0.287210525514121,0.303221273797562,0.326032128412154,0.0113024386777733,0.0769463602633483,0.0836838020214957,-0.200426887958421,-0.054690045789223,0.135249717282508,0.0423563942309355,-0.316267735111088
0.298243349255078,-0.287953079469171,-0.194334376707508,0.41223114156776,-0.139145348535299,0.599327860507727,-0.083685018424532,-0.256693422643455,0.817335211036129,-0.403347889838517,0.127495459702676,-0.100099755960577,-0.236597943490769,-0.0176772474042406,0.106321592784123,0.101915798209904,-0.340271351446228,-0.155393453486114,-0.111334090491389,-0.171049395103138,-0.507844910924689,-0.335752518957003,0.249393414974902,0.698080916868653,0.51067840282583,0.460979208457719,-0.403957302027765,-0.188186255164302,0.0739606931668778,-0.0149605274306916,-0.107432410694048,-0.117723528891031,0.267898795656473,-0.266110862362728,0.0193414648233158,0.0226733134535198,-0.127929446249221,-0.204848200343115,0.065217485952852,-0.104444724853977,-0.237135237518834,-0.273486765226281,0.542051688952085,0.767663862535369,-0.155556072999149,0.115344896366056,0.00588305529962558,-0.461572191729795,-0.278880222918716,-0.395935849916904,0.448608179783728,0.501287674908048,-0.0232182965697846,-0.175070482216499,-0.130514910928776,-0.381459318774894,-0.305534637288458,-0.332161692759351,0.109198514873215,-0.0726488899882696,-0.0523708045494186,0.143606072578991,0.00445545159018302,0.000684665950995603,-0.185557620119969,-0.147605020294623,-0.319007766065777,-0.256323703818675,-0.225620464917402,-0.0118632107457682,0.0107284895539402,-0.106135918570444,-0.00364916762534003,0.449726107901918,0.724646161731363,-0.381271867177416,-0.137814651900103,0.699963044115013,0.365120568548104,0.283960948128043,-0.241879114590078,-0.315303547164041,-0.0111577977450978,-0.0800365329163053,0.440960965005494,0.789391700697998,-0.228879607790012,0.159266587530003,-0.231402958939003,-0.205544772934216,-0.12138185464251,0.104952744912046,-0.322568254617199,0.795064073254927,0.589376364048789,0.747818853615323,-0.0518116547074883,-0.0282249262941735,-0.0384145234917211,0.455302352151755,-0.207219426954621,0.0530172829060578,-0.342129624136306,-0.308752792153562,-0.2158889010693,0.0570542071586529,0.62318829574816,0.463517335198113,0.544346682942579,0.12922393717883,-0.277554383828173,0.147301892960849,0.623492709830935,0.257117846624293,0.172105109225827,0.352258001721999,0.201689308152392,0.291768238814994,0.547804091788825,0.31349115773484,0.455367049950088,0.538745900957676,0.261845143170092,0.291073449377819,0.309767205417861,0.0645610907880765,-0.0173516846824985,0.196809877314732,-0.240919465573203,-0.274305254805824,-0.310833088198433,-0.0851683832010412,0.158219516737854,-0.216641016302076,-0.0296967199260802,-0.0992218768660632,-0.0756750434346427,-0.18049956001759,-0.319334726378319,0.244670882085773,0.165633588960449,-0.109201505675339,-0.208302156279624,-0.0425760575820545,0.517118868604631,0.61221880667831,0.707501276828973,0.416161369838634,0.356083112942329,0.567212708972976,0.762488543955893,0.20783942224907,-0.317562544122555,0.363408933624484,-0.0861051864409757,0.779083100875828,0.886166781897574,0.208993554693666,0.0322550793544035,0.102722638716514,-0.168561244886776,0.0429119732268575,-0.386662191867921,0.127174627399394,0.402421156153323,-0.252080720369415,-0.123605717299369,-0.0375477656084296,-0.149679817522445,0.574056512643962,-0.222644457968625,-0.201269592947047,-0.195594371012626,-0.127759027632398,-0.103835962664477,-0.182275753482196,-0.0596582423940865,-0.286869256325133,-0.105418011585372,-0.333566335454662,-0.0506077307321901,0.408173803663287,0.0940208549349146,0.150484030904756,-0.330113995206672,0.195132517670104,-0.257649792141039,-0.200976406847756,-0.352420216114277,-0.0797260870179214,0.228092261492807,0.199848559599532,0.0647917880339372,0.207357308758842,0.13405049078428,-0.175051429051741,-0.0544009700899788,-0.350137699556995,0.267596994804233,0.534462618943431,0.107719883382893,0.0118624502290161,-0.396041236417512,-0.208245001786808,0.107950381117269,-0.00463582094810207,-0.356049840510304,0.0017866986367799,-0.237929691604998,-0.278211871781296,-0.293576698274305,0.0773070349468125,-0.110251812465165,0.0026914325555281,-0.242961544783168,-0.0526292278246294,-0.120795497772874,0.0328737685104372,-0.284535711543582,0.316880657267332,-0.205983534946786,0.327380465088636,-0.319354648549325,0.153062763314258,0.285994105558533,0.173592330473403,0.0382627692482586,-0.123181731162927,-0.230189710774187,0.0159331633604382,0.169059262922523,0.0103886555317595,0.0991494039453297,0.0900880778786132,-0.00441913118996477,0.196190934323489,0.336545927470507,-0.178063494960611,-0.370725841853895,0.210321248160835,0.510047052644885,0.471959818486385,-0.0154464108330545,0.0428851142180837,-0.306024904214928,-0.423105733735143,0.119706515557944,-0.219891800357937,-0.12376588163454,-0.162731029698488,-0.406507143849613,-0.244362692798805,-0.1858767961184,-0.514710710623225,-0.235253494744915,-0.219403232929392,-0.262350148169884,-0.353631046226434,0.242797845691354,0.413629315832064,0.390538986163921,-0.3345976010704,0.011593898248761,-0.242056786562853,-0.226317203223708,-0.0725816061435307,-0.394575860296734,0.135646988840735,-0.167760078012047,0.0602774481432106,-0.190639363473003,-0.411236872067734,-0.0259673063086653,0.0196394461675849,-0.327327470105349,0.205788707335189,0.232666313103361,0.375254364379186,0.101526580452472,0.299855140188413,0.211318418135784,-0.0636873545511255,0.127718719190254,0.170254698322233,0.0838698788831906,0.0159117144373625,0.139127425710938,0.162945661515076,0.445042531255395,0.0097547103951165,0.204049792289327,-0.0818532871005403,-0.342645807533908,-0.354007944032835,-0.164441059194628,0.146641522525746,-0.155199905580702,-0.276141109562566,-0.387638425558746,-0.121029406519052,-0.028619451882525,-0.173741154284046,-0.162372042716322,0.00188114899783308,-0.105882599863512,-0.389164349896149,-0.0835607816052301,-0.121157765618605,-0.165834338907624,-0.380217115454427,-0.173890984506032,-0.302809402115359,-0.296709067060616,-0.328844592219445,0.252165569058436,0.133149122672151,0.152830624884782,-0.323455324564904,0.345980484767306,0.162735103926485,0.287803619427367,0.346985348756672,0.386589957046704,0.177080474155133,0.433859656029541,0.241684655006507,0.278468529986355,0.272443337295167,-0.0227745734747984,0.0128311724172284,0.0184625459824495,-0.0071064274588797,-0.123405351952765,-0.0369524551137035,0.156078597141144,0.464575150515068,0.314812795797313,-0.0673836620854988,-0.0595092859855252,0.0222921635844363,0.0521834066596023,-0.200617005140651,-0.0908677101472605,0.0401153427310278,-0.264606761363149,-0.00180795787837828,0.14792570343329,-0.0282254056436669,0.583379944502757,0.94613073548885,0.534978322671325,1.06961409174103,-0.0107022678664203,0.0280730469327388,-0.168502270702862,-0.0441421822928617,-0.0243096246053385,0.107227838521849,0.327569585132372,NA,-0.131583107144204,0.247622634969052,-0.0708850467441079,0.303270275853819,-0.222701152174498,0.319036299278202,0.102447912015575,0.0815421070798475,-0.0698213428569457,0.0291095425764993,0.127680447745337,-0.125976063080245,-0.0913321359137597,-0.0865830461805075
-0.192071034282932,0.533620284741803,0.683924885275985,-0.165290719369764,0.147805720036579,-0.0965250450858317,-0.0193697096119721,0.573663897722607,-0.0691387868903078,0.0978608265345688,0.0381883441755597,-0.0255303016537674,0.181234747139807,0.134591984366204,-0.235854841615465,-0.0154328974594364,0.227951940275236,-0.130691701640996,0.0136837783696878,0.414671907929134,0.492943783876096,0.462341633173439,0.0107410225339919,-0.291253181614215,-0.134313836214418,-0.337490696724996,0.138043371097704,0.0564085855011152,-0.277431151898111,0.340154726559198,0.396074269980201,0.22398192774123,0.244341978645615,0.565078995369288,0.311506955427667,0.395527259855513,0.391078880777993,0.530254608904855,0.303983091823716,0.178352676843942,0.525951086498155,0.161306346156384,0.0482530120464683,-0.168529220531463,0.285234875285426,0.191351799835754,0.273573769527014,0.22969779261693,0.561405591567697,0.509232690229049,-0.00974043314241627,0.0446444417469253,0.511690737438985,0.496850534158228,0.247369036429032,0.411447673585367,0.444054908743374,0.523297972323842,0.163721960883631,0.0746629440004117,0.0175583547472685,-0.0759059303372802,0.159764818015343,-0.0465401637319591,0.373298912872808,0.675930284815032,0.414136634848615,0.550115003787177,0.176052184427215,0.130508860003147,0.161395674035183,0.0371630499688184,0.0908611119650413,-0.349079616900447,-0.349730735232321,0.222350820740032,0.508350183032345,-0.0634219925585351,-0.389360959750778,-0.254844347939384,0.217671703596092,0.14131910113367,-0.085575197040809,-0.277705637631322,-0.552039222155528,-0.402152514485182,0.32164485937274,0.0801303730712553,-0.0361701729745855,0.358427146909064,0.31827230839703,0.0961437844016004,0.223847109276787,-0.195040069224911,-0.161331567317997,0.0226515875226252,-0.17789709500569,-0.18772818231659,0.487009243449697,-0.0783098317078322,0.437189689727181,0.0785520561527881,0.492158861957011,0.405843919712801,0.490160200616147,0.230247091054432,-0.154256940505175,0.00432911062472294,-0.134425850831745,0.361594340626634,0.428562041155778,-0.0431732890740667,-0.10778918460116,0.205692566292061,-0.0387484019910731,-0.279009604794219,-0.073118436014663,-0.279539704233146,-0.279826012787946,-0.136336837181041,-0.077589713793555,0.0425557926165156,0.0420562817922341,-0.100968176120452,0.0173047650496072,0.0460327559641903,0.0299828404553832,0.204628442589723,-0.00271414839137463,0.0964102582289513,0.5418914915318,0.402471209585462,-0.0506143718791775,0.0423386944151016,0.0350819780115727,0.308127164617662,0.396424433222677,0.0424662204984297,0.326485324079698,-0.459095847518935,-0.127362492204097,0.213327156669509,0.0307827177157414,0.0810194318959383,-0.0820563678020805,-0.113912119707457,-0.161461346381532,-0.12376170006845,0.027691183891989,-0.272546390382279,-0.234506164896139,-0.222512248324426,0.304698807657783,-0.142088336750256,0.33262002535221,-0.243746795343649,-0.0737287988974328,-0.230330821411435,-0.0498918941761668,0.430908321955683,0.256249194243321,-0.0728054044024783,0.597412482148678,0.453185878688011,-0.281414715507064,0.439269616610457,-0.105459310362239,0.0222090604397304,0.274153674372024,-0.129632522200783,0.195948573237466,0.00818334231121985,-0.0496148572743232,0.0302843438021681,0.0544949997347914,0.287719170366302,0.496940366203347,0.0683668820398654,-0.0803579434103281,0.448591655440913,-0.0385068197126604,-0.291102552245657,-0.229921588940932,-0.15638623283514,0.440003248715572,-0.219418389520753,0.194282028986472,0.464986916893661,0.349024420579163,0.360553713211192,0.199718397107131,-0.238202091628058,0.241248808131355,0.0425128513661401,0.330217838210465,0.397455304122521,0.613147541251566,0.344840274824806,-0.0546671098631741,-0.139837873306943,0.309119464531799,0.269962017750929,0.296420681497344,0.290073726840358,0.0929005077627356,0.103206444415622,0.280041058219724,-0.0848351016164099,0.363743169195937,0.237083621718241,0.0605336742291774,0.373078493738292,0.362098825381839,0.191043686653578,0.0986113778821358,0.38479344058627,0.421883207045044,0.124278333003624,0.0208176007718802,-0.250358589247746,-0.0697148894852397,-0.322613748494672,0.681443921816416,-0.000577864383623222,-0.0292172981157323,0.112327759913162,0.439329370131223,0.61636686603609,-0.0201046707468177,0.442534713538366,0.132049583399986,0.19943814354674,0.47468090355942,0.337733473287787,0.275483306058479,-0.191938433321604,-0.368297431650554,0.308250589158603,0.365385034894388,0.126626479442657,-0.388185734939865,-0.487432811874114,-0.205294812211961,0.243563196340068,0.208758844612891,0.414730258918465,-0.0968452653366835,-0.00612868355630849,-0.248034831082501,-0.205375391671208,0.436579860903536,0.351532545207805,-0.000291081757874669,0.224747918575523,0.602396029768227,0.369657187067733,0.119231839939624,0.165120864137626,-0.0899016738017178,-0.207619364240549,-0.10571108056273,0.0961817392788869,-0.233344884355949,0.532045083389562,0.24525213455477,0.20881005158189,0.188310212526267,0.291864833569467,0.247429269659106,0.394639022989282,0.00846254588604422,0.2307742426828,-0.212449172991887,0.216254987019987,-0.14368352088866,-0.366291520274686,-0.00953368202698831,-0.0940904469340756,-0.178947152740032,-0.0520037463601145,-0.295658297670933,0.0554128844181002,-0.240159464966555,-0.134926085027544,0.00559700874279848,0.0367255047762461,-0.157879100077239,0.0696239201541357,-0.0392006665066618,-0.0743623791373738,-0.00851160040994285,0.0546619256913308,0.460526971658943,0.00511736579594291,0.125004890126143,-0.187371831800924,0.32917181795218,0.578664679706075,0.48516660863628,0.0386383237542769,0.00683542647774371,0.221185389180606,0.0199062529101524,0.0166545224997317,0.0172772665663935,0.0943522603160263,0.265611254561768,0.411307618565557,0.125341318361181,0.324826086721321,0.0832561482248183,0.255665750280472,0.0560600253501587,0.286946017178415,-0.214837064281648,-0.0622482317216651,-0.0275899390619367,0.27809917596429,-0.0956132452883417,0.0374666519764129,-0.304757096643385,-0.266420974641098,-0.194237488879986,-0.243598153662525,-0.130335690613517,-0.180451722725973,-0.122733958093349,-0.333487136983566,0.201085387619578,0.223495230889241,-0.128685537503996,-0.0350933262758807,0.0219850536636939,-0.153724329961699,-0.0528479710952843,-0.376668009158407,-0.314624634756154,-0.0878747099873588,-0.147773542955243,-0.159679717520181,-0.00826725580502042,0.135929059366422,0.146937096942621,-0.0557711248197598,0.23718301835878,0.0116958669968247,-0.191121244055212,0.167508714748044,0.0032815378492516,-0.0947415338957592,-0.189382743060544,-0.23154129251469,-0.0307217548408231,-0.0738478187906129,0.36310192819004,0.511146617705384,0.607723201947014,0.671867386178441,0.0739874463118526,-0.131583107144204,NA,0.494720121280302,0.101112798488465,0.0136142999994378,-0.0333752334869216,0.120442775637373,-0.233684942796424,-0.0930704530584124,0.61790670739599,0.68131507960018,0.33217906518111,0.519465252635472,-0.211351166545018,-0.134224484945122
-0.0951861471599346,0.121778831459976,0.217997957075325,0.0982574377480231,-0.0410300579605789,0.128603373502836,-0.0618351489442676,0.153274716442881,0.0610302460566595,-0.0707801543005413,-0.073687603264029,-0.142054201113607,-0.0333933101963666,0.0047450230064401,-0.259131577469944,-0.27871465500405,-0.124119103283736,-0.339843762954124,-0.125316151855612,-0.0440840893359825,0.221824493463098,0.24769451982741,0.223968995428482,0.000845235969559651,0.0225409697082673,-0.0924605941748263,0.0153412873490221,-0.0536131664470497,-0.18702955144046,0.38672863898353,0.199166986625929,0.132016554767426,0.230948248360885,0.40161263666367,0.435671601126667,0.334292081230397,0.30549597967838,0.226818899132281,0.489820015632521,0.157410939592688,0.454321546043525,0.262676351059517,0.323107450264268,-0.0415419852112589,0.130129660489734,0.297075735235824,0.11759077210496,0.112701803092716,0.364985504060101,0.172791814249284,0.286609465952879,0.328128185827721,0.0222795264767289,0.245464620946406,0.0426453934386044,0.196781184306337,0.105665377796687,0.307210772195871,0.142769813564482,0.139518013606192,0.0628864034990772,0.154169409538829,0.436457297012347,0.269896972354481,0.238740672412939,0.0221045011431252,0.152447904374757,-0.00215534648617718,-0.09964665140507,-0.118919895837832,0.00171532501605713,-0.135432173701143,-0.198554276585711,0.0686840312073137,0.158567106599261,0.0711780954555935,0.261344295274104,0.191313781946039,0.111870093414477,-0.180081503460174,0.0573375430746046,-0.0129044582445677,-0.130957701904674,-0.124748026887746,0.0124363148474037,0.0630715122830365,0.154333876795357,0.119910310261602,0.0137272163455218,0.105984267562808,0.324682668720626,0.207602468243378,0.129680285824652,-0.0216363355647364,-0.0101318674336418,0.214072081964892,-0.153781806401473,-0.212419200238722,0.0812187539547871,0.107817035968152,0.0557491162206736,0.103721066225509,0.191525144621347,0.183582192403499,0.249566425504187,0.29378634746028,0.233173001939699,0.319478678633544,0.254165412390813,0.258888834027188,0.262986893019448,0.344301544532194,0.150221770526723,0.123415251696752,-0.239610150051974,-0.0219959650606988,0.050512994620816,-0.118772812281352,0.0280155949660332,0.112667245934101,-0.102697068159119,0.0155715048199044,0.224120446701738,-0.077134246286948,0.0570633854311143,-0.0789233546621281,0.0802535501946876,0.176999912466518,0.0915140289757145,-0.0672538855160441,0.226013013184646,0.259224430127033,0.182228435275507,0.0502833121270688,0.026397760803641,0.143864876539376,0.17711965393644,-0.0475009500829535,0.0726238499202819,-0.150698928855809,-0.0613380193383885,0.0602448973862666,0.0352314560547535,-0.210751495700693,-0.0374107276298182,0.057002161795364,0.204500272558783,0.00701697880725263,0.278094513681478,-0.0487568190178522,0.0337932750744655,-0.274568795193906,0.319599396105361,-0.142304169299959,0.267493927973537,-0.108721419376991,0.0974136872171801,0.0749305431386519,0.123546049196899,0.396848912638267,-0.175174449400035,-0.228387244975134,0.318577442889901,0.224407182473568,-0.166089007345427,0.0222400155218293,-0.120373924197588,-0.114838177570879,0.28372439669986,-0.19203483355019,-0.0782271062572187,-0.0626946520739757,-0.0869835519644788,-0.122384816322971,-0.141583350985572,-0.0624052042122136,0.275680260062698,-0.145892233822959,-0.12848736540422,0.252473572854868,0.0586325924793685,-0.334398964620641,-0.434083092297529,-0.258424708415355,0.110283777941924,-0.219788574083363,0.31941808528578,0.189034901529824,0.176637819442975,0.170354184259284,0.343143959125523,0.260919665171397,0.201898576524259,0.120004452150185,0.184369290910284,0.275561763849362,0.354854288137571,-0.0443936575488088,-0.0829601257059594,-0.128788277084348,0.0946926811944761,0.35747082926064,-0.0233048367117928,0.168377708462744,0.162607364188929,0.147169031248786,0.223696681812731,0.0715058873494114,0.296941910288778,0.291911832727041,-0.254706756240146,0.0107347718402374,0.124547945054282,0.0803525161335227,0.168846536143495,0.300700522764015,0.14225819009739,-0.0248278136835288,0.135296762006845,-0.208472800450027,0.068647576524731,-0.08994169786327,0.375426929266111,0.0241431491263278,-0.0503710451917576,-0.0657800982929146,0.0798174090242939,0.235181795681762,0.0167901688242109,0.381370784018909,0.226951180604887,0.0727434603543706,0.270401142956,0.213991431320259,0.0979234822589666,-0.0281448986660868,-0.153045138964555,0.137574844208416,0.39676352555313,0.0828729527669199,-0.00750831239456957,-0.233532095346304,-0.0235693739698239,0.14822885632941,0.149268978182528,0.0262897083094616,-0.0530114248112874,0.0951813712554977,-0.0860439498547621,0.111548339975872,0.139536751886164,-0.0424736881599777,-0.18716692059708,0.0503927072369953,0.199010585072874,0.0247770845061513,-0.0378951571509427,-0.0866676352805015,-0.209409850046374,-0.0704835350521558,-0.0683936021584756,-0.0352257002138466,-0.228456721394635,0.00841363201328048,-0.0567158579961592,0.0582247927779336,-0.00374466897994197,0.137612104793738,0.291974376556124,0.370894528864094,0.0775788150777259,0.0891046128473633,-0.124656501316024,0.374957410500421,0.00127483047347335,-0.102954735668553,-0.0576070091518558,-0.265428883131506,-0.251173690142812,-0.0965387247591575,-0.0907489411492051,0.0317319661689669,0.051810135593934,-0.0199271421317958,-0.289544984681843,0.145742329797744,-0.225210778077681,-0.0288761069781734,-0.251564459616826,0.0270984048245535,0.0322749562251157,0.197797444382212,0.41587774918222,-0.159642511694548,0.0992886699137522,-0.0176832001150653,-0.0346926424695666,0.183603866085829,0.322819211971556,-0.0822437328991615,0.273433139353397,0.215443470980385,0.0925939358668018,0.0231781421849088,0.372174010855311,0.051718530987559,-0.0242615860740489,0.0513815151080946,0.0949820257925307,0.00466860653684544,-0.139338986315477,-0.111107125976953,-0.0728054453995189,-0.200945156210894,-0.322753979398981,-0.19639345785213,0.176517009957423,0.120420026498901,-0.055338989029059,0.0637859647362432,-0.0812436608243845,-0.144385231922169,-0.289027854549079,0.00166079853083334,-0.248072899668693,-0.0762201326358699,-0.136900240464441,-0.222465789640216,0.0142359308525509,0.28300367400399,0.157529241428676,0.0337934817192013,0.042407969819876,-0.0610443890662688,0.200929751414309,-0.0913448784272487,-0.0109831115461808,0.0974630849621324,0.130149886172185,-0.0546853447154057,0.0831415468181398,-0.0251924295867138,-0.105636211358096,0.107033215580546,0.154143656583215,0.159334729499526,-0.0274369675509645,0.00342126872621137,0.212956548525979,0.249402266854577,0.0241451120105875,0.131110357181956,-0.190908508668243,-0.0861053778514081,0.106567173760886,0.316545657405181,0.370154885340552,0.577088259231005,0.0433346073810539,0.247622634969052,0.494720121280302,NA,0.172874173576399,0.0760423613096061,-0.163803175782186,0.148220464324916,-0.102236837425061,-0.208275280466224,0.206881342174476,0.472712464187612,0.399912836065688,0.475174970676381,-0.105020665374184,-0.0322552467235734
0.249048678885281,-0.0609628877795624,-0.214316877600809,-0.229222675937305,-0.0199815676531431,-0.0723910108578594,-0.125945476455133,-0.152212321030279,-0.185817391902976,-0.0113465089627084,0.211768884517113,0.0109110823619322,-0.0635248113969612,-0.0538640348782598,-0.0738499566055642,-0.358342863633553,-0.226112375258132,0.144456505249916,0.00069648314969874,-0.1953452378357,-0.119631604996575,-0.185404489583591,-0.430335155035602,-0.158521607809435,-0.025859897294553,-0.137393690021468,-0.218761342353936,0.0231588693845124,-0.0805031894917762,0.0358521893091561,-0.0793718938174361,-0.216268229276301,-0.132241866647997,-0.00262608381044617,-0.0707217047346282,-0.0881278638776245,-0.191152773676883,-0.11683314821856,-0.0630031728014925,0.0203773391608076,-0.113984376191734,0.0491601132331145,-0.155085534411612,-0.0370005828315181,0.00575296071471351,-0.193813255072282,-0.212761272718704,0.160640008622439,-0.100538155284335,-0.047599474270352,-0.261975879808173,-0.124983312267849,-0.217654973278853,0.0960849328752852,-0.152983289290417,0.00740176143295984,-0.0652324056998585,0.121508318636152,-0.135628811826826,-0.141319075977683,-0.0350218633737089,0.140767766385836,-0.112237134252124,-0.199583361729172,-0.121623362542148,0.0923433847900277,0.0232505817362597,-0.0433769773238325,-0.285804473670415,-0.248552064145971,0.383119815437464,0.073401285576323,0.104917766493358,-0.1658562344539,-0.174645370914718,0.055846761672621,-0.197261099575518,-0.254693809938389,-0.134792230285217,-0.250000406696482,-0.0607037880905549,-0.145183947392434,0.0936853963793241,-0.0284875123577132,0.147423681509488,-0.0546883589317455,-0.0718598993823431,-0.00445938347900557,0.0300103611675844,-0.346369847366293,0.132425136756428,0.101171280114232,-0.0573218209967206,0.0944045466845933,0.153589005947921,-0.103681725900464,0.128150400811138,0.172138198611819,-0.0528670234906635,-0.0267896155473878,-0.0032812923627565,0.151016014877515,0.0149481001216398,-0.0283460331802997,-0.187494436105439,-0.184912036611496,-0.217737397285194,-0.31650810241047,-0.176393893180193,0.162043931827837,-0.097669208753285,-0.350679376641255,-0.352863769828673,0.227804373746009,0.0977711339949618,0.31126324372298,0.196111823853716,0.195627291344972,0.0672340692489537,0.170315892847943,-0.18199806618946,0.0304277800723694,-0.118762779770533,0.206587780806427,0.240303825496979,0.0504373429473992,0.293334383287607,-0.0828438322439114,0.637194662044016,0.706455875947925,0.177528840713167,0.117017244347789,0.0989993854406404,0.0652184709204738,0.457557768034576,0.319840674172319,-0.0940796376793364,-0.0213488032734108,0.383823900738283,0.207773670167919,0.211825018126566,0.383538865335846,0.55611727798831,0.377266006169954,0.020139190745453,-0.00341190533693551,-0.13622710447731,-0.0194368714519349,-0.00741869615188413,0.139411832974497,0.188721596330355,0.13652401191632,0.0847350326697749,0.0487343532383383,-0.00659797737551997,-0.0981684845528691,-0.209985100200384,-0.150598544524156,0.353657689437359,0.0555900073141355,0.112111116207821,0.415310934179068,-0.0705021654040221,-0.20598098460997,-0.0188791662748805,-0.124648391997233,0.0132134222238288,0.0998984796268562,0.231461411277752,0.00358616381801927,-0.00218064522639997,0.152456443151769,0.172441578161806,0.32174057466611,-0.253018937284676,-0.229730848151532,-0.248659806673897,0.231577341093519,0.082268261442793,-0.0853423969333312,-0.122212891273569,-0.145170065974444,-0.0444598477697542,0.207411534405111,-0.11596489187343,0.0609685833700791,-0.0648669500441506,-0.119517798224906,0.127331759866404,-0.0409542733578236,0.00684519460446474,-0.175101959953489,-0.0491625094345494,-0.0160997466780098,0.0649734205003892,-0.173568237833772,-0.0470552433529128,0.0545639038791667,0.244653418184731,0.14463040792696,0.0453339791495396,-0.066487761201832,-0.09331631633329,-0.151640514416615,0.0677163381230481,-0.0484952178156802,0.109215626024754,0.194922659384938,0.0419284955616649,-0.202559142805355,-0.148661641388816,-0.152861055186621,-0.153953557541824,-0.113693652168088,-0.0570751735906771,-0.0499471672484731,-0.200368436499847,-0.015074666765626,0.115427591835644,0.176386411327206,0.154912535280205,0.0163399256046827,-0.0122330693776409,0.136080032696963,0.0352258851294948,0.244791201210148,0.0410881520279184,0.116150668751996,0.217274590534303,-0.0792569194799734,0.194460574511431,0.0881590463359493,-0.0721319454363163,0.260358878034655,0.136690772313143,0.024836357050858,0.0462668579631005,-0.0651236024016958,-0.0897858378974943,0.0199184901097805,0.0611422275828075,0.0665248615021403,0.100155961425174,-0.103017878492196,0.00689028099055977,-0.0377255224415623,0.200049363521883,0.0804667063131727,0.0936901777742216,-0.155592257920481,-0.0955325339552675,-0.122844213047542,0.0854585257903357,-0.0634537172611064,-0.258892323339695,-0.158779670769958,0.0772134535045265,0.110313551566097,0.227155588842008,0.0482398426694778,0.0160268929985859,0.0370656064448483,0.215510554489482,-0.0272721414303372,0.19079761460449,0.130770020167232,0.255804309545131,-0.230945573273303,-0.0873219758714797,0.0786943443555106,-0.207244012112186,0.189455885698287,0.136587166577424,0.0489175418722505,-0.0987647652946659,0.162715114953803,0.076476417569665,0.413886218618635,0.471892172850382,0.0238704295136088,0.485667817052081,-0.0507649937015279,0.17151949515237,-0.20037829862441,-0.139791581066137,0.356508065418259,0.355569415982075,0.405821445433121,0.0985310272574208,0.412711096137714,-0.0977097234040523,0.50939269004943,0.274361053893533,0.521615388848072,0.296311449176543,0.14264032404089,-0.151581786615841,0.154358685944876,0.365123641841002,0.0299071547536711,0.0458605885306862,0.277989962323841,0.0491340379887952,0.154780204343834,0.105353964317849,0.359885869775551,-0.11342026797448,-0.191774761516427,0.0811673695813666,-0.179194707676336,-0.113333691713857,-0.1480833857583,0.261952591362196,-0.0523725521094247,0.380033761694473,0.112162194967532,-0.173903053254192,0.0433238216358648,0.476805793801194,0.0521093145299175,0.258657426376108,0.509824786034116,0.272075745573975,0.124521439013284,0.317687312807712,0.0137805506670317,0.174859975127381,0.0872188320114364,-0.0537465430826135,0.0428030575313822,0.491700793806408,0.555967371442665,0.296075954751899,-0.112061508816101,-0.268414085176774,-0.134586766202999,-0.118212896549069,0.0281701197590158,-0.098360133645756,0.116067797146697,-0.0363141296826824,0.3267585426625,0.41498657597712,0.075981099872027,0.155240498484457,-0.0277332034161992,-0.0707072271034124,0.324042633633799,0.366791416170717,0.0743358583396132,0.322067663013262,0.0566307290790331,0.120835488942869,0.258103861849041,0.419302064839581,0.135246724799801,0.186926052877884,-0.0199760876455416,0.340931583937108,-0.0708850467441079,0.101112798488465,0.172874173576399,NA,0.753300581591296,0.198042093350162,0.221903194610765,0.0485426281799946,0.404415461132147,0.0495462172274218,0.0374877197955833,0.0361309180868837,0.162685616648997,0.203897724164356,-0.108180927967617
0.351654579285451,-0.175389564737449,-0.235369773035634,0.0521557442819266,-0.0843323418459501,0.0396025850744293,-0.0778938123941181,-0.307149408214403,0.138255575279992,-0.210468276425045,0.208231460545905,0.19592210964691,-0.234254050952799,-0.0506766960718722,-0.0410728048159123,-0.0672015283548047,-0.286841066557533,-0.0387973056994777,0.062289497504885,-0.204898428969342,-0.264967886676498,-0.389121810388349,-0.168333138987191,0.156202067227672,0.275224741603837,0.0627268713778918,-0.19419313242094,-0.0650808043152499,0.0686653087055553,0.0352773466369105,-0.0236982168075146,-0.217510104479519,-0.120774058840004,0.0414016532308612,-0.22079776674057,-0.137348719427513,-0.168443675261203,-0.306191287449832,0.0489935300207824,0.144096203236145,-0.102587202551263,-0.0147540310664122,-0.0910482446003301,0.264897262654213,-0.169907198406425,-0.0440854117819754,-0.0999957106210799,0.104013686452907,-0.281395222935371,-0.135715245414319,-0.108265184297472,-0.0280214552306069,-0.305329897063943,-0.0500844816967304,-0.286024886653569,-0.142095612931482,-0.138412223511825,-0.251527543249927,-0.18056274003934,-0.229132030273684,-0.229723212930812,-0.0111222822982825,-0.172108086518341,-0.160527516361121,-0.22168885771047,-0.00369837368686551,-0.125877295356212,-0.0487278295142464,-0.443759763956755,-0.303125936261295,0.183260324204229,-0.0653122137620546,0.0125984394969203,0.224895954191637,0.00122277997649211,-0.0426257853438644,-0.350826532274268,0.0449466870176887,-0.00289117244818646,-0.0891634138207864,-0.153753473841021,-0.211072758549452,0.0714342845728571,-0.0698727081832183,0.299891518118343,0.236225337390827,-0.220301251667003,0.124657046461654,-0.11298555769414,-0.345761352350409,-0.169385255011339,-0.107878945226655,-0.27011750922275,0.290708216419074,0.172341403991114,0.0753650375608383,0.040681929677279,0.154722771371678,-0.169695796625242,0.157691931177093,-0.0232106284098292,0.0282087110925177,-0.116446088576651,-0.0680800739014661,-0.138749278188821,-0.134820546709597,0.0361496078880832,-0.200061153202199,0.0597956063829119,0.172605269846165,-0.127102794839727,-0.136025279514416,-0.0227682756662001,0.21490085838129,0.190896796288894,0.517990258943122,0.308499755275595,0.258545967686182,0.389261909530617,0.479809999499152,-0.0794419212903175,0.310473690028434,0.00214043729329292,0.475656633258585,0.357341215373088,-0.0475439986081885,0.11535311967877,-0.0358294056435441,0.136307872436894,0.357166250201136,0.00641973305740897,0.101416441832809,-0.0504647961044906,-0.165818337229505,0.192610238151682,0.246185361041646,-0.242239858775241,-0.170114826272439,0.203939243744078,0.373592064774061,0.232961662731766,0.195819195594078,0.1555238579635,0.139431328948695,0.25241741443843,0.138890584882769,0.0177417371364118,0.105287875561453,0.05688163388821,0.380137166576762,0.366772530318148,0.368048484952442,-0.0899336805795995,0.206000965975004,-0.161062513350158,0.211968415572769,0.0809284000233836,-0.00627142957995915,0.0282095753694979,0.00155670612004113,0.114646500209117,0.242678981063105,-0.206898919718703,-0.163302446618383,0.250584071522741,-0.229371152873172,-0.131658760803039,0.188544733474378,0.0358107010561276,0.0737233935285094,-0.0600069073205138,-0.00745622593407222,-0.0261033774111313,0.0458498004144066,-0.310900741908202,-0.251395385242894,-0.322779186860477,0.0993226371138073,0.0656061283111073,-0.206624235826306,-0.0316456100557067,0.0610245046572035,0.0362054369447874,0.367577533157924,-0.0421896023715108,0.2293535986837,-0.173442902387711,-0.25034180395498,-0.270739783741064,0.0186267800125219,0.0409656412118468,-0.0855259579566041,-0.153174563190826,0.141193340569683,0.0883996260270318,-0.271199183952823,-0.141643968707284,-0.0717204184019247,0.220712100122023,0.212055756277608,0.051981765718125,0.0510675648212176,0.0249559204698509,-0.386508310656107,0.246550480448265,0.218814135577515,-0.0727606446571193,-0.0473008215818897,-0.190942590661552,-0.241100778815156,-0.202085237556317,-0.189093046900741,-0.179788324610811,-0.039007962243649,-0.346387103107881,-0.213826253867458,-0.246082460716912,0.117311961871626,-0.10361487520422,0.100665456107002,-0.24280617043336,-0.017190189078901,-0.20618356631629,0.305640721470126,0.0972028487027493,0.500945176389456,0.0964282931862931,-0.213161385953732,-0.193194746344953,-0.234327025456898,-0.0433822521688799,0.122337489702004,0.0012521118155724,0.140258980392746,0.0877534570593882,0.049175449440804,0.108878722813809,-0.105969099909027,-0.385264614042287,0.0750835288737694,0.221223915326132,0.280931815984005,0.0315872455292827,-0.166284763457955,-0.0306533250400767,-0.154352908620312,0.0926304760627688,-0.0115063262714108,-0.0175684553607285,-0.335723738987873,-0.26871015498083,-0.229359767660131,-0.137664038257129,-0.479885731541726,-0.286538574179993,-0.291311414088448,-0.316858321633381,-0.191198161732303,0.00447195666492457,0.137137202596556,0.047060214818338,-0.329784140352125,0.269939676934865,-0.132282926214032,0.0534825261977742,-0.140659317085952,-0.288511695911631,-0.10816149932109,-0.213304556385978,0.0215389794775712,-0.288707243058811,-0.20629250040284,-0.0136703346784392,-0.0368853199091005,-0.305136528394641,0.0599998550323222,0.0792700545673013,0.555360128730264,0.547960101183812,0.175370800815886,0.48236189706456,-0.0175797055806169,0.267300528612179,-0.0745736000068986,0.0880036098105892,0.143152275413704,0.624311700921979,0.648311046654954,0.234869303333192,0.151207659532527,-0.0280286099546668,0.0388606526071945,0.00315041821595626,0.3140355720977,0.10087225018963,0.0498495442457149,-0.435355327476754,-0.0555656327914206,0.0923248780815835,-0.10852755525273,-0.0652606708448598,0.108609432388793,-0.200284695793617,0.0282232822279754,0.122920974833254,-0.059614077661983,-0.244207755325983,-0.319260416877507,-0.0951041385310305,-0.499902742247672,-0.396587912586084,-0.452686794901793,0.0600902069571295,-0.192278888229972,0.38504002748967,0.231354037038257,-0.0925007309942606,-0.211091063093408,0.423543265077538,0.013710384512539,0.238599341843786,0.413522612930987,0.469303897859018,0.155916636890522,0.620955151062808,-0.0605464162981027,0.0808610679493236,0.0322823556422789,0.0160023125034289,0.0647934270171185,0.11256685469432,0.355292537384905,0.0320799539925282,0.105277792373008,0.129922080639527,0.197558200430847,0.090380522590944,0.19809196303733,0.110067779096194,0.17792595696596,0.101747233742361,0.043499553924964,0.159988942832778,0.00980314021364182,0.0354791236132226,0.129545409122526,0.144159659478262,0.385576379404714,0.455616490683635,0.398580578120957,0.486446465925221,0.392047580184745,0.112336706278037,0.205636657641835,0.419913243955394,0.176100177861564,0.136209929247139,0.0579948959764556,0.287210525514121,0.303270275853819,0.0136142999994378,0.0760423613096061,0.753300581591296,NA,0.0618612531652077,0.518449607872254,0.243761314404165,0.437183624336622,0.0821386276908323,0.071107050056147,0.152436383859021,0.127184557483829,0.397685483608756,-0.133361240618413
-0.315054881748085,-0.167888298623643,-0.113680446950554,-0.253166119380198,0.0805710073313042,-0.410651157813611,0.199929293109243,-0.214687812380758,-0.366272164550822,-0.156874555163406,0.122162903635372,-0.0233369093311993,-0.104430066599104,-0.000865932926109357,0.312119589694558,0.00718421638002441,-0.0804427755326498,0.0268301331550662,0.0831471511046145,-0.124600077909511,-0.0932041919379306,-0.0663968501544777,-0.154576618679989,0.0936856799754245,-0.200264410373835,-0.129185414434165,-0.00995520452166138,0.218901053105953,0.00368788820810702,0.0343803243141901,-0.390418236874304,-0.174511823022031,-0.295846480978037,-0.119020779437065,-0.456693223054498,-0.276270974448653,-0.337406991238135,-0.447023691047551,-0.17711286368558,0.195814357603824,-0.118933595201593,0.345886060886783,0.0541937011668424,-0.433934476216489,-0.437763580769255,-0.109412877915814,-0.392061374472265,0.00781852208057289,0.0189908670935193,-0.131203959502177,0.026530795896782,0.0761123473705629,-0.222059253724232,-0.16246284541327,-0.201826573505276,-0.185534799138851,-0.291625076808358,-0.130698707198006,-0.143805828902223,-0.013902505120938,-0.0473429115155524,-0.252158558939142,0.224696225307492,0.0194097400914461,-0.131498920739412,-0.0424267103259801,-0.0652465956638981,-0.164132304026039,-0.412089592324399,-0.319194177729975,0.231610826610993,0.25248539192402,0.209617900608711,0.22092088908398,-0.138578662784382,0.0760827387182639,-0.295852376370082,-0.069148269693788,0.143690436887274,-0.0455859070816642,0.115342912708067,0.256416510554162,0.253607246528594,0.317525028705476,0.0657395865285313,-0.159826753216562,-0.166507253222484,-0.170940090633256,-0.110336893511601,-0.131349056818678,0.283564387653541,0.213754348749474,0.00887949351827248,-0.209367212797284,-0.233127943390543,-0.10764235974307,0.119518194007247,0.178473947542441,-0.340326017121039,-0.00903175386622067,-0.22789270766966,0.00985508112458994,-0.0333496513078363,-0.0607638524755522,0.124952932301101,0.208123638190705,-0.149271995338047,-0.239132412574404,-0.0680649596588295,0.384707547196246,-0.026061315455359,0.0661464304823239,-0.244171711770235,-0.147586769019864,0.0418371645705137,0.0179267540034235,0.105477658622563,0.00510572264440977,-0.0354148197397014,0.108858269835276,0.0875025773320447,-0.0415129633786274,-0.0791423958359448,-0.131095700425478,0.133835123726103,-0.124065385331726,-0.231156411235238,-0.337818862670935,-0.0848783782956414,0.151991877773374,-0.105429973312333,-0.255303532010379,0.0699512773987482,-0.10786618182246,0.0771271208098461,-0.236701350237652,-0.101773021288921,0.0778430042473013,-0.0906388267121494,0.327708068718155,0.149777730975372,0.142407185790929,-0.0448865110466187,0.190325809807107,-0.428742107723528,-0.481656873180897,-0.15986690174413,-0.447331955147446,-0.29948217199835,-0.363774349107558,-0.27998955676382,0.0400535402002195,0.0656569928047692,-0.0321955281301119,0.390298128352927,-0.0452488129873518,-0.211516331434328,0.132772181509355,0.0608284127036426,-0.143087023021103,-0.0514927389628075,-0.142479309769382,-0.206929275244169,-0.233639430876468,-0.11206558351522,-0.150097923329108,0.35258998067239,0.422659368060698,-0.251427464044903,-0.0542483609802784,-0.0643905077453289,0.420279785302661,0.100604151690849,-0.017055873061155,0.12169845254467,-0.144008699961982,-0.477939757996338,0.0186036744770848,0.0311260686903302,0.0109621452874343,0.0216468307356657,0.199240043390915,0.517053132232954,0.0411541634036699,0.038965269918798,-0.1178156449206,0.0800619880608315,0.0826309326585345,-0.0122414355973912,-0.358370503990609,-0.330447482108878,-0.109438838233301,-0.429108752849131,-0.458717117070148,-0.379163563009646,-0.0823145290327937,-0.32605786842063,0.0306896353018843,0.416238969002331,0.0411947111541888,-0.256681460898321,-0.184713893540317,-0.130819967825551,-0.102440794359541,-0.361010002892465,-0.200704686922738,0.206105857782077,0.174698298719213,-0.382486354858323,-0.42758502858243,-0.0511791912469046,-0.311932117120345,-0.438921643293264,-0.313269066160115,-0.244937675395245,-0.365692276290717,-0.340650961216352,0.013653077511049,0.385931606234253,-0.0862593257218445,0.011815518601442,0.116451234958061,-0.22303323342036,0.111548823083058,-0.350123261680586,0.0216573792561122,-0.245296379680938,-0.157806497949717,0.0947539162112857,-0.378183103976054,-0.258325520645823,-0.187483304297421,-0.273378169209271,-0.0197261393546484,0.243788809133432,0.578190501429727,0.0540486482241463,-0.375756974789225,-0.244712880645455,0.220328681324562,0.194502391456247,0.237835842730769,0.446079065428501,-0.321388661981378,0.157135888700154,-0.0102166060114828,0.518327109697127,0.180190516309996,0.151926946211219,0.0939440473734256,-0.115723266526654,-0.168950336904565,0.0666797341954224,-0.00818931449963103,-0.189609347286577,-0.0361699499590995,0.162941545687117,-0.0512365305439611,0.145463071223193,0.290961233689696,0.125062974212051,0.328194469104632,0.205200272672251,-0.249400980766265,0.00827375494773581,0.108743240590574,0.00648488360070853,-0.309676446220882,-0.254916387039588,-0.495093146636137,0.265217007626277,0.473753051375256,0.364914561173378,0.0921677355129857,0.286727920067777,-0.210138286392252,0.319095772295987,-0.101641164583163,0.118413163377273,0.127124526334269,0.104739811008168,0.122820867946715,0.393894648680837,0.129980922382903,0.125078116874676,-0.0999880330245231,0.217743852428057,0.139827221376603,0.0109788907693698,-0.22526163141609,-0.570046416054259,-0.224763411772291,-0.12396886546958,-0.0820863027910724,-0.0602087284104308,-0.0183435207118146,-0.233661783229619,-0.257323131878725,-0.0620841933519864,-0.381307937454807,0.170379013198256,-0.345499357358903,-0.0851661322774481,-0.039572606126573,0.152146790833318,0.398319411591363,-0.0401584636019729,-0.191902260415196,-0.0889977927781161,0.0896054233205673,0.0813783772645724,0.0586626198655025,0.102337689086405,0.0372405463010879,-0.0474722588510874,-0.338452369701939,-0.341656772047088,0.313904733501872,-0.00102613868178643,0.308477519677718,-0.178141839799924,-0.130960462145065,-0.267038373733373,-0.189926473948712,-0.127796577485067,-0.172216719177099,0.244065155328816,0.416194128770624,0.0594436824757014,-0.230533985831478,0.00362924306971803,0.0632837370029844,0.262624608519411,0.285187745788996,0.113953110496767,0.0268948617182804,-0.1105194680289,0.116821930359142,-0.0900115322621995,0.109818122125413,-0.0505515374874046,-0.144481579212943,-0.013391471649129,0.0622578187224565,-0.0905421039952551,0.0667785379008477,0.131800717748783,0.331774979614801,-0.0825238167824754,-0.271253422459931,-0.00190842825654473,-0.241117571758179,0.355572784956112,0.242827443617754,-0.0210522106481216,-0.157347653132169,0.0960879307413791,-0.10556205265187,0.303221273797562,-0.222701152174498,-0.0333752334869216,-0.163803175782186,0.198042093350162,0.0618612531652077,NA,0.447495827194149,0.153205202159133,0.138949828202475,-0.0651593992905306,-0.12864534756895,-0.0185777630883975,0.0190201833689103,0.00759783250285711,-0.0213462125414504
-0.0440188685159502,-0.0477617511391875,-0.0403395121280756,0.0447452376761772,0.15931356234992,-0.198663656824254,0.102979385964927,-0.112509205705619,-0.0113483618165302,-0.167263560301093,0.18841355666205,-0.125887553669509,0.107427370591087,0.375980886160639,0.2387974791828,0.21018921816822,-0.0801410556123241,-0.153070434940758,0.0120957072168184,0.106306241270471,-0.331065003915087,-0.0509167283886971,0.199673075507909,0.420891226633011,0.148229913502361,-0.0961948368049168,-0.105429683993275,0.0457313364254586,0.0942688027965715,-0.0727342168109626,0.0332749430233866,0.0127024879951837,0.0800995757354565,0.0926553352915333,-0.175567636456479,-0.0080531119896545,-0.05370325285352,-0.218479438415887,0.186699381566951,0.326529352412426,0.0418245907105005,-0.0344871359834921,0.255237645197163,0.0616423680599186,-0.109329265833943,0.180669454393726,-0.0106859423417242,0.0143287438803573,-0.18755513976693,-0.0672510779640055,0.239869184724784,0.239846796398932,-0.203503977091364,-0.0304833168446606,-0.272355166495277,-0.0983449287845907,-0.279360428724644,-0.0465272109012857,-0.0589810952900848,-0.0918693788376826,-0.0526671251577458,-0.261626656103456,-0.0648343576406143,-0.0501177025003434,-0.0108918269859819,0.0517665707707864,-0.0707480392397125,-0.129172341006163,-0.235830640297209,-0.303542559524812,0.251942157119389,0.0970440623177873,0.074996999313536,0.321741347323963,0.212003206168973,-0.0884260098217863,-0.121169810798472,0.230927673630815,0.152028014320693,-0.0300908638687876,-0.0857945470689254,-0.0564288678765723,0.166012415745675,-0.0142736159041038,0.282767168474751,0.301865906565305,-0.130129213616167,0.160728245229894,-0.228020212141419,-0.0429442845650959,0.0215161962914186,-0.0437350249829954,-0.303802812855691,0.0283915110503782,0.105441132242379,0.152503241990821,-0.00403701500942524,0.0147089546917487,-0.149677282212838,0.10626845605921,-0.1747264447794,-0.0530635731135793,-0.154981977164917,0.00906739199079347,-0.0710924811441589,0.234488871159343,0.257531765804773,-0.0110258663835178,0.253197816329678,0.468606974264736,0.0208522739023304,0.100734358187987,-0.121138006210149,-0.0486562091565664,0.108289197588753,0.312832283303747,0.375428933306855,0.140252771926891,0.387649717742429,0.380529669814595,0.167939961642302,0.303971470239361,-0.0178329435755368,-0.0168757340200983,0.397089984840918,-0.0687434217189894,-0.0392965239837055,-0.128269271000969,-0.362153445703221,0.185187289790006,-0.0397222374521226,-0.0414410027467442,0.0142539095025777,-0.42822692552316,-0.103369830234748,-0.0432862488679197,0.074689258730432,0.0181975372920846,-0.0566548962721197,0.253050510491942,0.00437238695306836,0.254285268696272,-0.00351274726876071,0.141612452416273,0.0358030968387443,-0.0295790778891869,0.168803014211454,-0.17987403663974,-0.00753161367385006,0.0723718338902117,0.116347358100799,0.214655332275916,-0.057418135034952,0.27727672682314,0.196781629312839,0.234760281033083,0.243115030021809,0.200472402141102,-0.1138972282452,0.0776476171236129,0.145140551839619,-0.13136321128576,-0.10687727747814,-0.0899978297644279,0.0922494632177408,-0.0414102305350303,-0.095299095493472,0.234268136308104,-0.0976539251513934,0.0553157286223702,-0.0401922466864686,0.0191670393033936,-0.262015195826829,0.121527103924557,0.0591238474811749,0.0289546515894059,-0.137174668035947,-0.182146480234579,-0.0908336216274629,-0.276249191543622,-0.0356063417410069,0.270377487205472,0.206963695593548,0.21321418844487,0.0270419127677057,-0.0772456362759979,-0.127620923303724,-0.172231550196523,-0.405840192688625,0.0732433416335676,0.160617349559275,0.205773731113228,-0.163155164939246,-0.0515643776525565,-0.0214689098601194,-0.0608935126196746,-0.0580333733566782,0.0302047998162899,0.360156510179048,0.298394930188909,0.18930049193826,0.0957986879707855,0.0170254735836805,-0.0752093823354576,0.200448674108963,0.102646791764467,0.0149416202752067,0.100985412857404,-0.329479496575049,-0.158244376192232,-0.136205883576122,-0.190600081093698,-0.24148678821661,-0.104819280682996,-0.0894131410127344,-0.101568865441849,-0.105120729594633,0.179501176457941,-0.145789999349115,-0.111585588904062,-0.413876216217169,-0.10438067135356,-0.245685447802297,0.480071386428102,-0.125080610003018,0.537206623699505,0.0936593502471432,-0.13230492843052,-0.298378850774634,-0.160701680604437,-0.156092592010578,0.017847708757182,0.0433372945013361,0.115820899190858,0.223516157627583,0.254239319814151,0.140498532254596,-0.212293114854447,-0.416341155110219,0.0930650295317941,0.272738989942461,0.334054479527737,0.0404369979123695,-0.274887029560694,0.0755829991636452,-0.112431046341139,0.147568296063868,-0.0940118211281793,-0.197363852491864,-0.225342347890131,-0.173161600069325,-0.153686952273654,-0.172692055264858,-0.490886570779761,0.0177548711083029,-0.0227682414991383,-0.189673545028962,-0.234455539592224,0.171278757318084,0.300751092068082,0.281933419254459,-0.191752423734053,0.0325756637077916,-0.194286314765416,0.154488019727869,-0.231919918242141,-0.331818656253784,-0.0482869134408676,-0.182034687118989,-0.054908523644572,-0.00650442395984502,-0.108555961054656,0.0416720610345991,0.117427648456743,-0.165760723337973,-0.308926516449797,0.219577620993733,0.122302598949086,0.409101423452145,0.18894737853616,0.328284335953323,0.0235805554797801,0.215157683333717,0.0622019631215375,0.0784805356202823,-0.0992839364889356,0.333702255962078,0.437250089259915,0.166330201048797,0.0134271882137468,-0.280563051453983,-0.364174295720637,-0.0374609006617838,-0.0344079239339709,0.0757172795575987,0.0567199159485761,-0.364540705112827,-0.204108468055043,-0.141261528799903,-0.372474967430089,-0.0623971626455482,-0.0906208118801827,-0.27136248499854,-0.163634080991271,-0.021670287876571,0.0448669271212166,0.0592262216904638,-0.17927128143262,-0.324639541981453,-0.225486843613335,-0.156171924441492,-0.115498490437785,0.0927876767657429,-0.00510778178251532,0.142482719881393,-0.188556536579313,-0.260883323124062,-0.0142610304299385,0.203220408965828,0.276301456501203,-0.101671806454331,0.207144785774456,0.117095822535852,-0.10456950337541,0.173889910917806,-0.17185730317366,0.178805074431374,0.219185656597872,0.0751137065998309,0.0455189181153252,-0.0540169910432815,0.087097681549345,0.222727461198016,0.222673317554939,0.300379480499119,0.292897899411712,0.174779286295752,0.248119614893624,0.00322310524368922,0.128679284051994,-0.0535075408500204,-0.155454101060816,0.011403494523836,0.160411921061346,-0.113368232907398,0.255247584691616,0.0777613343996143,0.277602307482495,0.188772877037859,0.21131528817558,0.197162580898849,0.223574749913387,0.11563045367238,-0.0156475632284086,0.15575970965652,0.00822931410055283,0.133176156317994,0.0742989697120121,0.326032128412154,0.319036299278202,0.120442775637373,0.148220464324916,0.221903194610765,0.518449607872254,0.447495827194149,NA,0.17712016781139,0.204172040301775,0.0599031007358391,0.00375830493412718,0.171595419909696,0.278247277347047,0.0025141372557902,0.0213274349955794
0.00951477272542204,-0.329157092916136,-0.204187719353909,0.0832402901648015,0.0745742528595141,-0.0427439214351697,0.186745859994062,-0.19683018979062,-0.121707572687541,-0.31405285937285,0.0869182491861099,0.0328210381006763,-0.121655042195467,-0.105324124652682,0.0726341099669628,-0.0747906221805303,-0.106912906745507,-0.0762643308071436,-0.127551039987329,-0.0196803621116022,-0.24463227789186,-0.27051791182285,-0.0997244100202696,0.0813534544877458,0.00458655970081299,0.190715671994007,-0.173224414548589,-0.0755255005149739,0.181766146778777,-0.0316163013840334,-0.237608302560333,-0.278536923619287,-0.244974208066654,0.0592309395889771,-0.417946354593648,-0.350393532136802,-0.139196321914273,-0.138025944620542,-0.0463227605778563,0.163403970519976,-0.0452913784690693,0.0855382476525944,-0.119285673757196,-0.0345167186771576,-0.200629130419354,-0.171867634204332,0.0636939192422906,0.0676682999789026,-0.0750019625533469,-0.298466570199945,-0.0892738902735909,-0.0875230326170559,-0.470255530769992,-0.190231594348716,-0.237190931423625,-0.0825672810330024,-0.251474824216403,-0.228614826890884,-0.0878074813410937,0.00854752436251241,-0.10756420131211,0.0139106777486627,0.181171697110085,0.0615316951252606,-0.303023071546013,-0.19007187451731,-0.304026729490692,-0.122626487719456,-0.153090249482642,-0.12619431075515,-0.151238642566419,-0.0144935316556817,0.0623153839099756,0.15232707682365,0.051289161555892,0.1014042725921,-0.349891053996956,0.118637054316745,0.0553624154498447,-0.0095646583386121,-0.00944707696705467,0.12410276205895,0.0525983308692328,0.314411028052076,0.179779379718772,0.121490943807312,-0.172305605697654,-0.15476861711909,-0.000423757850287619,-0.146366798753579,-0.178998085918992,-0.174164915342842,-0.141715895425374,-0.0516481537877613,-0.128811997792192,-0.0869885348894581,0.0956418124853612,0.272898572867289,-0.281828534775482,0.00226515509090722,-0.0589656928685996,-0.235005670304454,-0.181903781568176,-0.133492032942466,-0.25140733447079,-0.0901075674864757,0.0358965850043976,-0.252195473561761,-0.0102386453104332,-0.013226532050821,-0.0221914019852143,0.0138144966050514,0.0263600657269729,-0.0475140949410013,-0.0801009235297296,-0.0249220121978156,0.0874277515940989,0.0881330567709644,0.0222703738005516,0.164176681826745,-0.214440513822314,0.0518649930345453,-0.202888269043211,-0.042524477951469,-0.102018154148823,-0.020410252533738,-0.0903420529653887,-0.07847669424412,-0.0445535868967349,0.0704763954161433,0.0225584373504929,0.118199790807871,-0.0208081737321485,-0.0970219417594158,0.0446728477795609,0.0131218591239147,-0.10030111530158,-0.111685304776732,0.166756841297213,0.242229924521934,0.327131991619195,0.165531564314963,0.0906186144541785,0.0229768635535222,-0.0455546033590535,-0.115394759760973,0.139537546379217,-0.0558059647572709,0.00466433305017301,-0.0213113594242503,-0.0771420262613988,0.204311633863611,0.150321144852326,0.0422930903753506,0.0478066209467255,-0.107758734634705,-0.0298038413963793,0.214836282372868,-0.0853273600127416,-0.0322231534968149,-0.0250360834677391,-0.0445677072373932,-0.346452996686026,-0.235732071352734,0.183105575815407,-0.213779482930489,0.261262787450661,0.156014898715764,-0.150427154364678,-0.148672146229795,-0.12443843959991,-0.0623929598988077,0.0828920494437267,-0.0288579132841429,-0.131363482832227,-0.271451200228041,-0.297961925441378,0.0237885995793912,0.0914495828866904,-0.152106760990205,0.0544363011629094,0.321228014633651,0.211310493369075,0.110374986530953,-0.290617508305232,0.177620289714737,-0.157074674582017,-0.350785711467817,-0.277802143023531,-0.314452811177633,-0.33594346177137,-0.0209719838516076,-0.493987228921318,-0.0278027446324201,-0.161486657886896,-0.262528043385292,-0.199614916311338,0.0103430726796157,0.156020405118519,0.0341737409004974,-0.0708433285602229,-0.0895188134456318,0.0356960360038335,-0.0515782089505018,-0.0650452225194355,0.131878201348808,0.0103741344273976,0.050002189497942,-0.217824032430217,-0.253134603490307,-0.23092532787812,-0.449795902345997,-0.3018242771765,-0.0749663282053557,-0.27105722679039,-0.18627406216836,-0.318123334846489,0.254999175529717,0.107273215852806,0.0434799534010511,-0.0362855390358333,0.111230887679168,-0.390488623598027,-0.125712505784099,-0.0328667554650801,0.0933289765413183,-0.136604251028097,-0.190621993025095,-0.128687368532822,-0.211403564683119,-0.21401157868689,-0.10360897344354,-0.111337220255146,-0.133903322208383,-0.410572686182726,0.270634412201804,0.158406374358157,-0.0326132290239643,-0.249757423698506,0.0206183276539678,-0.00823934747445607,0.497645414056982,0.120184846142548,-0.426970185839811,-0.0064378584763466,0.0865949640293565,0.183502351365519,0.0170977431041522,0.146629095069615,-0.0279136943622042,-0.272976580484889,-0.203116146645848,-0.132486648414444,-0.193553522733402,-0.181955637821252,-0.12606902257275,-0.285438322111483,-0.0756149079156932,-0.0824976512475866,0.173408774746282,0.0478298046906932,-0.0468409833701908,0.175089815507415,-0.224930584075964,-0.0926692667499886,-0.208543884557451,-0.146376452100111,-0.237433207174328,-0.0562678446670507,-0.225748531723764,-0.131672868020038,-0.0475803071500419,0.0773031550450957,0.0185268920266719,-0.00245009188188992,0.0194804974007054,0.228920133636516,0.0839896985761108,0.0795908981918226,0.138704803957774,0.0254592916245782,-0.270463298057711,0.180131474385797,0.389675574616435,0.00877618339379346,0.0304709673355666,0.215073763770222,0.124626125746541,0.165500803263128,-0.108803535279035,-0.0707060183704923,-0.0166681772563976,0.0487521225582158,0.166320181535235,-0.246524202914658,0.0899074115022172,0.0186507364709239,0.0257779523188786,0.0592838277340311,-0.178246048876962,0.0395939610740599,-0.266678263932457,-0.0522840965843776,0.0703758342483661,0.173958836118414,-0.244562980672443,-0.10355086441046,-0.177885460182718,0.0977038993001578,-0.0978372295832444,-0.126949322780227,-0.435796009930216,0.208511232809532,-0.262888251208531,0.00141159098283121,0.0428230777540237,0.00167805828502925,0.0822573394573516,0.136930558905355,0.242984760737264,0.11257042603301,-0.0167646736427967,0.0811913270220773,0.0884788227203132,0.141644167584643,0.0169281563830036,0.065546222396729,0.291822786033451,0.133440565908661,0.00479841872404721,-0.0568309747789287,0.192808807631995,0.00937951555250021,0.169891354980905,0.0973316184623653,0.422960651698102,0.40714925730482,0.360432030710337,0.351944888087509,0.275547277541969,-0.0509444851112303,-0.0638138771320906,-0.049652691998951,0.0533972436702169,-0.0251453543969351,0.350498778867482,0.328772239133188,0.31066602181224,0.206760556745652,0.142866344754316,0.0286256221202756,0.00697195537917113,0.538434169343612,0.606341731473109,0.26462271976813,0.258156232354415,0.0321815283332488,0.0878543296340679,0.0113024386777733,0.102447912015575,-0.233684942796424,-0.102236837425061,0.0485426281799946,0.243761314404165,0.153205202159133,0.17712016781139,NA,0.55993143382819,0.0423236173534205,-0.085590423604055,-0.172091861328355,-0.253737142713395,0.166873215903552,-0.144244585913897
-0.0111358162763231,-0.183441308814866,-0.246595283961193,-0.0880132342379179,0.0696534545650348,-0.0994186972337395,0.300670926205775,-0.208097577140725,-0.169159401065436,-0.255522465009178,0.122858929239014,0.164925627384385,-0.25731443753644,-0.2205794023032,-0.00346194336518887,-0.287363591720747,-0.177354659663238,0.110964181336355,0.0374992047246218,-0.145108872199367,-0.132203347270818,-0.0927181600263968,-0.129598509845127,0.00418372072959013,-0.0941611685249198,0.0941145762122705,-0.283846683490564,0.0875866770732105,0.189070199925834,0.0115507162137418,-0.435616226865698,-0.299650412233144,-0.353793653530974,-0.0271501859763274,-0.528117654309005,-0.420762254496024,-0.175280000788578,-0.175664836386126,-0.0810963011612495,0.137369954145125,0.123125497098326,-0.0654999796936491,-0.10552995809089,-0.0990008932525203,-0.187736861937002,-0.270450477230669,-0.103548007260039,0.172685661137271,-0.0571679358638872,-0.0654847810987476,-0.0510713119839236,-0.0782024120522819,-0.430677676041917,-0.0481415560155116,0.0485755601632451,0.0444659861424221,-0.263204332489454,-0.0508698356055698,-0.120589140653334,0.00788342730407957,-0.14652062569379,-0.0975904012357282,0.0581509451476054,-0.17155248669608,-0.372199861303056,0.0939782965122516,-0.141381014037414,-0.0713920955508786,-0.153580937156807,-0.27890010580708,-0.0182703782662771,-0.0242746511358157,-0.0297291958556817,0.035832538390866,-0.168422514250363,0.00624077810303408,-0.274944541075646,-0.0592793516802531,-0.0714903042282518,-0.113052619136528,-0.16314542312412,-0.00959440496802769,0.190046048678089,0.0354069739822106,0.0218725437646149,-0.0554121800149417,-0.106321117487411,-0.0737705857361435,-0.133944832055994,-0.252965185523162,-0.0556239676668003,-0.121714991626675,-0.117765812159432,-0.0608312124519737,-0.122584278135964,-0.0588470321315167,0.175390058336246,0.178629186756881,-0.0716076423464088,-0.0590172105105293,-0.142485569512302,-0.202170220437191,-0.0563944843758175,-0.00593665490015778,-0.195460556981245,0.0244972641273637,-0.194836126517895,-0.28581782542119,-0.221780118384146,0.212806220054077,-0.177295875609172,-0.296941891678606,-0.197038922690813,-0.0854109096808209,-0.0327413949538445,-0.0288474261704703,0.0125390843604725,0.241967686641942,0.0540420639255257,0.164025756462861,-0.126860136266566,0.0694360911449519,-0.40733798376491,-0.0388898786043963,0.16104166901136,0.0608700972479053,-0.045820427250704,-0.281172777381919,0.0598488446116172,0.307855900608894,0.118643673942642,0.0422250278367285,0.0796666679888704,-0.263137914419582,0.326193649056444,0.172425541350354,-0.105134830447537,-0.29523482469248,0.275361692199863,0.255115995226736,0.241864197998977,0.298282670606083,0.195020501046053,0.105179294203379,-0.1435605578676,-0.217451203392853,0.091097986217384,-0.164526967236066,-0.138983165925055,-0.0654378151267262,-0.122648415767289,0.205500090686839,0.0924797798530802,0.022499187979477,0.0716320279837363,-0.0923521628934033,-0.0925071728668826,0.0770924620140556,-0.0226829280996417,-0.0636258540098429,0.0839728540895389,0.136641951982157,-0.247585855458527,-0.168537706339552,0.106259641287758,-0.138207462748853,0.248624246999738,0.231641354248573,-0.183023551303167,-0.0458513934228949,-0.135251815047489,0.0866347671936963,0.278537493391101,-0.0186031170128515,-0.311985765895222,-0.35922904112357,-0.432631242296929,0.071584686787042,0.030887527040484,-0.0552360533813507,-0.0725176195379682,0.259905086620148,0.293342753405018,0.27412816533735,-0.19735755207252,0.25604370543504,-0.133278830572962,-0.237451312082317,-0.267246434579758,-0.316314911879956,-0.389278257193048,-0.190149631214109,-0.505516249488892,-0.188109709118044,-0.124578873636633,-0.0584857184821822,-0.163922941192674,0.241077714978054,0.124137752082344,0.223942757744192,-0.101655724232607,-0.323883693486156,0.186122817975383,-0.0562120643605743,0.008289903202823,-0.0663162017941931,0.183168325363652,0.214834046602477,-0.0359036750020497,-0.215766970371722,-0.116020682351514,-0.391525629676074,-0.212690011648419,-0.168416212045422,-0.110009292199196,-0.31194828286647,-0.232182594471956,0.0827159706265043,0.0931069939972916,0.111446161039064,-0.163285071679681,-0.0147888338760968,-0.289494708732205,0.01891670242813,-0.000968395481247,0.211457158170784,-0.0752749530077031,-0.142654465830882,-0.140876058085633,-0.378659200746657,-0.103012370412891,-0.111953198235997,-0.0910455040485662,-0.0245376077621597,-0.147399316475716,0.352162905823892,0.0985873691402495,-0.117624562485555,-0.326816216813178,0.119381437503742,-0.0510571751452282,0.32354299102542,0.140435780640844,-0.334721329188254,-0.077905571146974,0.0112936687040213,0.308527235169688,0.0780289841618204,0.0437782212282141,-0.0878336436337711,-0.204280617401639,-0.128757394023806,-0.115690595237401,-0.181313278823646,-0.151948920365902,-0.183860961811741,-0.209951795674539,-0.115225895018254,0.0580351163783109,0.251940526898486,0.153019308801312,-0.0321360593882963,0.222671510103418,-0.0737951101552526,0.0460614722350235,-0.247378581753247,-0.108007464440583,-0.324431904955229,-0.348477669438042,-0.0876368928194975,-0.300812293530084,0.0169889064968683,0.106555768781973,-0.0506580700665851,-0.152334059329857,-0.196094741605069,0.329122002112337,0.239705499493195,0.220275375091279,0.170472651191517,0.14139749753385,-0.057251518411356,0.198296412713057,0.282495707107672,0.160186262393857,0.0238197944655957,0.265400266734464,0.169805050585441,0.145116773626333,-0.0654492427911639,-0.0911117773408334,0.0901326636724547,-0.142489214253096,0.335690668958014,-0.122109782260108,0.146136159154258,-0.0417129829292957,0.0960739693130823,0.0368470103403816,-0.172848559503741,0.167912494558304,-0.201766629901776,-0.107369544487386,-0.00948058197712927,0.0561183860329702,0.102828659651554,-0.142688153027402,-0.226805163925744,0.0943604970977642,-0.115383441303251,-0.280443628031363,-0.259006486423202,0.233450016835895,-0.00318925283639059,0.230955555420119,0.188713786014878,-0.0385881113820528,0.247762994170738,0.2870745724047,0.204096118694633,0.0917262877631059,0.0715164294011898,0.216837947712166,0.149010653433231,0.260003006878074,0.137597456813215,0.229275426349831,0.25789195250238,-0.12994918260375,-0.125857211772025,-0.0385463967101884,0.415236295160332,-0.0353842434944417,0.218979614580924,-0.0017611138787058,0.300573524833404,0.181655228852575,0.348187303368511,0.338746945792427,0.270860390564812,0.00395903157655695,0.101495010477736,0.0792336536322568,-0.0263630362906544,-0.0221742185208718,0.193536116368263,0.0870240249147804,0.511980989885142,0.157165868616268,0.0167053804100027,0.0675597172647253,-0.0847273919373607,0.783829780952452,0.670497322434535,0.323978056397901,0.041152094498759,0.0132807795138117,-0.0378920071471421,0.0769463602633483,0.0815421070798475,-0.0930704530584123,-0.208275280466224,0.404415461132147,0.437183624336623,0.138949828202475,0.204172040301775,0.559931433828191,NA,0.202098263586191,0.0297146114347017,-0.102995028587291,-0.0814111308838774,0.352630162279132,-0.0474651570582844
-0.198016662540987,0.511461678689034,0.200827671413048,-0.253367161759981,0.210616369884831,-0.14609041762541,0.0176793277766061,0.352729531198928,-0.189138639864047,-0.0991570142066663,0.0086828699666638,0.0587580188151777,0.0333903064348236,-0.0446759632365069,-0.134034116208042,-0.0528423646398249,-0.0105847827384346,0.124105254504026,-0.0670708637614698,0.187355667545511,0.341894741257682,0.184690077813849,-0.195912752313191,-0.322576053281026,-0.294757775235007,-0.31615383263146,-0.0534593190285819,-0.0701514508730404,-0.0841645146051927,0.41399742655065,0.0845753540690339,0.0156522313799587,0.0742951495454041,0.337332736826286,0.2006650312978,0.248446644117444,0.187775685411622,0.419327586095925,0.231119430724301,0.193348788501642,0.393998436303214,0.0037087249585224,-0.129348820841411,-0.258872250882227,0.13123501056728,-0.0770177389452729,0.170819136592132,0.331896417986441,0.273744348926272,0.482991784362858,0.0228251796283596,0.0196585995661292,0.0585923413994817,0.496116672968838,0.315033343352373,0.435803737394764,0.344109684570695,0.42445316874214,-0.00234520041419396,0.0474360058589429,-0.0421964969729746,-0.0859611896995991,0.0509743658916335,-0.0717797458932106,0.140059522106947,0.27263928140786,0.176029769249485,0.183270482104922,-0.0374327912963928,0.107723693753285,0.213286237992711,0.0435678407763759,-0.0408510834023134,-0.251832474600392,-0.362657196624852,0.388607243404561,0.339465738657723,-0.030516756817359,-0.495930326092501,-0.152496519502012,0.256313554970867,0.113276406826151,0.0257153268595848,-0.341523899651757,-0.48310318158232,-0.409184727696679,0.298602174807423,-0.00505060868975331,-0.0227343834320192,0.296762754472759,0.268051067348536,0.112229440319361,0.143079192821112,-0.166719666380648,-0.263952962100756,-0.0321272419508723,-0.00554869018371771,-0.164260782165804,0.273708219198818,0.0376573643275261,0.183707867479211,-0.170522912796462,0.218550680133824,0.341046793680212,0.23214166657529,0.0579935929215442,-0.290968795784482,-0.177584646559159,-0.226527449913331,0.247864637488987,0.362524796620962,-0.10110328855051,-0.128852793026466,-0.0265905044141602,-0.0692470502446684,-0.188208575135975,-0.0273659700900166,-0.272626083469466,-0.222401359919893,-0.0409879529988441,-0.211116507177095,0.0675497573812797,-0.165678899422951,-0.00528310606622679,0.0184234579530833,-0.139158372795666,-0.0462496880272791,-0.0235338089382561,-0.154006933437545,0.172039183391904,0.436721914058926,0.321854330361291,-0.190349914309947,0.0156073101050814,0.104129483733848,0.238059816713768,0.273402552257147,-0.0679034024687487,0.240071241952694,-0.297177836466317,-0.122143926600689,0.181036074812136,0.231766998463867,0.163319455764757,-0.255652428901913,-0.243886834712473,-0.169004526614718,-0.349956027115598,-0.0793223018402275,-0.364441405444784,-0.350024727610405,-0.0673459260239332,0.243897176336451,-0.332327305492997,0.218941170216964,-0.305204676517653,-0.213322739955339,-0.129793930517014,-0.0160791043084206,0.178608711244216,0.211473319714904,-0.0598988595467333,0.411086931543844,0.0435082055188662,-0.234989259182094,0.254791436490983,-0.227067770800755,-0.0911793173164412,0.096024778597773,-0.0461223107557296,-0.00891977501176214,0.0691860787933765,0.000183470174740591,0.00778669794014479,-0.0813442285039892,0.010109400078558,0.156232424065928,0.238731577923326,-0.0907263735677977,0.336671876285379,0.0343801182965574,-0.27836081912314,-0.025915434482611,-0.0883945466893652,0.243822852372573,-0.224393615674143,0.0283120776202717,0.0232777336936567,0.319866257329992,0.183872014993227,0.136386152521208,-0.159502165855396,0.106509477168291,-0.0131352136600593,0.197127417959758,0.182426139111065,0.236354953891074,0.308839327995879,0.00372962150099753,-0.176055646262046,0.103990844347589,0.0291001894734329,0.254529489852308,0.0305643099347631,0.0567830553590769,0.106283620469473,0.178586263348572,-0.15937274758007,0.2619333744052,0.162671708598471,0.114462784329416,-0.0399990564689151,0.285479518490404,0.194703618818604,0.19170332824793,0.239877348353726,0.314952317630874,0.190574653078651,0.0700801065610879,-0.240971737882332,0.0622877758539749,-0.22403653588775,0.330948358446213,0.0541735276151804,-0.0203475348636439,0.00823591426676606,0.139294969808226,0.255990457332407,-0.132906573686344,0.198721190877381,-0.0501542537187232,0.0619196975308972,0.236224025378022,0.254085201004569,-0.0369582236615396,-0.125087809606008,-0.391289769275312,0.272343565598255,0.147082203082467,-0.0404732705769662,-0.382358847151891,-0.302172272512837,-0.0539266760685864,-0.0535124809563151,0.206417697936436,0.337065761954248,-0.0686842465749003,-0.0327140279982185,-0.11438263629551,-0.0660155647763255,0.218538191834651,0.241744595170393,-0.0971340715345272,0.0810661809998471,0.319797401531114,0.192714283055499,0.0841708346180605,0.117441698742259,-0.193353479966086,-0.201185416321401,-0.119600122890458,0.0531599740245045,-0.128674557658729,0.329846771246461,0.310038495797704,0.156684367006566,0.188229849910658,-0.062853121994872,-0.0276174016215037,0.374374131124208,-0.135161515678714,0.121124244524949,-0.13851897790763,0.121512455434007,-0.0714492295677317,-0.371011672028044,-0.136209036581676,-0.127892235441972,-0.0477406256285857,-0.0750729409504801,-0.222127470050584,-0.0867912019870312,0.0325088202722261,-0.205668604047033,0.0878568762080019,0.176418015261528,-0.0806330963119024,0.104796442525926,-0.125882296571241,0.0116712672376695,0.0192630326137794,0.00425501137723054,0.267592984865294,0.129217575173205,-0.0615587481878308,-0.111402681249139,0.279513978317045,0.325784931294663,0.360342879091603,-0.10125109999231,-0.0611197290475302,0.067645469169699,-0.17841099405298,0.0407592752231394,-0.0291351501837974,0.0490725770138757,0.212834111187977,0.239914638025546,0.0597696108771873,0.0865994447461582,-0.0492066164905253,0.146313374542954,0.138002827733166,0.0120856802115615,-0.20372672792414,0.00714857939131416,0.040028900520842,0.112822061778027,-0.069267078885306,-0.118103936149824,-0.272037551332823,-0.240588053629667,-0.244119489601628,-0.0826627933331888,-0.111668432499623,-0.151663081708504,-0.186128567182485,-0.342221484535844,0.214877632076368,0.04031305475951,-0.197663756154521,0.047390802849094,0.0177537972835058,-0.0833724337160068,0.0343651556700287,-0.348452524011131,-0.401351455175082,-0.178992919237325,-0.118051219388073,0.0437243224903918,-0.25402201252712,0.255850332701161,0.256365285852856,0.0145403710444017,0.0446365019627857,-0.12773838451897,-0.240060177863518,0.273102106643288,0.0313683059425759,-0.0633165213968136,-0.18396342717798,-0.197292711772726,0.252500306217542,0.268852905307621,0.650141461191461,0.709885711126808,0.461294881723364,0.383956428282037,0.0836838020214957,-0.0698213428569457,0.617906707395989,0.206881342174476,0.0495462172274218,0.0821386276908323,-0.0651593992905306,0.059903100735839,0.0423236173534205,0.202098263586191,NA,0.633481645748134,0.105085328509235,0.152850159156505,-0.107340674435381,-0.205050020372942
-0.164384330355568,0.442492823669202,0.45507765261499,-0.150427941019972,-0.0093207957556579,-0.0326043067099693,0.000549114496728958,0.512390621671727,0.0067162510962004,0.150617834191865,0.125465727621593,0.0126060818960031,0.106784528422805,0.112834132394836,-0.116493984976599,-0.0100101484960453,0.137697857029722,0.0050480320906148,0.118641282061149,0.239129543956281,0.366871025703154,0.423764996392301,0.0326156283170003,-0.312285989042271,-0.205939508976512,-0.15330363727508,0.115578568775217,0.0729793765113685,-0.214919403571165,0.405291157779754,0.148883886698012,0.104205890738088,0.211865048316424,0.537919398247572,0.372815506102548,0.343214078517662,0.286787434610283,0.406960978717711,0.424266550221195,0.291071185408361,0.435192575215997,0.297803369257022,0.0851811853597058,-0.085524573135299,0.248348714649037,0.122896141104991,0.309375082806089,0.214639166087381,0.611446202576326,0.400732474982883,-0.0855846663751358,-0.121210947147009,0.22006460854144,0.455842114897664,0.220098012307973,0.289447718699653,0.391821869061981,0.326528070485321,0.259989601216874,0.299367273166163,0.0182129996489276,0.0366428076118453,0.321027017913893,0.236712888199311,0.276617614989504,0.474131392867944,0.268769774987837,0.34373278588083,0.130248618927892,0.0968903006966667,0.19000780964744,0.208261565850798,0.102950726419716,-0.184056438041529,-0.289165503643089,0.337421225634007,0.430432339591526,-0.0250367947398001,-0.170830537088549,-0.215754327898135,0.323742581423803,0.206676370794437,0.0178939165802936,-0.148636082980054,-0.263194419203823,-0.295822962508391,0.0741945412451929,-0.0672526091553315,-0.0571360263041248,0.429839150945036,0.117468067136264,-0.0626044254243077,0.128965199557112,-0.227708224628454,-0.287787071850233,-0.0897794034734224,-0.378822936395932,-0.363536132118269,0.250906663705207,-0.100114658536045,0.275949881417723,0.320543915117475,0.415980276627194,0.577781581861272,0.303582355537802,0.162484799691636,-0.256589057749059,-0.00663534855559699,-0.194535259922745,0.134547390625871,0.515208659335838,0.0911319539344281,-0.0850819519454041,0.00365482726116382,-0.407413690741899,-0.214846899026612,-0.036197728873378,-0.0846845163264176,-0.111664881802004,-0.0641660338942484,-0.257513718939493,-0.0718913964048896,-0.0812760749013819,-0.104128325788412,-0.0572958924964267,-0.0654172466670015,0.148228178624872,0.0870321694326838,0.0172573696563344,0.0651483943259015,0.401946140009677,0.348884082264192,-0.0925550314868518,0.130064001311829,0.0524501734582802,0.189818000195512,0.310494826498634,-0.000715874705660001,0.0314190868305618,-0.468223500040723,-0.152781747795395,0.229575809488416,-0.102598399382106,0.00345700511356818,-0.0336574306473514,-0.016111917075273,-0.0209482020583335,-0.228013386483793,-0.0171245851983236,-0.161975971735296,-0.17506838661202,-0.104691342106412,0.201138805339151,-0.196433282167214,0.229594094759093,-0.225871850039557,-0.170035607652975,-0.270749112372169,-0.0644958212185324,0.408104939868825,0.166301468181888,-0.130463728858168,0.340673925733771,0.404502200512115,-0.226909834374972,0.0948712183646365,-0.0971296962481303,-0.115329510290717,0.310733006871442,-0.224856407340865,0.315957995176386,0.276518629054037,-0.0473723081111078,-0.132540752895016,0.0542563624251622,0.246091857458304,0.363425183269615,0.168437774489259,-0.115890118597303,0.419425883015831,-0.0809226105431226,-0.419495040177435,-0.168936611645504,-0.19738075862322,0.456840176752819,-0.199274621508329,0.384114179727927,0.154084423246046,0.215637079407966,0.180364172350981,0.227376862172923,-0.117650552379066,0.238244035648286,0.0785994644827297,0.194571173740894,0.258894997067504,0.427126207889972,0.204846355283616,-0.198815609439413,-0.284494481137482,0.0902075269183831,0.199908131599873,0.194531684398329,-0.0552193948223396,0.217238797501669,0.149898231887073,0.519414788979322,-0.123741629340513,0.294843725707809,0.262609113350477,-0.0746599777926903,0.0930096998955213,0.264486582483928,0.129320786936089,0.288647076464936,0.261243696621181,0.325275976985904,0.0716369836430684,0.0714439406796252,-0.282499809884744,0.0511578008084909,-0.283580299337099,0.607172649758327,-0.0372322388829422,-0.0229437140135432,0.0186532370580456,0.350043103506717,0.342703396424344,-0.0289297518928382,0.456520962491344,0.136573829379019,0.138703653617111,0.399290611931074,0.274463951064431,0.237650677549195,-0.201554424233845,-0.332209240096566,0.563103083024202,0.345536136327753,0.102047214040727,-0.284395784590917,-0.294658328015368,-0.241834445908311,0.303444528902925,0.464960020823795,0.573356115490551,-0.0268383057752711,0.307577486882423,0.0679325176834885,0.0116742832866162,0.136496072765444,0.0315875578497145,-0.342757722223676,-0.00540941060136213,0.473294358364291,0.0921155575780831,-0.0311497952766987,-0.104434097884606,-0.336906185569963,-0.24483690519275,-0.232853918232337,-0.0464058548079841,-0.43163274752504,0.283625196363299,-0.0166164565793278,0.0833830852296612,0.204086864458317,0.280969721863335,0.373495504158789,0.53088221997724,0.0406028857000439,0.0508747518846237,-0.38363076040903,0.546163701567747,0.0854634870691566,-0.242285317713538,-0.0588652446636748,-0.0297970465378265,-0.153385517282483,-0.158939461497615,-0.121855497559919,0.140414545101295,-0.0191553106709309,-0.0795999547712803,-0.195630367955052,0.0698993364694592,-0.0955223886524544,-0.00551015118048964,-0.127173278049986,0.110436840970258,0.00555181820599381,0.19735976712672,0.335456925561059,0.0838169688671944,-0.0102186817684162,-0.0766540214231447,0.302071427561316,0.330650034900079,0.374767473056358,0.182465100183922,0.234431237934131,0.344820690304257,0.00839341719347747,0.035491905062996,0.160311405493506,0.177385861980869,0.111276134583884,0.279337140494601,-0.0781754275490373,0.0686984119257388,-0.0603878562011214,0.206015452226863,-0.0434566275484587,-0.0518059090177442,-0.26379787099353,0.0237048762728382,0.0491096652624442,0.230753803364614,-0.167856545377803,-0.0631705090513089,-0.206899506559051,-0.169926063767358,-0.203051724604637,-0.0170591504831092,-0.0180349736640617,-0.204518067037806,-0.265486960201546,-0.357926234598422,0.0965149082659859,0.205015629842691,0.0155651098143756,0.0572117082095841,0.0526327895887414,-0.0250925943198916,0.148955767526713,-0.195897649069931,-0.224254200059611,0.0816651101173921,0.0535585676643383,-0.19294967097878,-0.0185030677451217,0.325319351960032,0.293432195027174,0.00517788815130106,0.396228953314345,-0.0289371408147225,-0.287562107473105,0.271556286485302,0.0111594206777671,0.0549648640799551,-0.155881036921969,-0.0761340825911383,0.0239988229739901,0.0383211077343251,0.355658784223263,0.65126515855338,0.639659346214202,0.717641797596192,-0.200426887958421,0.0291095425764993,0.68131507960018,0.472712464187612,0.0374877197955833,0.071107050056147,-0.12864534756895,0.00375830493412718,-0.085590423604055,0.0297146114347017,0.633481645748134,NA,0.409712945131698,0.367149441095654,-0.042549884754647,-0.246179277382048
-0.239500832167904,0.148290620884017,0.302942664671579,0.0065106380937581,0.165664478523294,-0.0381022140618625,-0.154943979715059,0.306442229663479,0.187474757418646,-0.0378014058397582,0.242700288921779,-0.0811126933484544,0.0882392810961026,0.127102802041662,0.227739429955901,0.142627105138917,0.423436753713188,-0.0519469357276949,0.170314249193833,0.317336967292971,0.204048083068993,0.205697507129967,0.201920763467054,0.199204490510409,0.2238565240718,-0.247503911306383,0.216860359031627,0.0917900856159292,-0.163860906201941,0.404655133873873,0.192338150595841,0.0664516259032181,0.0786135972907879,0.350888157674326,0.239976794502534,0.153262404960266,0.252812873120764,0.110132049880969,0.16211606201224,0.161659869020581,0.286660271929238,0.204883059360184,0.215997965641795,-0.0154013832757805,0.119790053201599,0.0985004305997609,0.0497606152225632,0.107283992406289,0.455646518504226,0.183241471777157,0.248620285126375,0.159447703044596,0.0907432502503656,0.294018723055125,0.213995933702823,0.242085047461267,0.191833571941282,0.284509245839714,0.0723395861656577,0.0843282829900579,-0.0335122012404708,-0.0793087683424507,0.297549289624929,0.225202981511938,0.12693891670169,0.251319295893081,0.0511172339162875,0.216404804135389,0.234862405738126,0.00294579346232231,-0.015192582271784,-0.0328881965567504,0.0770409779198388,0.211035306133983,0.0350207824469017,0.142915773343928,0.135604957273881,0.313099234840864,0.254590767880288,0.169070555592197,0.408688511647749,0.197197587681965,0.262677168230309,0.280071094095474,0.140091651824262,0.037137102708563,0.325527686053638,0.389202617704981,-0.209514412404641,0.252452081689083,0.158070739209589,0.0857120429773003,0.134179855466387,-0.0833762444652453,-0.213272335480358,0.0521785498586156,-0.0717340348758386,0.0685260586190239,0.133604516593428,0.269115440409615,0.242981741326618,0.0509887627994653,0.381823032633078,0.402935417465054,0.446583598468388,0.425228528414502,0.12356458824912,0.0050209580619156,0.264151512864159,0.0966189604984765,0.363045763133136,0.498430994830575,0.289781418720537,-0.0149656672844091,-0.0472974448827632,-0.133120066368715,-0.275036799293898,-0.0622789292245588,-0.0225534071727144,0.149639915918177,0.06210073570221,0.0796526450166705,0.140980079535557,-0.0974831908940149,-0.0560992588064187,-0.0173050446152663,-0.0556905185528436,-0.0272213346143759,-0.0266781844218616,-0.085158519894125,0.34461103970921,0.525685157407272,-0.143775756224931,0.227620762465367,0.0925122576617711,0.186222187019178,0.339662854651422,0.34224845480032,0.193104732041146,-0.0638180033522882,0.0714968292167286,-0.133590099091325,-0.0453803284553887,-0.252257785785404,-0.023705400852961,0.00313254022622701,0.120757274813054,-0.00138461106131546,-0.00653757816721993,-0.0201464462310586,0.00369710277924071,-0.172506865310008,0.0512291226723108,-0.166023368903271,0.22092743358934,-0.0170994806183422,0.0248842189134538,-0.0649453423165517,0.136739649740237,0.450126260026519,0.0430474534885573,-0.388404441055978,0.374245384733271,0.194182330713112,-0.216762670640993,0.236930166367554,0.0429313668519515,0.142450747734048,0.507617991228286,-0.027190450857281,0.0287863176266184,-0.00958513125677147,-0.260238480351313,-0.183032266461889,0.417169921139291,0.308892335640637,0.361973871003541,0.0138076881946585,0.153023510958417,0.264147325845138,0.0414510519970576,-0.0593541970960685,-0.068884313777059,-0.274404410017182,0.390927107892208,-0.283463603909043,0.44070114930458,0.27851266357185,0.113167925691418,0.215441820126604,0.0854458195889887,-0.0110249628091793,0.163556360954214,0.150085842394521,0.144132206207993,0.48371441166496,0.383975631878792,0.438091772199636,-0.2603178497513,-0.152892511830399,0.167764224484267,0.261633369885657,0.238739976169546,0.0133945994545331,0.193705823587758,-0.0611769519811863,0.290662361075816,-0.147982885351999,0.343741522998205,0.464170838940798,0.239045787196166,-0.00280273629228387,-0.133551049968971,0.0450088413956861,0.0590950141953205,0.179050354515228,0.23805502324125,-0.0586815574585639,0.281124841016759,-0.287612549243435,-0.247355426565024,-0.197528846756243,0.543946384918666,-0.0486605244259923,-0.125932469845992,0.00488079065149542,0.32534737840356,0.107990872795329,-0.027046239296814,0.335953755463696,-0.107066288735884,-0.191026025810089,0.110222919852166,0.297790214211562,0.383669605736077,0.103963965160777,0.134175067487348,0.130150306628173,0.308509868995336,0.271150155277226,0.235220820171292,0.0140820279004507,0.0997486301196237,0.286977819230304,0.524451544885801,0.409231906876486,0.137945622189099,0.404956302826984,0.233532749393673,0.110039055521557,0.4399152265271,0.270507511404824,0.116857818933352,0.160420986367545,0.284057450176147,0.224191235428284,0.0914276484891742,0.177384618908293,-0.210246121090952,-0.0186589588949091,-0.078957876090223,0.102851017663177,0.0461369360138848,0.223393138435772,0.263286950750519,0.0301937055088795,-0.0170806544935591,0.274699151158848,0.247678010782797,0.152081388316489,0.328198924355739,0.0905079506014373,0.0662647989745188,0.628794350305198,0.382037895363132,-0.135110496138776,0.0455370080838338,-0.186463627347029,-0.236189408099953,-0.0780884723288088,-0.140253725847316,0.605877049298675,0.0842054465904274,0.171894617669109,-0.0566164090794752,0.147735781389156,-0.136675803405523,-0.124871439630972,-0.184546279556856,-0.170058044000296,-0.122193108314667,-0.0744877473932147,0.221951013554593,-0.0168382854149666,0.151212527640394,-0.0589195513977511,0.0391356215557914,0.365164782454402,0.245459291837626,0.118680613343657,0.11284683674344,0.0646359167448067,0.328599741699542,0.347010066598783,0.0999711313071738,0.188433911949127,0.272298074893293,0.280327301711361,0.228563943842604,0.00302729889393676,-0.301824888566326,-0.0676470540194229,-0.252837312024977,0.148152039384677,-0.395676601299747,-0.233791576568854,0.0123439774776499,0.0951080953081926,-0.247924901270898,-0.0403378124712206,-0.209292627374025,-0.307439768916188,-0.304366886447936,-0.198877766803253,-0.167631077435168,-0.204086127931069,-0.0632428425785259,-0.127828990131738,0.25228994365389,0.441131040293346,-0.198475092351242,0.0799376165792274,-0.0901110399706551,0.202295644347995,0.307726522106994,0.223873894581894,0.185343993367255,0.049994838674084,0.0479844291470088,-0.102373887842721,0.0617089644777867,0.0520072794453704,-0.0697969178273491,-0.00566496769622781,0.219610847604273,0.283871870099866,0.0766478883020305,0.0872477538391651,0.127695071562552,0.170813587249079,0.0191939798982736,0.00769032616260752,-0.238610445794062,-0.207931799939902,0.096320420466578,0.179382805643819,0.527166004262714,0.627279589517846,-0.054690045789223,0.127680447745337,0.33217906518111,0.399912836065688,0.0361309180868837,0.152436383859021,-0.0185777630883975,0.171595419909696,-0.172091861328355,-0.102995028587291,0.105085328509235,0.409712945131698,NA,0.499167836506026,0.0547450794359364,0.237592859714062
-0.509666377282463,0.320300088805022,0.4318200383587,-0.205543087072677,0.186232182273002,-0.29655731048573,0.022277986511414,0.166854328081738,-0.0915954126789174,0.193229949802057,0.0215406468831802,-0.216718320835679,0.00598277577708278,0.139247841007574,0.191342400858154,0.0556906530116973,0.26767546249209,-0.17533776932466,-0.0348183148189047,0.143137252792359,0.200850811633537,0.560128274231704,0.273950535096319,0.0265336233862983,-0.0706478026183271,-0.482166426019192,0.179884766217352,0.200667005921448,-0.299884132664829,0.284194666170155,0.292315523560206,0.114836279348453,0.263871919124675,0.510141678902931,0.279143245505697,0.387279869208612,0.276797452463578,0.272589884899746,0.253514452048336,0.195942979387955,0.368678389691188,0.236634970439695,0.319770536648955,-0.155977348820583,0.432459311857874,0.121388498904081,0.109081779872692,0.0978020138734126,0.423690981389104,0.280777643138843,0.25109798542705,0.218900590404288,0.0312623581887712,0.590508415140626,0.180615864280215,0.288673070558685,-0.0471550280960408,0.523103799464164,0.14082686892004,0.351259521414542,-0.0304043205144574,-0.442469857346034,0.175168615686276,0.194444623618819,0.224835917886502,0.390236898105494,0.192634754071737,0.262198116283783,0.217710369286643,-0.154675921630694,0.048695455363339,0.0808657870156448,0.0362327043108713,-0.0438914611056035,-0.223219186637066,0.038695370943641,0.208734793308628,0.106848741491358,-0.161146722507938,-0.143237996461573,0.216131274090429,0.206153892890956,0.0914444051203472,0.000383983034174729,-0.171270248176017,-0.209170775113894,0.232080258711653,0.0882100973920276,-0.347523422544001,0.185012166035464,0.230933655350411,-0.00374402003606483,-0.0325376040846984,-0.297538008326952,-0.318746868371548,0.0441774945668105,0.0553175405067265,-0.00982483872969851,0.0458778857147215,-0.0711823260921996,0.217606815647017,0.104884304851536,0.240897417017267,0.513271366077299,0.446954445590886,0.589302518692654,0.0203710404047517,0.0433382750751545,-0.040131940766693,0.559415690835951,0.328092598351866,0.330591056536786,-0.17311037067098,-0.0962278084500728,-0.095983478658417,-0.356143568056282,-0.120801845390852,-0.142998925975968,-0.092729042237887,0.0434425737422509,-0.0114300550002878,0.15671262781211,0.140569843378402,-0.309705914351203,-0.167020995818436,-0.120441632527774,-0.175290769557886,-0.0746556665744838,0.0547243865537918,-0.0460614610300739,0.268339112800817,0.328110201199562,-0.0305508111068686,-0.0113396362986457,0.0352758434389821,0.136403741509041,0.205253615981248,0.235833326279386,0.237622609041839,0.0582531420688642,0.106626334793695,0.0523330933111332,-0.18854939447662,-0.271061839458258,-0.154494127716787,-0.211966009780135,-0.103300072528275,-0.124058686048715,-0.0296748939143816,-0.246088275357072,-0.114874910005208,-0.327950620584199,0.207214440466723,-0.0359654111651141,0.305726524096273,-0.163219781981439,-0.00670465031842188,-0.103656707825157,-0.158542761370227,0.320610020053078,0.0487130503676336,-0.426861844690682,0.31293543792758,0.140474823082209,-0.351508938355156,0.253063896402403,0.0593470845946715,0.26760387306856,0.187506456111516,-0.190940434194157,0.0132728787530695,0.0202300136310937,-0.331280459818793,-0.160976676213842,0.296589730545698,0.215598419223614,0.169519774328984,-0.138295326212883,0.15103877568477,0.0985645016696628,-0.00927856282611541,-0.237080906327231,-0.209016947331353,-0.282295832835993,0.388293832562328,-0.458492641076591,0.34639181109562,0.17379066547155,-0.0515493271849712,0.31959505941475,0.306592330618256,-0.0611398471301092,0.178448801856973,0.0317122128338818,0.189163957295763,0.296129664747428,0.514892835722873,0.461102733148698,-0.127356548138867,-0.0177045272333307,0.224551483693361,0.22729867983413,0.259407281884026,0.164780896192986,0.140101812441025,-0.0747160737339946,0.407938283465974,0.20402017740322,0.12010223593645,0.426338809927902,0.115824084396486,-0.075792981844727,-0.0203496674595903,-0.065926217424308,0.148614346923466,0.274647261730028,0.205617727376806,0.00573480241063701,0.0576847540576059,-0.377219761735142,-0.588570342717583,-0.579821334323738,0.476630059128167,0.0939056446430366,-0.201665425122199,0.0356851598087563,0.157037955722453,0.144845500000719,-0.214962217333926,0.303806924524803,-0.138250312056453,-0.0195245640937849,0.10299907001156,0.243477857783036,0.449406746247768,0.110791176580874,-0.123525448759091,0.0781995160105302,0.296877131301323,0.138446517468424,-0.174720313803822,-0.164331834779642,-0.0105883027107287,-0.0095606232063043,0.383068396472631,0.318032501111225,-0.0221949150451162,0.151149897372841,-0.106422845572898,-0.0481638437752096,0.286782551024176,0.158387128214026,-0.163295902376063,0.000141380051040163,0.339987651163417,0.243888507126305,-0.122889173203935,0.0742198051605139,-0.138442110442263,0.051990626432902,-0.0205922098740601,0.0488850585756144,0.00669006719260529,0.00642514466084768,0.293740677769725,-0.142549190643832,-0.355459631910581,0.249620239729362,0.230638766323159,0.293429415041119,0.240835941550706,0.203262660147144,0.0860888621373933,0.327541932447522,0.110586568762182,-0.602365146984828,0.284717360931401,-0.14291434457753,-0.112133505827876,-0.128412181917886,-0.133578808329579,0.382025309559819,0.00954039668487322,-0.0111393363500534,-0.235433892219228,0.0275759622802816,-0.203093094608911,-0.11079923758463,-0.238239912612024,-0.207743919205836,-0.227889576242887,-0.128591107429163,0.324389317647612,0.0255595092956719,0.115565266087677,-0.166527958389094,-0.00229264235514443,0.262311085515575,0.310273396266559,0.152019555658315,0.206097225259846,0.29177890092468,0.207463584745268,0.135841911040732,0.337001128987146,0.1499959125435,0.230950751750056,0.204958158806462,0.0725132315729319,0.0621167102679606,-0.296681592408931,0.164673088629941,-0.0164751915602447,0.222700318152948,-0.256150611097058,-0.381469128420963,-0.196299801637098,0.338260544575315,0.0261619613092083,0.259764433846433,-0.342845213475885,-0.220336626349555,-0.240974316041544,-0.422233867267158,-0.139691090896631,-0.155587993001558,-0.0354968252477665,-0.18425935669879,-0.0795657937695655,0.35568697206952,-0.113361197507635,0.117542751696742,-0.0873728744394264,-0.0601003058695301,0.0598207029881231,-0.135072245639895,-0.107072260688032,0.363413455835093,0.189960239197498,0.0364410105828292,0.213646023284201,-0.00113994836639511,-0.116600972690527,0.154616848063209,0.272121577051189,0.251537838739395,0.115855666286385,0.103941587048797,0.0962305123867203,-0.0127726197046328,0.0264367659245951,-0.174335194841475,-0.00623064332879343,-0.110683730302577,0.120676562540136,0.136324794640708,0.40465920273587,0.444351912212136,0.135249717282508,-0.125976063080245,0.519465252635472,0.475174970676381,0.162685616648997,0.127184557483829,0.0190201833689103,0.278247277347047,-0.253737142713396,-0.0814111308838774,0.152850159156505,0.367149441095654,0.499167836506026,NA,0.218510689911581,0.00466022247765859
-0.0383347527578613,-0.230454711981946,-0.270413032481835,-0.189639862709595,-0.214668817264202,-0.190977868123914,0.120222841963212,-0.449287174832884,-0.0458177137934815,-0.00217972782744946,-0.269666132186451,0.393903337140456,-0.328463446370235,-0.321224567642701,0.00157057216118657,-0.235035302745102,-0.0978034897495987,0.109947454092606,0.369971218784478,-0.331109602632722,-0.0173585266503103,-0.032053017189767,-0.148294167060237,0.0340560484726939,-0.0300587135139269,0.0905811791314116,0.214699027173667,0.265846899740203,0.100127700617059,-0.057130100139885,-0.301930316800668,-0.42575061402306,-0.234259354370664,0.0393325917197029,-0.430403024727688,-0.348384532595965,0.0230370813213537,-0.300023765323295,-0.0342385253705868,0.0868324124159769,0.0628742986049387,0.145874798931697,-0.0232961631148888,-0.154207027608282,-0.203158510453994,-0.236627432589579,-0.19434891485715,-0.00914973149347951,-0.0520003079790141,-0.0455556685011052,-0.0258155790936141,-0.0296911619836011,-0.506421358662209,0.119448881516651,-0.0344434950012549,-0.023418123401531,-0.315944810988282,-0.216398161973427,-0.187719310628681,0.131635774273002,0.0125598946700435,-0.237203505581823,0.0629184801755673,-0.00775785059472566,-0.00827579938058598,0.0336249974494036,0.0773708088062324,-0.0291141616027791,-0.10546477430214,-0.196216514611063,0.0229506843441651,0.0514521144202761,-0.294260986955019,0.273124580351092,-0.229170735751043,0.202020834472489,-0.38776019489029,-0.0680128155192534,-0.0579552316288335,0.00206694583951436,-0.0494597341820432,0.0612511575718017,0.11813394168049,0.292694400838515,0.291522312936929,0.0323159262407407,-0.211377966509494,-0.0364105610706256,0.109382658269456,-0.336356604845692,-0.184827009387633,-0.110407336143271,0.0625606671316066,-0.0853669366979196,-0.299850682403105,-0.0914969575990805,0.0259668272371175,0.0528793407435081,-0.431885465535689,-0.0567631305663668,0.0980055586444081,-0.13389623305006,-0.0125881929201652,0.0586533312567049,0.117929579013684,0.117420666587014,-0.121909635616941,-0.352093333722081,-0.111926009039192,0.110657793300764,0.0233565257366174,0.0244246071173714,-0.0790393351585167,-0.101735250870183,0.0893072960370572,-0.03769614945557,-0.0994729983439766,0.0696528306897774,0.121298173301216,0.260557259675773,-0.121718503547395,-0.0721033445409102,-0.0264496749102312,0.0603904713286381,-0.0791723717574406,-0.320825055944348,-0.179046294107552,-0.445881859737197,0.0110218957387745,-0.0270689958596173,-0.153443120471755,-0.164284654055912,-0.0494175194728279,-0.214702093849812,0.250782278338774,-0.0303080784589852,-0.44941495262439,-0.256549074959521,-0.0196622604371861,0.440215306804557,0.149458784790866,-0.0934300427042731,-0.240346706047932,-0.297358618793756,-0.227595336781595,-0.264742732900331,-0.245702856632552,-0.0237519977056213,-0.0875470476091883,-0.0907720447773208,-0.0115240854382114,0.111136932178769,0.0113915731561908,0.0390735419287779,-0.126130033197466,-0.0220350313497052,-0.216491386045307,-0.00838732971665882,-0.250818871925028,-0.15126305732348,-0.0665149346858296,0.0177686476260287,-0.323079800595349,-0.270153034262558,0.0406914419978013,-0.273716464726275,0.084820608662676,0.356231187777388,-0.120070082222842,-0.165232402156297,-0.204817598015783,0.0305439387317272,0.265940394361209,-0.234051215029054,-0.165258443643788,-0.321857044804062,-0.447619728448273,0.0450028840540269,0.296783792689004,-0.0124879746894803,0.0977741864283679,-0.0555831933676516,0.0966278163719973,0.156129317216239,0.143677538321443,0.0847327733298846,0.119323400732222,-0.0995614748220564,-0.218769554932578,-0.360058609146701,-0.239355581029499,-0.108540154545264,-0.371793634401949,-0.140904815902924,-0.225391454818025,-0.234678409156466,-0.23597051440981,-0.0320495114806841,0.0281008759738301,-0.0834495526393196,-0.337113679460707,-0.10774150437727,0.204051329468877,-0.250138723364661,-0.0762918253218058,-0.0523749277316773,0.122819159713222,-0.0137753649023463,-0.247904344018823,0.109682982036319,0.15880211624961,-0.443145086348408,-0.14057284694457,-0.41666748770817,-0.0412654855667205,-0.489831996153133,-0.289276581063114,-0.0757715828947938,0.137338200964685,-0.128427120377372,-0.217334577386242,-0.0745848251201361,-0.139087699016431,0.0625324501599213,-0.192299255462709,0.0505043295585827,-0.0233340438617726,-0.433311446960515,-0.132020144510288,-0.446836520988755,-0.254504709446611,-0.226215797403817,-0.15326070926424,0.0822571719150428,0.141986461762995,0.225175423473744,0.0856255779477582,-0.115986457256662,-0.216001685946075,-0.104797951455347,0.0205856192782182,0.210946706515867,0.149470949929152,-0.1341661135031,0.0861377404346167,-0.0134808102449741,-0.0367236265233163,0.270560770508173,0.153330630574155,0.0675494803111294,-0.141894230956231,-0.256532100755331,-0.116947037184067,-0.0841874174611172,-0.0850274295655162,-0.318422914540766,-0.184389404466932,-0.149313828127384,-0.274039368096236,0.0755658998510514,-0.0161316851019801,-0.0819032433085605,0.225624366497206,-0.387769756681104,-0.150523345666406,-0.263075754782974,-0.37840171780603,-0.264497839619653,-0.292921227626815,-0.159323297651712,-0.0514744978627648,-0.0137301022890816,0.175583307743116,-0.0731132767758299,0.0123452075295093,0.0673916919369261,0.139656149251142,0.0415542543182564,0.0520408887610741,-0.103149627776008,0.0667087296846367,0.0410789989335571,0.158706515714204,0.0916315343732065,0.134174039989666,-0.0422424204722115,0.0709992516778519,-0.0506240611563506,-0.033548248653143,-0.244194410815969,-0.228114734539728,-0.262616496133173,-0.0901733570266429,0.299072227132346,-0.14921757510443,-0.178148876785807,-0.142775704265903,-0.131317872286531,-0.19794366120093,0.188997164683402,0.00314917094033265,0.0343077050516061,0.0724544937246282,0.104614577200099,0.299899053269056,0.0821941111187008,-0.38800889765635,-0.232471058031505,0.0704261115684339,-0.160279027657095,-0.272840213525007,-0.154051692583908,-0.0304235660322652,0.0168209688323835,0.0573199096988277,0.0397136266171263,-0.0494735247662421,0.000949932834721447,0.0555244357607028,0.0457491804298108,0.0155033170086638,-0.165142838384046,-0.0579752387871114,-0.0166772685610105,0.0893727475251274,0.0999814178152276,-0.000945485204898678,0.048445355329906,-0.0334411905055203,-0.00718620005598957,-0.178399190841555,0.146842487205769,-0.236159377781542,0.170095142110661,0.215199597454753,0.230103655264589,0.196008282764756,0.507315419508212,0.566420440981757,0.00633850671804423,0.264246870671781,-0.152120476479112,-0.217012763567547,0.107532834735785,0.197129790678237,0.37612372815723,0.378851087301389,0.194163192860189,-0.0431398955505006,-0.0699662223364408,0.112463229903076,-0.0729320052573518,0.131550214172373,0.103303406699044,0.0078641137805272,-0.239354230614852,-0.192444586940396,-0.120339348889816,0.0423563942309355,-0.0913321359137596,-0.211351166545018,-0.105020665374184,0.203897724164356,0.397685483608757,0.00759783250285711,0.00251413725579021,0.166873215903552,0.352630162279132,-0.107340674435381,-0.042549884754647,0.0547450794359363,0.218510689911581,NA,-0.0484560661568587
-0.111824044802048,-0.0721108847621334,0.115497460294184,-0.0500153783748189,0.0997168972407602,-0.265470200498619,0.234533784574466,-0.00448647704082751,0.0286688682799246,0.0497818517308793,0.0982828294320025,0.244502488892097,-0.00829187756513146,0.0391509681546286,-0.0230812047634171,0.0883777608761113,0.150783806251956,-0.19208280212166,0.237825907927611,-0.0222568641000675,0.192957203209524,-0.0305215301896294,0.0276721797505567,-0.0693810772251167,-0.101725066603208,-0.00819340179263729,0.073173591199322,0.142734569971873,-0.0374951916017117,0.00298617926886946,0.268839587732844,-0.00904183736779664,-0.356424391287948,0.14897191932461,-0.0750090419122947,-0.102296461014944,0.195124776897408,-0.0290540420455266,-0.0880137703189946,0.117119664868198,0.112065156793321,0.155014264071995,-0.0017943888529848,-0.177580909697063,-0.046932342495592,0.386421910453776,0.0366750932885101,0.376053927476485,0.181982163117365,0.0979020501517506,0.0116944281433332,-0.0914551573970689,0.0516072911576616,-0.193594313591239,-0.101028161399732,0.0270604736673783,0.134214264856924,-0.016986070426649,0.139461558138237,-0.231768789800206,-0.15981039511919,-0.219587617656101,0.0798357151761653,0.117007838139317,-0.0252661237125463,-0.0313327515285994,-0.171954741882913,-0.0864062974280941,0.0541586424260191,0.0472767270823206,-0.129579398762366,-0.275889657965131,0.0942743193188431,0.0950778743528328,-0.0764187870870363,0.0405649484444576,0.0646870255346355,-0.00681991459725225,0.127556311635626,-0.148235941983041,0.0885391952498485,0.214874007272993,0.0833424531695547,0.104927424550347,-0.105569746579087,-0.0168968195211799,0.0658078539217412,0.0649132980713817,0.199190074481931,-0.113435487722309,0.103328622717023,0.050535590357193,0.153128164138836,-0.0995085993996084,-0.0326720084425039,-0.256892082960875,-0.0290568734877272,0.146504970160835,-0.0913454468274106,-0.0873908756218526,0.105063750391868,-0.147453252606536,0.250441478121812,-0.0531732321796847,0.214418604236309,0.100322642852664,-0.100586906687697,0.0620269953988061,0.246580810199124,-0.0160943207581618,0.149608099561049,0.0923632210766027,-0.0811883648896731,-0.349036454958642,-0.212781595129726,-0.00431927164633842,-0.180996763503421,-0.0622558605414607,-0.0111103346853585,0.17053007171112,-0.0657668327611035,-0.249675581425757,-0.161819938646388,-0.0686599553163531,-0.0164636689033849,-0.115771925259419,-0.0577787043703461,-0.0873610809871288,-0.0231344705991089,0.0155336356762714,0.0657798093947227,0.0933243955707612,0.0305190863687727,-0.00717014218564653,0.0739346668106141,-0.0147773079695991,0.000923125743364238,-0.0483910709466928,0.0471130525742666,0.0247205807350594,0.0255097501417308,-0.231320163832923,-0.0758199780167222,-0.175061450805282,-0.0833613023660143,-0.142187923170391,-0.273540412063666,-0.224724345574666,-0.253941928668166,-0.00934194652361616,-0.118468758583239,0.029661369223267,0.158416788956152,0.0795254811267102,0.24732422850459,-0.0602072830894743,-0.234391139018458,-0.0397641624385801,-0.0788995406857867,0.0304798570742582,0.00220148047557891,-0.12396069469701,0.0951231124990848,0.0837603110166274,-0.397771536426242,0.157082469708595,-0.13002557209734,0.0993759932967544,-0.126370265406628,-0.315185172828594,0.094782743217366,-0.120440934968906,0.0849699553475651,0.0683013566376535,0.0703548674234313,0.0325133317031514,0.115213896519391,-0.0847997482168156,0.0649095350768727,0.255226122738922,-0.133828054100111,-0.111980534534235,-0.0578012187001121,-0.204553679739982,0.11073199543252,0.101402993502113,0.169425374623119,0.133398317094313,0.0609448303534786,0.0649369067465588,-0.260926119743516,0.0927195357844939,-0.084654848672205,0.00787151937220089,0.0261341741803333,0.342211020601283,0.207461454372586,0.0659567819437609,-0.136981785642566,-0.241329131050234,0.126800363575332,0.452191850080804,0.102843815725828,0.120057204611164,0.313799886635109,0.177964573924258,0.150330350003223,-0.158345445199125,0.0623651566743731,0.212795207733576,-0.0295176208175322,-0.0241699839479136,-0.172395321531753,0.0577732049522637,-0.0465245550252952,-9.55021251955756e-05,-0.0139832975028582,-0.148788181526735,0.101407088566604,-0.363490139807687,-0.0984227960448099,-0.282267164882713,0.144743931399123,-0.0484018036708153,-0.215073065985253,0.0309644510613807,-0.0168597000056268,-0.143225955369028,-0.120933106719352,0.0332991508055437,-0.0931634842003272,-0.145586922739928,-0.199111762346832,-0.158060409646767,-0.190263093137591,-0.0336848510871698,-0.332197571738877,0.218712781717685,-0.0484050538081325,-0.194346683199638,-0.217480283713808,-0.204049616637153,-0.181689681843247,-0.0706673784821648,0.167774320079899,0.211732420959499,-0.0627130268313893,0.163896469848766,-0.029622921676744,0.138514274464304,0.076531466637594,0.062175706721126,0.0376500155328241,0.135999308064265,-0.0662645576996596,0.0209744112593511,0.0705395915999134,0.0144835702067232,-0.107261042785676,-0.203664087736943,-0.258451684934756,-0.0997524914585499,0.139372086242302,-0.0120115958427317,0.00777872998536893,-0.239532829683379,-0.0444998324301724,0.13917638877506,0.0930924917432814,-0.212795580096855,0.212488348545309,0.0463317652853038,-0.0566679910539792,0.209924428658791,0.0953004069442965,-0.197187578702222,-0.2821599218639,-0.339911399090497,-0.00121622568173174,-0.0822463376512905,-0.0712639935023886,0.281727346815904,-0.105062215587546,-0.156614834479547,0.0128213781258595,-0.0163241649280099,-0.133357346720937,-0.173343206358576,-0.291136013337502,-0.118127461443563,-0.228294520849809,-0.164615029566439,-0.0129443287717962,-0.0668757391671287,0.0543636289366802,0.0295990680331007,-0.0051021871358574,-0.0551683425406387,-0.0921633790397266,0.137175741882023,0.0746810522729398,-0.0529556371367582,0.357186260897,-0.271728482207741,0.122111310506175,0.0533350319961976,0.136863803947698,-0.145039124314794,0.267994141850497,0.0311090742785032,-0.0582474848066052,-0.108317579902861,-0.201402568421725,0.0771850278599244,-0.282453043695003,-0.28794643884609,-0.126271090488217,0.0405996519993597,-0.389702222298311,-0.252115934685038,-0.220822681390721,-0.122820598200853,-0.270780645295428,-0.30195116849876,-0.247675441821951,-0.275263895671285,-0.248392376413148,-0.276118061971788,-0.245927148511112,-0.126515862445797,-0.0392099584403391,-0.198534341136527,-0.0539139794143503,0.366061133549516,0.25713306840542,0.146504361270019,0.356815861384606,0.0485474049834465,0.0596296545188395,-0.0636857739193409,0.12698628526698,-0.179242874005354,-0.0563746556255102,-0.020209140607196,0.0180311963706043,-0.0321648146837069,0.0776542876424392,-0.142706739190647,-0.396006502980833,-0.334399815368216,-0.341610476343362,-0.160036647642991,-0.0894087613528445,-0.268844380805791,-0.185727869164055,-0.183677104823093,-0.198733475489642,-0.125024264465735,-0.316267735111088,-0.0865830461805075,-0.134224484945122,-0.0322552467235734,-0.108180927967617,-0.133361240618413,-0.0213462125414504,0.0213274349955794,-0.144244585913897,-0.0474651570582844,-0.205050020372942,-0.246179277382048,0.237592859714062,0.00466022247765859,-0.0484560661568587,NA
